0	666	0.10212634131854034
1	643	0.13909329732595738
3	54	0.10332141853845248
4	234	0.1126357144450903
8	406	0.11311927248421999
8	669	0.11290981793067727
8	683	0.1067347542614182
8	686	0.11921843444060222
11	73	0.3377304204029207
11	430	0.11981017787940693
19	390	0.10312873717664812
21	289	0.1011322698903602
22	48	0.12317213676526707
23	382	0.10455902857344108
23	434	0.11690831709920074
24	59	0.1038084156813398
25	26	0.19559811776193853
25	42	0.10781981215023881
26	42	0.17744895744822764
27	71	0.17004262221904512
27	706	0.11536765790803041
30	551	0.24368229261176236
30	855	0.10197041703239122
31	818	0.10533553270335531
31	830	0.23541871133623737
31	837	0.24944127844905092
31	866	0.16257882010187907
31	872	0.19490969559703897
32	418	0.11858744463426643
32	551	0.11359905649027308
34	270	0.15822395023694327
37	38	0.18302514575539483
37	39	0.14642336233771452
37	40	0.21668788452301813
37	866	0.14275793866319664
38	360	0.12695931432895963
38	876	0.10798123139308283
40	363	0.10908055570495857
40	665	0.1132850976439208
40	866	0.10975349434337182
41	399	0.12205028975213725
43	660	0.11113118088711241
43	845	0.11360456594111445
45	294	0.10411657791492555
45	306	0.1168986988400604
45	591	0.18325214368216894
47	105	0.11329925752716992
50	407	0.1468107676227532
50	419	0.16337871358270212
50	573	0.1349778653229112
51	380	0.10168798592814857
53	338	0.1018168357241219
53	424	0.16492837057904408
53	857	0.12269783440512758
54	167	0.10393090325043197
54	642	0.10931229156001843
55	506	0.11087613815304796
56	318	0.12507564615943748
57	789	0.10911607458046432
58	251	0.11209372402667724
60	143	0.10237236511943015
60	322	0.11392021209693681
60	664	0.10366913642029493
63	64	0.17581724253318481
63	67	0.10499612637612554
64	67	0.16206617602668277
68	860	0.10295163056662836
70	215	0.12188635395225936
70	430	0.10461502278986712
72	78	0.10001130733439353
73	214	0.11761988355350197
73	430	0.12441323652919407
74	302	0.10130076410427592
75	688	0.10185565597156004
76	263	0.10160009462874718
79	537	0.21053952409262475
79	616	0.20434600941511524
81	130	0.12007880470986826
82	488	0.20067956887167485
82	498	0.12577331469862468
82	500	0.19896376105362937
82	506	0.18342047909818845
84	85	0.12460518026735232
86	91	0.12396385662993474
86	495	0.11327545900666583
88	324	0.20404900951025573
89	94	0.15165077575362856
89	325	0.14891710916671663
89	751	0.13874452276055627
91	831	0.21021769880459026
92	325	0.18443906013638878
92	753	0.3395244429265759
93	460	0.11369922370515999
93	461	0.12649922537178088
94	325	0.1427301747785869
94	411	0.14183243188470532
94	427	0.21787886113775895
95	516	0.11781614889772962
102	105	0.2686389938201844
105	114	0.11365138703564685
107	163	0.10523190332598831
108	139	0.11653267440883963
111	257	0.10965763401096607
112	210	0.10480578718656061
114	680	0.10265395270728861
114	766	0.10294211393665431
116	312	0.21599600647569975
117	852	0.11243786405830582
118	789	0.134266560792509
118	842	0.13303933299250162
119	604	0.10131699046396214
120	158	0.1779447957655962
120	391	0.10826225379795192
122	137	0.10635687376209492
126	128	0.1584338984850768
126	813	0.10896381993432794
127	328	0.16998015674088537
127	804	0.12849468178705956
127	813	0.12233027952382841
128	801	0.11751727827745174
130	618	0.10530949977559433
131	621	0.1158888330207327
132	469	0.13541721575978682
132	492	0.159580191531949
132	757	0.10197879983485472
133	282	0.10235560606267406
136	137	0.14672022988088548
139	766	0.2459936806613715
140	769	0.1449152999328991
141	213	0.11254662718591944
145	846	0.11540523860283704
148	545	0.11904209889476912
151	420	0.11168916085378143
151	696	0.10268464476747316
151	847	0.10642726832201282
153	680	0.12890974082855844
154	167	0.1497661449052704
154	686	0.10137821084092521
164	288	0.1469497675662534
168	183	0.12533570803191946
168	265	0.11058738137428448
171	256	0.12373077631522757
172	179	0.2253813386632076
172	491	0.10267621613434087
172	658	0.10226124641980144
175	178	0.10616840413478124
176	180	0.16764246062753152
176	183	0.2704027711039202
178	182	0.19425760937991884
180	315	0.10751219835237165
182	380	0.12547001633310595
184	264	0.17009408680636107
184	614	0.10069532606781399
185	625	0.10836048294386973
186	235	0.13968587233799842
186	246	0.10454580672870531
188	462	0.10011827606774959
188	656	0.11243750311247534
189	543	0.102969583140716
192	251	0.11988767062955824
192	799	0.10246319519385783
196	857	0.10798954938186912
197	201	0.15234838504827616
197	206	0.24879790901214804
198	243	0.12671213004387652
199	203	0.10291723527915658
200	204	0.2901673293151794
200	208	0.21165895666834558
200	582	0.10364831258846659
201	206	0.11765349613130288
202	207	0.12417758849949655
203	375	0.10359604772404299
203	450	0.10697192559002035
205	543	0.12172628163584949
209	496	0.11784030144300746
210	240	0.10045690051846769
211	326	0.11659778054402468
212	213	0.10048846253160905
212	769	0.11742465489284863
213	251	0.1083312810288501
214	430	0.10748667125058674
214	483	0.11051545741368307
215	471	0.10543597986529388
215	491	0.10148514545345125
216	340	0.1179672190578754
229	291	0.100042182538965
229	440	0.10355191507715619
229	679	0.10317171367922244
230	598	0.18481570680513618
231	482	0.1186230648115037
231	682	0.1062093911711643
231	686	0.11582122051190857
232	300	0.1007076113356713
232	486	0.14040954694058128
232	726	0.1080040831392486
234	454	0.10518928804955197
235	675	0.1001416688877637
235	804	0.1509254853560488
236	831	0.3216414449119056
237	461	0.33440551295838833
237	835	0.22517886509089985
240	620	0.10076854110620362
244	696	0.11268257818632958
245	493	0.11019999143686855
245	539	0.10493744929318799
246	321	0.11697803793189274
247	759	0.10975057084272323
247	868	0.10026564904206742
249	510	0.10825355405955955
251	587	0.10867790917056501
255	606	0.10434166611914289
257	258	0.13536606837752888
257	834	0.1253679836118952
259	496	0.11298962623392293
263	502	0.13787780548302453
265	539	0.20107793875049595
265	616	0.16092514542886982
265	760	0.10886030768639442
269	273	0.26250624934144445
272	800	0.16903512487499409
275	647	0.11961950974452208
275	737	0.11450336147080607
278	510	0.1083326848048711
280	296	0.1045420291602617
281	469	0.10631052767850803
287	609	0.15988627054880544
288	309	0.14704247638323784
290	292	0.10034983407507647
290	312	0.11993547603961066
290	773	0.12638821601526132
291	295	0.11016473903973956
292	422	0.10758575425509691
292	672	0.15031970980636025
292	713	0.11172086939149695
298	805	0.10998668691974538
299	309	0.23399444511307266
300	826	0.14043081755943476
301	557	0.1114932174010443
306	609	0.12419563577803017
308	483	0.14580860913667149
308	491	0.12080908502947577
308	568	0.11632715473915714
316	743	0.1103015471938833
316	838	0.1020170031271013
318	739	0.10024650067006116
322	470	0.1055629299611093
324	874	0.10446452252919805
325	408	0.20157140263507775
325	423	0.16240666578213542
329	652	0.1362463199328996
330	807	0.12571816137559097
333	540	0.13549563934404915
334	674	0.10131435994984177
344	428	0.22869543769633888
344	756	0.13337991698129315
344	861	0.10477760412022094
346	505	0.109018938211615
347	487	0.12238436339726985
348	704	0.1146632537541775
356	555	0.15609381682268447
357	362	0.12707848121705068
357	814	0.1061945735426609
358	363	0.34368713832565273
358	436	0.130149242252718
358	837	0.10009919072493563
359	361	0.15282641903205704
359	362	0.1324055282042365
359	806	0.1808489332696881
361	630	0.1331186039609601
361	802	0.10689474737488065
362	610	0.10292953982197454
363	522	0.1293509310611641
363	555	0.12238747318417209
363	754	0.11399176360787289
365	371	0.11247242093920636
365	375	0.15410032959101685
365	451	0.12249539702536538
366	380	0.10726101765340458
367	421	0.11770951458788029
369	380	0.15836025436596995
370	652	0.11192351485486314
370	654	0.10932494249190045
370	656	0.13947421104287086
371	451	0.10063748494889757
371	453	0.13877714704172003
374	549	0.1378557777386217
375	450	0.18601227683475072
375	653	0.19937220753035031
380	473	0.10805958065855535
388	635	0.11039278502767676
392	774	0.14762715105232513
393	542	0.20760904325902768
400	621	0.11078912041932029
400	774	0.10995002295470407
401	588	0.10705211140934683
401	596	0.11791086720111355
402	873	0.10428886976470442
403	787	0.14303311776984795
404	470	0.11619877786445962
405	561	0.10817899581805125
405	869	0.10230386642948036
406	501	0.11038563758963153
407	573	0.10021006074165
407	823	0.11450916068912485
408	753	0.20618638911604198
411	427	0.31673924703170336
411	624	0.27849673055595753
416	417	0.1424701508228665
416	788	0.1032068543889249
416	824	0.12665731680013104
419	573	0.20963284372688357
420	780	0.12389658280487874
422	462	0.10283228027169612
422	463	0.13157688673108417
422	483	0.11895787378775345
423	751	0.13035138483353984
423	754	0.12302948039724806
424	857	0.12206967183124026
427	751	0.14545192432183626
427	755	0.17158978107633738
428	519	0.2561359669496113
429	797	0.14120923834529403
429	824	0.23383732845859206
431	616	0.10540932161408045
432	832	0.20326135471436052
433	447	0.13021503550726207
434	444	0.16138653413242107
436	499	0.12432377548875426
439	441	0.23023214085858998
439	447	0.326657105295225
442	714	0.10143970549887732
444	710	0.10335998400801488
446	730	0.19278681776441262
450	453	0.2034193182089141
450	455	0.15065907117019217
450	653	0.18848995949380196
450	654	0.22171999193630673
450	656	0.12153553708775014
451	652	0.13726437694388918
451	653	0.1322595208501213
453	455	0.2596858517366915
453	653	0.10422856898009501
454	457	0.11101594484349579
454	488	0.14766409746614467
455	654	0.15547989152483452
457	487	0.19542866840318013
457	488	0.19917175698266415
458	543	0.11680375747428659
460	833	0.20873303394172601
460	836	0.1732364116286289
461	834	0.13094225800663248
463	692	0.11552926601149485
467	468	0.23437206230928395
472	516	0.21977167165848863
475	495	0.10141443622855763
476	478	0.24441447183252374
481	721	0.1120011217763805
481	725	0.13156256522921936
482	487	0.15059715634770798
482	488	0.18084989449549713
482	505	0.12043913116858063
483	484	0.10293607086256462
483	491	0.1732114939217701
483	568	0.11890834310244258
483	723	0.10631350983528907
484	485	0.19727232078922324
484	486	0.2109801992857017
484	511	0.11184775119731453
485	486	0.12109181779675542
485	491	0.10264255002917008
485	869	0.13205434111086972
486	489	0.14500634308559804
487	676	0.12354160648514843
488	506	0.10621473670238352
491	778	0.10507356671468956
498	500	0.16902187305704197
498	501	0.12010514590556629
499	799	0.17721930720925047
499	866	0.10073726774586346
501	505	0.1879379480758793
501	506	0.14561216592054022
505	506	0.2642682793970339
506	669	0.12708556607935143
509	661	0.10408737315201197
511	677	0.10064118890880674
513	768	0.13876102354947098
522	754	0.10878056939727249
524	698	0.19059532735183576
524	701	0.10129612155032493
531	534	0.16645673311876893
539	616	0.21468620404958977
540	805	0.10012614624395655
543	544	0.19541893737175398
543	550	0.18605219499405465
551	855	0.11486099064173386
552	750	0.29092023312358517
552	777	0.10249820816705352
552	778	0.11004228851427789
552	799	0.14208461123318117
552	869	0.10022316272064079
552	872	0.12250147473716859
555	879	0.11650025798876515
556	761	0.10122550434027755
558	638	0.14333035340892472
564	623	0.15451546193015409
564	816	0.10076468593026804
565	566	0.20782570564899275
568	570	0.17313791417989016
568	576	0.26738232508240306
569	579	0.18825635221521506
571	659	0.15212233995223334
573	823	0.10448723568220747
573	824	0.11197689629202595
574	575	0.17463036131737658
576	577	0.17085734520432638
576	580	0.17162516997623004
580	587	0.1524817004946274
580	734	0.10117237044436819
588	596	0.19012409543087344
588	844	0.13855313617295348
593	595	0.1261092796227385
599	754	0.16155840743937624
600	603	0.12729961884568197
600	843	0.17819958223773005
601	659	0.10045298534306722
605	606	0.19273998696355601
607	612	0.10499130901929321
615	749	0.10202286879008458
616	633	0.3296101120110974
624	751	0.1357670201190846
625	810	0.15311398362081172
625	825	0.17029371444395394
626	629	0.26474972679114256
633	770	0.10903627707883934
638	811	0.16600398748114686
643	777	0.14119594135535984
644	843	0.10306792786824895
652	655	0.13225280107075957
652	656	0.12661089031173506
652	863	0.10902780628457366
653	655	0.30606942803277487
653	656	0.11375848253640528
654	656	0.17680224131245328
655	656	0.2779569841100062
655	863	0.11120979922699631
663	786	0.15821056830193475
667	824	0.11173836712772534
668	813	0.13657598116741773
672	869	0.1107295651134435
674	679	0.10940508157824978
675	676	0.11887018296296786
676	816	0.1439303583240648
677	816	0.13591034543567806
682	683	0.10242937005635082
691	694	0.1789692740657353
699	704	0.1283110843664788
699	707	0.132306743836152
699	717	0.2830831195278481
699	735	0.12177776158695439
700	708	0.10235474746142598
702	731	0.3285183319864567
703	706	0.12707651481062646
704	709	0.12110227498626208
704	717	0.15390317782879218
705	708	0.16376970551053607
706	713	0.2692031118559067
706	719	0.1010081681411713
706	788	0.13575628483950028
707	716	0.11444704443964723
707	724	0.25262922036990215
707	727	0.1903290359249634
707	735	0.2787273867639048
708	731	0.21367110942871617
709	712	0.20171066066819543
709	792	0.1197789216382683
710	735	0.10291167570471113
711	712	0.11658807537350022
711	713	0.25586016570998105
712	715	0.22354405448924203
713	715	0.17744698710917822
716	717	0.1264615569413597
722	723	0.3199705130798642
724	727	0.16068175941335747
727	735	0.2797491442617755
730	754	0.1155388262085729
752	830	0.10067160071604032
754	778	0.16613121626161123
754	864	0.13609152463615248
758	788	0.11011857066025685
762	772	0.2397981747231472
769	771	0.11081427309018779
769	867	0.10110433971158825
784	794	0.25792368143192973
799	872	0.19682810390172722
801	815	0.28480368918124105
804	807	0.15067213805709548
804	808	0.3966351249572059
804	815	0.12611496130101274
807	808	0.12116865312138288
808	813	0.12545884977130184
815	816	0.2699096426012643
818	837	0.3125502368752121
818	872	0.10220889188889655
818	879	0.17582137132948747
820	827	0.12370686998161153
825	873	0.10411268086363751
828	842	0.1444845695846418
828	848	0.318675472353098
828	872	0.1761420631813644
830	864	0.10250218368146383
830	872	0.13923110777634576
830	879	0.2329141362312021
833	836	0.2687893679816171
837	866	0.2011911895139292
837	879	0.15959415313086633
842	864	0.12373587144046316
842	872	0.19216992324175325
842	879	0.10501804138351963
848	872	0.16520100329419213
851	857	0.12846500746283987
851	862	0.1505650777614344
