2	430	0.1296665907342184
6	337	0.12085937405804587
10	825	0.13027626461093078
11	452	0.18616319813865628
15	598	0.10383907580350892
26	520	0.10571879646148831
26	533	0.1421416741575018
30	862	0.11514847313982006
31	436	0.12018998701916112
31	866	0.18779814677550336
32	551	0.19930242329616343
34	518	0.19045827767402115
35	516	0.10336306381183963
38	799	0.11091563123604439
41	399	0.11282798855100334
43	847	0.12586276500008028
47	102	0.13837409270748216
50	416	0.134992682621554
50	788	0.11302998434210056
50	824	0.11614287000092402
63	64	0.26730295346840927
64	67	0.1660385267042095
65	66	0.19630307217821807
65	67	0.15351906451511063
68	71	0.12507128774222803
70	523	0.2805728365026279
70	756	0.10943472949294228
70	822	0.14919243061138707
81	130	0.17384794329246636
81	618	0.27648246484415917
82	454	0.2222660956024276
82	488	0.17441807231979042
82	490	0.14960618718728766
86	459	0.1111526675194334
86	733	0.11542348669848965
89	94	0.17563239300173578
91	322	0.10547113718637287
92	411	0.2148903998944286
95	162	0.1067841598310368
97	234	0.10192176778778683
97	503	0.1079100635778637
98	108	0.1667181893416895
105	139	0.10956519015124226
108	139	0.12323257374346978
114	846	0.10077278787484423
116	290	0.11238000475503458
124	551	0.12829291987163507
126	127	0.13166014592495376
126	330	0.14914877164643764
128	330	0.10311012038406309
132	244	0.13246361857704664
134	737	0.10148403242905582
137	165	0.10215274011968892
139	766	0.10183831411573403
142	679	0.10976524894020562
151	318	0.11832354197032885
151	646	0.10162716743604717
153	204	0.10257955197894039
168	798	0.11109609573768793
172	174	0.1054594807408061
172	489	0.12383273194884852
176	180	0.13871249244304829
178	182	0.21437017671308586
180	183	0.14565824410867112
180	456	0.10001066847714914
184	279	0.1709236100168627
185	825	0.10947883148211557
188	452	0.10563974676650806
189	200	0.1635268887119235
192	779	0.11479562246006912
193	205	0.16117577921470908
195	206	0.13187804518379703
196	199	0.15862707206829896
197	201	0.1906999076855823
204	208	0.3724634243170033
212	536	0.12551409446927725
215	491	0.11327752641059757
217	832	0.10194996700873388
220	749	0.12460382976842449
221	401	0.10090132252052567
227	233	0.12526761349632282
229	777	0.14702892635119777
232	726	0.15567369090533292
237	460	0.1542924820766453
237	461	0.11278506854474955
237	835	0.18304769699833395
243	799	0.10716610580455611
244	246	0.16310332681257972
245	431	0.10170539836089126
245	539	0.11298993582484577
257	258	0.2033057433464409
265	537	0.11882507456194104
268	875	0.11698409551990624
269	273	0.20317218011542992
271	274	0.24130805866111002
271	473	0.10863963039459093
280	300	0.22643409020549352
281	562	0.10573421074799516
286	632	0.11608334816734212
287	293	0.10614273410733421
290	521	0.12452581581321877
296	821	0.10241230558165676
299	309	0.13091689592576067
299	709	0.11390161135655957
301	634	0.11277425064346933
303	646	0.13583782000701894
304	725	0.1197801839120062
325	427	0.11209119932663691
325	624	0.10157397940948083
325	755	0.10623422770059808
329	453	0.10826405136072706
331	698	0.12623241321714315
346	482	0.10121933695668107
347	707	0.10251035531541008
354	592	0.13709002339875664
354	593	0.19889059281506322
357	361	0.15462704913682734
357	362	0.19628873472257352
358	360	0.11162476864125401
365	528	0.13077948102146014
366	380	0.10345704840391941
369	380	0.12672021184096074
370	371	0.1862791014291158
375	450	0.10268210598776865
375	451	0.11723143159769565
375	455	0.14075891288695605
376	543	0.11700975124229192
378	837	0.1003644353489217
378	842	0.17006469235463637
378	864	0.11922229590238606
378	872	0.19077036833401328
388	829	0.13097169886465082
393	542	0.1523076676618567
398	452	0.1445153081935111
404	474	0.10118663779128763
407	416	0.21127680221223086
408	423	0.12986633870447598
408	751	0.10449432174587472
408	755	0.12929881792443454
413	414	0.10520034784109507
413	625	0.10896314764629776
414	639	0.11021562156423419
416	429	0.17815807987360485
417	429	0.20598979490098457
417	792	0.11462366809534327
423	751	0.16396297037324203
424	630	0.14316995036160332
424	857	0.11902473931177307
426	665	0.1256061706694989
427	624	0.18428042654090204
427	753	0.10062321913388664
429	573	0.2503983231259461
430	523	0.26310957574732374
433	701	0.1515426796042679
435	438	0.12721135045692245
436	799	0.10396093878596961
436	828	0.1782431715835323
437	447	0.11325767091537324
442	714	0.16509623212520833
445	447	0.10417904912749502
445	712	0.11362863888217029
450	453	0.11130519421166213
451	453	0.1360649326279362
451	652	0.14800905346982257
457	490	0.1588157331858396
457	498	0.15700700009358967
460	835	0.1272209554975512
461	836	0.10676717598637861
470	495	0.1277180443101387
472	516	0.2215432759235955
475	701	0.1186533489735737
481	721	0.13455805335823218
482	487	0.17579980867388476
482	488	0.14025574198967616
483	484	0.2292313879821671
483	486	0.24760599097512176
483	678	0.11679502802392534
483	869	0.26868111538175876
484	486	0.11684746176169471
484	491	0.12785371314237365
484	511	0.10848913469569822
485	511	0.1023921697045436
486	778	0.1166523914192144
487	500	0.10327172966815605
487	506	0.10448178446074838
489	491	0.18323945465087382
489	869	0.1624813691646615
499	830	0.10816466232228754
499	837	0.10718779747942526
499	864	0.10357116282792923
499	866	0.1267125906567362
501	505	0.24152465118124314
506	669	0.10867192111025578
522	842	0.15243220125106452
522	848	0.16030552916011814
523	822	0.18334459436535697
524	732	0.14516679498195623
528	653	0.10702987615956933
530	535	0.1009342103673329
537	651	0.1257832617243542
539	651	0.16513769570185308
547	550	0.1529612841766318
552	750	0.16250948042389005
552	776	0.13413120643358856
552	872	0.10597393983634909
568	576	0.10572268970840114
570	580	0.18378461946979963
574	579	0.11133801633564351
575	579	0.2916100630190211
581	837	0.11279212681140353
581	879	0.11748240549082638
591	592	0.24017154977585933
593	596	0.1259963612283502
599	752	0.42078137704146523
599	755	0.10211137869820701
599	778	0.14725070641668184
601	605	0.10787830598029557
601	606	0.17007877624202014
603	843	0.10013407467738811
616	633	0.1297398532194233
617	654	0.11384784775031544
624	753	0.12220887583067805
626	629	0.10777157909705282
640	642	0.17070515522371435
643	703	0.12913053639708058
652	653	0.23350618929996034
668	808	0.10016550617788984
669	682	0.2134582968749439
671	679	0.13399038266704558
672	678	0.1468572620500559
675	676	0.19470167285227383
675	815	0.12466260601203472
680	764	0.10662067866209642
701	712	0.10030844072190757
703	712	0.15378947632492543
704	710	0.213872798340206
705	708	0.1046606853992499
706	709	0.19564872337686012
707	724	0.30137039463793003
708	731	0.12716613088174705
712	715	0.145700343166053
716	717	0.1314982975325893
716	720	0.16575157289103504
716	727	0.14514070339206797
716	735	0.16262315808608785
717	735	0.1974440693689302
722	726	0.2550837488386972
747	796	0.10895871764513937
750	864	0.11212994926853671
750	866	0.14074054863906044
751	753	0.10304392303189928
752	754	0.12899871426810705
754	776	0.10167991686909349
754	830	0.13334619829863126
761	762	0.20766307146376833
784	785	0.10689676864613568
795	796	0.11315142563292623
799	818	0.10078303881131165
799	864	0.11856370836232381
801	813	0.1224169533523625
818	830	0.13226566474091572
818	866	0.12529799881786768
828	864	0.2917515169318339
830	837	0.10261563971366813
830	848	0.10162078281842449
833	834	0.1590077481621268
837	879	0.1365308216381309
842	879	0.1219446638008332
856	862	0.15228247938362932
864	866	0.11553685060120056
