0	465	0.1307564462353309
2	523	0.11671031551515677
3	54	0.10887983259782297
3	425	0.12763838714500786
3	642	0.1427447704796736
4	466	0.16088522925145765
4	503	0.15106172820510586
9	702	0.11927153897622109
11	452	0.15938966788754538
11	788	0.10541802745594206
11	822	0.1665356752060656
18	188	0.16846858988694674
18	485	0.10614046259831782
18	862	0.11923522093470036
19	637	0.10677629486055705
21	615	0.15032272559237295
22	48	0.10480519875819723
24	159	0.12390965170880922
24	477	0.10374461395779698
27	71	0.3062511253751662
28	603	0.11466484309872396
30	551	0.32744661845534945
30	640	0.10043459903237206
31	436	0.16130763653729357
31	848	0.21488716823112883
31	879	0.24185892015636448
32	551	0.11460200218687923
32	767	0.1057727337095045
36	424	0.1071448003107082
37	40	0.1970760536229171
37	436	0.10497494009795567
39	360	0.11414799123916228
42	520	0.11290425132144334
42	649	0.13049374029100358
44	400	0.16739481750165797
45	837	0.10827725538687233
47	98	0.12710735709954152
48	51	0.31927477913313274
50	407	0.1140570558457041
50	573	0.15629707884933886
53	424	0.1795772527356539
53	857	0.10687141020211417
54	425	0.2518502398194934
56	177	0.10602622802850341
56	548	0.10651492592689318
73	430	0.13286145046174958
74	733	0.10877025726399264
75	146	0.10772517657602036
75	414	0.10108227643778862
79	245	0.23091257850754088
79	265	0.11930397894700275
79	539	0.1108705077397954
79	633	0.15816244871279223
82	482	0.18061852989702407
82	506	0.1522877501968135
82	683	0.11152036100350311
86	831	0.10688856613802969
89	94	0.10788403049455249
89	408	0.12291370657709776
89	427	0.21749838756044954
89	751	0.14229547271092075
89	753	0.12897306319242396
92	411	0.1102177131924654
92	624	0.2067267958135423
92	751	0.35484198345490414
94	427	0.14706233912463762
94	599	0.10263628400510226
94	753	0.16361667346276496
97	666	0.13661961604639694
102	108	0.10776357262310403
105	139	0.260403218839022
105	766	0.1328901599095575
108	764	0.1237247518661766
111	258	0.12108220403634624
114	764	0.16193961044851257
116	773	0.10274028156571392
120	158	0.16957232954077361
126	128	0.18877012186793973
128	676	0.12397229038183533
132	186	0.10384421746598897
133	186	0.10378001681893516
136	560	0.1159267766581921
137	434	0.10839658737753441
137	562	0.10253432677769952
139	766	0.12749107721758404
145	380	0.10026437862515904
145	393	0.17180341520004108
151	234	0.11880078873225396
151	646	0.11551679441361659
154	669	0.1399171880481176
157	424	0.1907029840489237
158	777	0.10654187707705833
161	166	0.14443242274075804
162	163	0.11293509198879988
166	363	0.10628739044402309
166	522	0.1197435247051857
168	245	0.10879242094001408
168	790	0.10177256591097783
168	793	0.1053108206028899
170	418	0.11011606811559986
171	174	0.18161389544549456
171	180	0.1273889987349693
174	176	0.17883012870573387
177	178	0.26272054247275056
178	838	0.11661503582658456
179	397	0.12838521199344158
180	183	0.2063599049848219
184	579	0.13074140502909154
188	199	0.30695995661305797
188	876	0.10570374991182582
189	200	0.20464386574144017
193	847	0.11484919317096845
195	197	0.138824565146485
195	201	0.23051876205683366
195	206	0.22137910895136864
196	199	0.1969319075876618
196	203	0.2319163884961835
197	201	0.20743126086654762
197	206	0.19892719443677295
199	203	0.1953449440412309
199	430	0.12109174499816865
199	541	0.1079764043872931
199	822	0.10260522964951772
201	206	0.1582887278957324
202	207	0.1676533178328638
204	680	0.10595750258890321
205	303	0.15088170849568364
205	652	0.10795128133805576
211	213	0.13941733946557777
211	278	0.11327506646820115
213	278	0.10975247804351232
222	728	0.10077256073044037
223	762	0.11110298922504332
229	775	0.12988093972236042
234	503	0.15414497090343376
235	564	0.12985128051437775
236	459	0.11203439284898191
238	733	0.10738282157650796
239	264	0.12182316873472153
245	265	0.25268638766435414
245	651	0.17716427261524859
247	868	0.12122665928809631
255	491	0.10133515910156388
257	461	0.1266377686671225
259	633	0.10633337036951701
264	279	0.1454133673689262
265	539	0.19332495715972867
265	633	0.14134154380371908
265	770	0.10233924407398005
267	538	0.21672902329178953
269	270	0.15328626328970635
271	473	0.10875115118296054
280	397	0.10410058357467959
281	632	0.10352584294284738
282	355	0.10004823487122286
287	612	0.101740372579739
292	312	0.1351248640877735
320	352	0.13034026672889823
325	753	0.20412506689379725
328	677	0.10483222521300087
329	652	0.16409745443059973
329	653	0.10343576883779843
329	654	0.12174822426507005
329	655	0.10612164586606199
329	656	0.11735636240824944
330	813	0.1054595258293738
338	733	0.15929537014174117
344	392	0.10537027012612879
344	519	0.19873919272811602
344	756	0.25943910154170907
354	591	0.19611199929266715
356	848	0.10228054634801018
357	361	0.12953555491045446
357	362	0.1496066553553147
358	850	0.10199513629292231
358	872	0.13206202244529788
359	362	0.22051230139938405
360	552	0.11340378995711439
361	806	0.12208032596355647
365	451	0.12111412603258032
365	455	0.15057678121863455
367	511	0.1388656850360556
370	371	0.12990417837600204
371	450	0.17828832885654777
371	455	0.14476960892073237
373	724	0.1071021099902903
374	376	0.10465045178689945
375	450	0.14341035455275694
375	655	0.1536745187235898
378	522	0.13019924205748565
378	778	0.10338195472214162
378	842	0.32961169686328273
383	805	0.1035563917301043
389	398	0.14017452905388655
393	542	0.1714826935190603
394	396	0.16774062411258187
395	557	0.10681047805873821
401	588	0.10384996024090563
404	621	0.10555093863321767
404	841	0.12532641633313046
405	483	0.10642750091107613
406	454	0.1576501167068035
407	417	0.10622345646205364
408	624	0.2932850285817432
408	753	0.10756006764307599
414	520	0.10176423703201593
415	612	0.11160163728311726
416	419	0.11883415398117307
416	824	0.14288118444274236
417	429	0.1111310309588094
425	640	0.12419266490174896
429	786	0.10086288690324073
431	651	0.11223253890002653
432	832	0.17083421542338387
433	445	0.11286880583733866
436	752	0.12266527726500445
436	872	0.1431495893877449
437	441	0.18001576450325713
437	701	0.19705340012033876
440	775	0.14220922137710384
444	710	0.11459316824591124
447	712	0.10723846583010889
450	451	0.1698748590968691
452	523	0.28955332784673965
452	822	0.11759506161405539
454	490	0.2374393992594154
455	653	0.11553746444364314
457	487	0.21965595373740995
457	488	0.2636207417985822
457	501	0.13216638974081463
459	831	0.10188017603507817
460	835	0.1328205701839483
461	835	0.15076567091523357
470	868	0.11385599718905026
471	515	0.14060052115283622
482	500	0.2549634873006344
482	501	0.11561848231848486
483	485	0.16407905526826042
485	678	0.12353699831180942
485	869	0.1585383572158857
487	488	0.2737498576914965
487	498	0.17547959758249967
490	500	0.22228626457614234
498	500	0.10399213574708223
501	506	0.18080944658898734
501	686	0.10433839907950583
522	555	0.11791701369359503
522	818	0.1709068882041923
522	866	0.17237994078249155
522	879	0.16143601260282645
523	822	0.15041539733332318
531	535	0.11017323895034428
537	539	0.21375369472635813
537	651	0.1408231139659893
539	633	0.402753909078188
543	548	0.13389361707101388
551	640	0.1300982890393697
552	750	0.17958833494036236
555	818	0.10805712439862725
559	561	0.13886629649565793
563	576	0.11968989345136374
563	580	0.11538418566058979
565	579	0.1317678541185718
566	574	0.13409100101747357
570	587	0.22037050554494325
576	587	0.1673526226775011
581	799	0.10698836954343743
591	595	0.13243985492168353
592	593	0.2042140186049175
595	596	0.10282232473743139
597	636	0.10245824250382554
598	604	0.11587757753298066
598	765	0.12205899407099341
599	750	0.16338399439638668
599	879	0.11493761989190625
601	604	0.14379232203957643
604	605	0.10127364996012196
609	612	0.1576382343152565
614	743	0.10485159362063655
622	775	0.12426083378328692
624	755	0.11311367366917119
633	644	0.1557063308739633
642	718	0.14762054975834846
645	844	0.29019823371763775
648	705	0.10373147751159077
652	653	0.14262423379180525
652	654	0.17661440767805284
659	774	0.1301632925242653
663	667	0.19460234865046935
667	788	0.10234290478716226
667	792	0.13538958439470872
668	675	0.1125777379796948
668	676	0.23002952705196386
669	686	0.10874919987474481
675	676	0.11300867969709145
675	677	0.3103145510355514
677	807	0.11935383053884686
688	695	0.14559072241551213
698	763	0.11457681658258406
699	717	0.25272295165759634
699	720	0.1168898505172152
702	730	0.23216555355248591
703	712	0.13365150698196354
703	713	0.2094193592745
704	724	0.1831269442957073
704	735	0.17574038079935062
706	709	0.11252454389717516
706	715	0.10270553302673457
707	710	0.11332492293688459
707	735	0.2536217174411187
708	730	0.10323971962322123
710	724	0.21698608208777484
710	735	0.11644504192999343
711	715	0.16756906276443084
717	720	0.14246474268881015
718	723	0.11993771755892102
720	724	0.159198726825704
721	868	0.14159136148296317
730	731	0.18497700279433113
750	754	0.10718620063075822
750	848	0.1563283346945934
752	754	0.13047920205440802
752	775	0.10511758792629401
752	776	0.14821911810493948
752	778	0.10143950517185991
752	799	0.10450879483960172
752	828	0.1124966114899974
762	772	0.10464053279121877
776	778	0.11177292552409047
776	799	0.10716567671420414
776	837	0.10526640457546399
776	842	0.10284042470436577
778	842	0.11092769640203344
778	864	0.14445545258666928
784	794	0.16008812976683665
786	788	0.12672786067782998
787	798	0.15924534853561267
799	830	0.2827781105545213
799	842	0.17249903786345683
799	866	0.2605183899069247
801	808	0.3636785552359888
802	814	0.10175266825995481
813	815	0.280700589721824
813	816	0.10708886371463483
815	816	0.10978449246071785
818	830	0.20331941758267916
821	826	0.19438723904648667
828	848	0.17168446812532534
830	842	0.11598683425196268
830	866	0.11459968384082038
837	842	0.10706015125893716
837	872	0.2619738699561128
840	841	0.11137271905468779
842	866	0.1168604855335758
848	879	0.2487855903833899
851	857	0.1906185831686829
855	856	0.17841512321404113
864	879	0.13278372289594995
