0	302	0.10682357916388883
3	642	0.10330456031964533
4	234	0.10718837228669019
4	465	0.1184420506568712
6	87	0.1014336065409341
8	669	0.16678645030247452
8	683	0.21463795902105687
11	70	0.10750917364472752
11	822	0.13853118111142468
14	99	0.1015154638298593
15	598	0.162418558830548
18	489	0.12336381413586651
19	390	0.12348196453194572
23	28	0.11526348241117959
24	698	0.1350291054111433
29	542	0.13232679572274741
31	166	0.11682549884830853
31	436	0.15260885255849435
31	499	0.1360428166639185
31	750	0.1562986962266153
31	864	0.13234295228710566
32	551	0.15049652180057504
34	518	0.1193545732665921
35	131	0.12407900825469831
36	157	0.18486903968999657
37	38	0.27132488477021693
39	358	0.10829318203542175
43	51	0.10816288005805147
49	279	0.12049284500127655
50	105	0.11542358963136617
50	419	0.1061998564814485
52	711	0.10408840084610893
52	770	0.10069483805683914
55	346	0.1019197508500245
55	348	0.1426062682494539
55	659	0.10756311632456161
56	153	0.12299853107505511
56	527	0.20777239246129978
61	825	0.10759449576854377
68	715	0.11386569613798646
69	72	0.2048481395190172
70	452	0.1694714259353564
70	822	0.2522559120174296
73	430	0.10779871246569153
74	401	0.1701092792477798
76	208	0.10118059829585836
79	539	0.25661696100793724
81	130	0.18960834956075887
82	457	0.4013964220556991
82	488	0.11230701981805093
83	331	0.10928318917095278
85	692	0.1677505958736347
86	459	0.1011947902764401
86	474	0.10553070229069793
87	323	0.10808494707207675
89	423	0.11789812518333027
89	624	0.1647732877708789
89	751	0.13577978144152256
89	753	0.16266797699796987
89	755	0.12912808906199535
91	322	0.11754745106702952
92	411	0.1527812711984576
92	751	0.1718687006463855
92	755	0.234668779403749
93	836	0.16061240130383878
94	411	0.10111080199534088
94	753	0.10573788089133832
94	755	0.12087224523416494
95	301	0.15167542826468075
98	102	0.12246045238536038
102	766	0.1506740665316351
102	823	0.11445255494951509
102	824	0.13131307848323953
103	137	0.1036984838835771
108	114	0.1023045981446394
108	139	0.2883523870631421
111	258	0.11306122866882891
113	748	0.10042909683373387
114	766	0.10866399015616997
117	587	0.1060429877075143
117	765	0.10110904163376261
118	397	0.10165841509853268
126	328	0.11931114953220597
126	668	0.1348579232105388
126	675	0.10035734159888496
126	676	0.11157431657484845
128	815	0.14873293776650534
131	839	0.14141197157329152
133	359	0.10561645935582067
140	142	0.11674546793293192
140	769	0.1405745292432115
141	814	0.10649146375209925
166	499	0.10123249177929952
171	174	0.15146663731399157
172	179	0.1859927153676229
172	483	0.10462458894366178
172	489	0.10603768703156816
172	726	0.14376580970349942
174	183	0.12798804879636266
179	489	0.11500708477739731
179	869	0.11013790299438085
186	421	0.10157544561088186
187	202	0.11459116039011064
188	196	0.14577713821109425
192	251	0.16266470076977382
192	780	0.10480179063556812
192	876	0.12031501702629245
193	370	0.10801934703622812
194	196	0.11267494703270643
194	484	0.10317889328857616
199	203	0.20170532211932107
202	207	0.11316077896732613
205	847	0.11396143245234455
209	412	0.10413324950081632
212	579	0.10155593971319038
214	483	0.15211202924890496
214	485	0.12573049410240306
214	869	0.19312088966533655
217	353	0.11607364327341312
230	427	0.11192450369849892
237	461	0.10012189449240089
237	834	0.10765337116181437
237	836	0.17634276339281496
244	494	0.10566806183569118
246	494	0.14768759444051374
249	568	0.10158185349056933
256	338	0.10680028315710464
257	258	0.11597064126429363
258	836	0.1070292890928729
265	537	0.23778711153777707
265	633	0.1252635771257376
268	875	0.10554973811028787
269	270	0.1495615543129667
271	473	0.1012802335411097
274	380	0.10800489325923826
275	647	0.10926796906386539
279	536	0.10441405123645049
280	296	0.15245158426610306
280	300	0.10629672361110123
280	821	0.18032902008338456
285	295	0.1158111063742249
289	481	0.11092149088141129
290	422	0.15331032181550056
292	773	0.12240370212481513
296	310	0.1222426844914428
298	299	0.1148803385850109
300	821	0.1301619838629677
300	826	0.15502153475815827
303	845	0.16444288452015476
305	594	0.14786329990955582
312	422	0.12305707962956156
318	451	0.13086140720236406
318	455	0.125275627936135
322	865	0.10702661474786404
325	423	0.16089264909887088
325	753	0.13870675973307744
325	755	0.14349337630828612
328	330	0.2415939610967226
328	676	0.17352078400109427
328	807	0.11590104709645992
328	808	0.13307021829998839
329	371	0.10033247953317072
329	455	0.10077365659505028
329	652	0.21917295204843512
344	519	0.15238883465026185
344	756	0.13567334873705333
349	351	0.12622246675673918
356	828	0.1004764969413699
357	361	0.20062073273261483
357	362	0.10179120855510727
357	802	0.14148851519739553
358	363	0.201705707899496
359	362	0.13592215962861293
359	630	0.1516317633583458
361	802	0.1157068541697932
363	879	0.12194602952805937
365	370	0.15961418220757673
365	451	0.15975428611859194
367	421	0.2799644664003756
370	451	0.11907290894774172
371	375	0.17945017177402856
373	380	0.14040464599965002
374	376	0.1248484453106381
375	653	0.1457668429634768
376	544	0.12115983830945981
378	799	0.15386580488666338
378	837	0.10998579075969891
378	864	0.197698313915113
378	872	0.10718649350391261
380	548	0.11784860162145246
380	709	0.1253339706972635
389	398	0.10397668953398838
390	581	0.10000303012669062
390	621	0.1563940023082212
398	680	0.10945162840227235
404	495	0.14025025020254803
404	841	0.13560296587008747
405	659	0.1065216707710959
409	770	0.1197320321341612
415	612	0.1430478706226098
416	573	0.10180779873488938
419	824	0.19211544539082187
423	624	0.2865539967203101
423	776	0.11179103378617239
424	630	0.14115724961231269
425	642	0.13775395813843166
431	616	0.10816377681994609
431	651	0.19537464643675806
433	437	0.13542671970328427
433	445	0.1632481162153879
434	717	0.10643980365189747
436	552	0.15133722106119052
439	441	0.20304857551109745
439	701	0.16258517508465167
441	447	0.13460403021389125
444	716	0.12974055664691628
445	447	0.23824662924364476
445	711	0.1736370163291535
453	455	0.14372720769969988
455	652	0.15831256547208153
455	655	0.1833663040712224
461	833	0.13446505700655353
461	836	0.18024165954191823
470	868	0.11387596820045091
474	707	0.1080641131815057
476	480	0.10447989277559097
482	500	0.10155971058051075
483	485	0.21533339814466793
484	485	0.14681223451825784
484	489	0.13926934468129729
484	491	0.1411357229397613
488	490	0.16524252274712106
489	778	0.11080026129301891
489	822	0.10055983446112347
493	539	0.10179335098408644
498	500	0.14781494328794936
499	522	0.12797633838258346
499	848	0.1509166902718779
499	864	0.18268996695895068
500	505	0.12687582326095675
502	662	0.10039928193600396
510	839	0.10602980512736121
522	750	0.13141066718951108
522	879	0.19013432866607327
528	652	0.16570200583508085
531	534	0.15423270290866867
537	770	0.10966647897145146
539	651	0.12871205550156015
543	544	0.21182285554527513
544	547	0.10733919631233355
551	640	0.11141983847217873
552	750	0.11247850001503291
552	752	0.1582457351135131
552	754	0.22952011931152178
552	778	0.1034251045078157
557	865	0.10239912733271009
559	621	0.12453395767640053
564	677	0.12322263076538015
568	570	0.1278447912061434
568	577	0.13142101395208197
570	580	0.1264859511577504
574	579	0.1380753600116704
576	580	0.1368480629388775
580	587	0.10435588542513992
586	733	0.10575799025328493
591	592	0.13649353715839038
591	593	0.1377423642729045
591	596	0.15129036049432748
592	593	0.16237103378904136
592	595	0.3561740886652823
594	827	0.10401594722251262
599	750	0.2495731509020995
601	605	0.25335215687551377
603	843	0.11902753289341088
605	606	0.1849437111772754
609	612	0.1472989344059281
624	753	0.1653678290736713
625	825	0.22079420056109264
629	631	0.11727422205238956
630	856	0.10215238242088741
638	811	0.17508503653296045
646	845	0.13767328585440874
652	655	0.12430042457226259
654	656	0.12055541661867993
655	656	0.18731127408236686
660	665	0.10115406033817644
668	675	0.1674443327905296
671	679	0.12791478178892365
672	678	0.2232748619778633
674	679	0.10923596377107556
675	676	0.1017462388970388
675	677	0.10540696523323577
675	808	0.10643962093722727
676	815	0.12455104231348924
677	808	0.19311998401623018
699	704	0.11594166977304578
699	727	0.17558082160701294
701	709	0.10500590783689234
702	705	0.13798270929107767
703	712	0.13797113786879506
704	727	0.30991507986511246
704	735	0.11538684978877381
706	711	0.1664794138510631
707	717	0.11936214733475972
707	735	0.2012882214298677
709	712	0.11407419028088996
710	717	0.12512092167789746
710	720	0.13878555217577387
711	715	0.295323393542023
716	724	0.28891543610438225
717	720	0.24269731378127907
717	727	0.134678800654145
717	735	0.2554524510479735
722	723	0.16810431578850907
750	799	0.10778153166363083
750	848	0.13413743596105632
751	753	0.1467288516995241
751	755	0.1639665116248846
753	755	0.17651846717749659
754	837	0.12918830649195948
776	778	0.2853105213732266
778	828	0.16981801597934318
778	842	0.10890994565241777
778	866	0.13725491813785096
782	787	0.11553407498600839
784	797	0.10280957790363839
799	864	0.17133825163254382
799	872	0.15808031056566466
801	807	0.10655532869438936
807	808	0.30957967564306804
808	815	0.16128727311946928
818	842	0.1353583491337823
818	872	0.11736781206468501
823	824	0.167096823769917
828	866	0.11330696070270793
830	837	0.3485736301722663
830	842	0.2847835768491637
833	836	0.17770872120435188
837	842	0.16214581842694986
837	848	0.2509001594811758
837	864	0.2586687363053964
842	848	0.20815776311625764
842	864	0.1726455384270833
848	864	0.22950810586612191
849	853	0.14633720008379683
851	860	0.10418711032474993
855	857	0.14564141745429832
856	862	0.1007580600571224
866	872	0.13888752871826104
