0	181	0.1065517652169675
8	231	0.10480401729954897
11	430	0.11503841334636296
11	822	0.1332647695799557
25	42	0.13990996766732863
31	378	0.10862909749480129
31	522	0.14606454134641625
31	752	0.11463059670053574
31	754	0.11887958401497546
31	818	0.20056454721041014
31	842	0.23945493801985246
31	866	0.12846671506631388
32	425	0.1108775065158989
34	518	0.16419721390366768
37	38	0.2050151775489369
43	48	0.1903761208195768
46	47	0.1115003048592807
48	847	0.10124746664822076
54	640	0.10829560315901067
56	543	0.10117387814655285
61	185	0.13224732980324116
63	64	0.1679672015430197
64	66	0.1168146703771993
69	469	0.11659570918085294
70	398	0.11005458509195684
70	523	0.10796910591319676
73	523	0.13117218791530733
79	431	0.1622473081196486
82	454	0.11316181925802575
82	506	0.1093442401329209
89	423	0.12116705368585963
89	624	0.1762474301829238
92	94	0.10252061697017467
92	325	0.10591966094117977
92	423	0.1093476157715811
94	751	0.19351483906561331
94	755	0.13484069624412245
95	632	0.1029907424510714
97	503	0.10092423562491029
102	105	0.30562702546983406
102	139	0.21115476802611488
109	112	0.12824534352020933
109	211	0.12385503325027536
118	284	0.10659620212722967
127	328	0.13897413602439918
132	621	0.1186414518819993
135	140	0.11648727246716824
142	565	0.1228417085990099
148	545	0.1418863914811521
151	779	0.15359420148705594
153	373	0.102020281824294
155	389	0.15541373834157432
170	638	0.12288264286362852
174	176	0.125653103406338
174	183	0.11229858885915145
177	182	0.1515755381543609
179	180	0.14064015228867108
187	202	0.10348315019813974
193	205	0.12181405049266156
195	197	0.16678706109095262
196	199	0.19719120630861398
197	201	0.1406437498702202
197	319	0.10410848031031993
198	202	0.20350387978594697
199	203	0.17158216850214306
200	204	0.22770061413065243
202	207	0.17660552230426188
214	215	0.20897540224130334
214	587	0.11621500399148924
214	672	0.12337862889723493
216	494	0.12849458207449105
218	227	0.11469533428771467
222	260	0.11491627444733529
231	669	0.13118037988212453
236	459	0.10232712047193131
237	834	0.13739998875632434
244	492	0.23097884223270723
245	431	0.1351645314124758
245	537	0.1453755769364036
245	651	0.17007911144929638
246	321	0.13812555339329446
265	616	0.1464207082021448
271	274	0.164800439461537
288	298	0.16653690137717025
290	312	0.16413211554101503
293	309	0.12019453628012934
296	310	0.11050252552821725
297	311	0.14684030913829357
298	299	0.1327303465202701
302	635	0.12216477057859244
308	672	0.10764510310943706
311	702	0.10254972411924994
318	450	0.13588224028786602
325	624	0.12196220696679928
328	676	0.10208898267299651
329	653	0.12290605717790896
338	765	0.10312307691693336
354	596	0.10749492599676051
355	476	0.10244666364606746
357	621	0.10006471098318047
357	814	0.11320334474713975
358	360	0.13892504080770285
360	363	0.22018413016502075
360	555	0.11804523346584704
361	362	0.13389010039036106
361	806	0.1775851675697824
363	799	0.10256346463679278
365	375	0.2251522885955498
365	653	0.12536632523392638
369	373	0.21672257647230508
369	547	0.11345574145601402
370	371	0.14406238290212758
370	450	0.1423844530712494
370	451	0.10995600113513833
372	702	0.11130187597965507
375	654	0.10446434170550424
376	550	0.12011533437719388
378	848	0.20446153806625528
385	867	0.17235288050897107
388	635	0.11491836119719151
393	542	0.16601172012298368
401	588	0.1908893085760564
406	488	0.1016391282550416
407	419	0.13732987379479328
407	573	0.10972763916166277
408	753	0.1767463815759211
408	755	0.18747972563667173
411	540	0.10738785118260737
416	419	0.14721676924976398
416	823	0.12483793860503103
417	419	0.1041371711975095
419	823	0.10051287512440299
423	427	0.16650535108707154
423	753	0.16287970445644837
425	642	0.16898077678455442
426	601	0.1103275099970707
427	753	0.15016599755895493
430	523	0.23586415553837284
431	537	0.12548100003766688
431	539	0.13408636830206463
431	651	0.13424190823456078
434	524	0.10185950144150324
436	522	0.12141649269461204
436	864	0.13045723874115292
437	441	0.11722717616846963
439	441	0.2313094020376848
439	445	0.15829279252702072
445	701	0.13474646202799173
445	711	0.12914314362740978
447	713	0.1457882586215248
451	656	0.1171222135358444
452	822	0.1503256123710996
454	482	0.16451549460159307
455	528	0.13050986595084174
457	500	0.1790773455943273
461	834	0.14078229872193787
461	835	0.12402324383871563
476	687	0.1428495939072894
482	506	0.1059285181568404
484	489	0.12066508363991338
484	491	0.26698272440550386
485	486	0.14742608471303967
485	869	0.22005441849312693
486	489	0.15877137931009624
487	500	0.13270111396294407
489	672	0.10231235436466626
493	539	0.13375157279286484
493	651	0.1397918753756725
499	776	0.16828621369116548
499	837	0.18005589266278466
522	837	0.17769228839882434
522	866	0.11640575537855195
522	872	0.17386393297946015
539	633	0.2340013740624038
539	651	0.21493110607943122
543	544	0.1833073570793317
544	550	0.19197748617711
552	752	0.26274167434119405
552	776	0.1609835492534392
556	761	0.1058152128796947
563	580	0.12017262941444802
566	575	0.22751327649182856
568	580	0.19995394080381867
569	579	0.10708037193977324
570	580	0.13480628945207832
576	577	0.1457589116567972
592	596	0.12751055026621955
598	606	0.1448419910552392
599	750	0.10429540080391597
599	754	0.12675530937270807
599	778	0.12447737464701841
599	866	0.10640751790215036
601	604	0.13224985603448203
617	696	0.2239987416051383
660	665	0.2302600371125804
668	813	0.11026395240734582
669	682	0.1550949317798007
676	807	0.10996419150002877
677	815	0.11294191064470052
688	695	0.11766612298468966
699	727	0.11166558393053184
703	713	0.1041480188407901
706	712	0.13069708172681863
707	716	0.2037395587017986
709	711	0.11570106938579305
710	717	0.18791603230910497
710	735	0.17842978946079407
712	713	0.12063332066857846
717	724	0.13161351614041877
717	727	0.10914875467973702
717	735	0.17204100035967199
722	726	0.13214643584148078
724	763	0.10000042637048656
727	735	0.10906716064936206
750	752	0.13488598863549583
750	848	0.10307981023772196
754	778	0.24065058480937684
760	768	0.12248314368887944
767	771	0.16727284154351582
779	780	0.14510864535768472
786	792	0.1407982612249065
787	793	0.1305902999437943
799	828	0.1332335474560453
799	837	0.15039566158879233
799	872	0.18105006706747284
801	807	0.2386635688007077
804	807	0.13691559598637731
804	813	0.18983425775893828
818	830	0.13777970429872105
818	842	0.10415191842993327
818	872	0.16697680354829178
823	824	0.14223299643418086
828	864	0.1395181462496774
830	864	0.1239981576362302
833	834	0.1529432757222392
837	866	0.1658066441232435
837	872	0.2545446203877413
845	847	0.17095211830356982
848	866	0.10116410483740493
855	857	0.22173319150973453
855	862	0.1893977273028714
