0	212	0.12154792654976959
11	70	0.13364307429220448
11	452	0.12211268826675241
23	698	0.10791497269698
30	32	0.1092489854061644
32	551	0.16016178170373577
38	39	0.11160876094073188
48	51	0.11438751193312578
54	640	0.1902760198374543
56	544	0.1269222710128817
56	547	0.11621976683932582
56	549	0.11260897419921106
57	354	0.11655622620819146
65	66	0.1498435715665668
73	822	0.11350186307351787
79	537	0.11240789674875899
81	130	0.1846377999770486
89	753	0.10050262657900322
89	755	0.14581257551121848
91	322	0.11235182238638428
91	831	0.11471198353623481
92	411	0.1716345579046402
92	755	0.18406381415777118
94	230	0.11802829538340164
94	599	0.10113115253425427
94	751	0.20250687675258294
94	753	0.10298809511578409
95	162	0.10221533631583363
98	108	0.10700371626708005
105	824	0.12359244399033778
111	258	0.14759298217131586
114	764	0.1727642767673516
116	292	0.1441676784392593
117	150	0.10213200527026635
127	128	0.14682831429402576
134	588	0.10249637500268417
139	766	0.12336263042439119
153	369	0.13068266270477952
157	630	0.1543393075763585
162	163	0.15419464950198847
162	532	0.1010081023627125
164	657	0.10259821619487926
166	378	0.10448920923281317
171	176	0.1429557361872656
177	543	0.12938516316865595
178	182	0.12284158465184299
186	216	0.10046036555948692
188	203	0.1070359139618933
189	200	0.1150484318211287
193	205	0.17868310025420334
197	859	0.10337043203231633
200	204	0.12316085083058537
214	485	0.11607461337152096
214	491	0.12890563709742414
217	432	0.10299123686460697
230	598	0.11389637563233779
232	458	0.12378825564961012
237	834	0.2906118516173609
245	651	0.13083001723669888
249	253	0.2097695293157248
265	537	0.13681971698655332
288	298	0.24019619912793913
292	312	0.137923916669861
292	521	0.11710547939519711
294	612	0.11380742303023385
296	300	0.14059673125800012
297	311	0.10167458519620345
300	310	0.19127535692700512
303	420	0.10625728648652849
308	491	0.10620375620972361
310	594	0.11214609400779572
311	731	0.12033735720873975
319	321	0.11987319010903158
325	427	0.17036574391936626
325	755	0.1354295136511386
327	512	0.10859791182169477
327	817	0.11957161081677939
329	450	0.10932903449886198
356	499	0.10648130408517856
357	362	0.13518209894417366
359	362	0.19011815042214542
369	380	0.17998076041294794
375	652	0.10809017048586711
378	499	0.22958166166938426
378	828	0.16843615281198354
378	848	0.200549024769762
388	635	0.13110685825039783
406	506	0.16036024654155803
407	416	0.12094548110256947
407	419	0.26161283316611705
408	624	0.10858450641426219
408	751	0.22657647596546654
411	427	0.15406684359915318
417	573	0.22828162296170532
426	665	0.11058444471051264
429	573	0.12441216427137548
430	463	0.11275164630772443
436	499	0.1895104572005891
436	818	0.11621698506964082
437	439	0.10858022195150256
438	572	0.10094396064261367
441	701	0.1476602977354389
442	714	0.11045808893570709
444	717	0.10026854800073323
451	654	0.1005734273819286
454	482	0.1126691292719136
454	490	0.11440731165281262
454	500	0.1407795989262328
455	655	0.16601690867278546
461	833	0.19367486457356545
461	835	0.19729011047974176
470	636	0.10069348983198484
476	478	0.1292534011540957
480	687	0.11678265394361668
481	721	0.10141715672676115
482	488	0.14637935318427725
482	490	0.1845480697838342
483	678	0.15945062642821634
484	491	0.23197805588196474
485	486	0.17083115720383477
485	571	0.12808908226192642
485	869	0.15371067494271937
487	488	0.1737405218597797
489	672	0.10758292563706871
490	500	0.14038991618429508
491	869	0.24621407310630058
493	539	0.24757382502223604
493	633	0.11489121347107147
495	636	0.11884810071918739
499	522	0.17516218023788716
499	872	0.11670097809290295
505	506	0.13727356000799348
516	871	0.10801134237253412
524	698	0.10400063772415923
528	655	0.10999048311896362
537	633	0.10464687645302412
544	547	0.19234588759412724
544	548	0.1626172057754311
552	599	0.12385234289203705
552	750	0.13122367692573714
552	842	0.14696239951532472
558	865	0.10755116688434743
564	677	0.10333510137598143
569	579	0.13788881388500362
570	577	0.17519312225122255
570	587	0.20417200487492237
573	786	0.11220266879654729
581	806	0.10795344843956643
588	763	0.15709671249801258
591	711	0.10738446368580558
599	848	0.12069396738810581
600	843	0.11789500745319292
616	633	0.1344737740762155
617	696	0.10298988931131631
646	845	0.2607134939056623
652	653	0.26899906927845463
652	654	0.14423675130348648
653	654	0.11353092305422693
653	656	0.12923970852590685
665	862	0.10739141796234385
668	675	0.325404530385784
668	676	0.10956516092490048
672	678	0.18596656074134388
675	862	0.11748541033240731
676	677	0.1155758924968045
691	694	0.11222472740116096
699	707	0.21502131080114745
702	705	0.15963259831634405
702	730	0.1316354896556871
703	711	0.19890941174181204
703	715	0.15164522006858386
703	792	0.11678661710205168
704	727	0.1247355530052655
705	708	0.2439488058525115
705	731	0.17891789203500166
706	712	0.17481180560992826
706	715	0.3229307881736077
707	717	0.12520372166862512
707	720	0.23766806827489692
710	717	0.11416023475145391
710	735	0.12943685225488497
711	715	0.136326696752053
712	715	0.1311582054868947
720	735	0.17585516222076072
722	726	0.31321137003485466
723	726	0.1920329000223614
727	735	0.17030949362181252
750	842	0.10474769944917582
754	776	0.1917387357596966
754	778	0.10423305288901269
761	858	0.10271622744366876
775	777	0.16655632493334982
782	793	0.12321902855989786
782	798	0.11435970954905436
785	794	0.17888847000711894
788	797	0.26487850704781907
799	828	0.20215480700769778
801	813	0.15349126100394475
807	815	0.14085413854605583
807	816	0.23369227337295262
808	813	0.2462897773318344
818	879	0.16055731865649375
828	848	0.16118446390836014
828	866	0.12306112170484329
828	879	0.40528137572337564
830	837	0.11759462150185329
830	842	0.10212524742484522
837	872	0.13102397852225825
842	866	0.17859997685021534
848	866	0.32136254211324683
851	856	0.13849938724451397
857	862	0.11067651262298844
864	866	0.142801955791173
866	872	0.11143754158293467
872	879	0.14501606255999455
