0	264	0.12237090168349601
0	472	0.11536810752207793
0	660	0.10676900398814794
1	68	0.11455310366130936
1	382	0.10449614233543142
2	11	0.15814114523829048
2	73	0.12021262485587796
2	452	0.19785167301934706
3	54	0.22758473436077922
3	57	0.11249604167752916
3	251	0.10101573735352201
3	389	0.12570108877556826
3	740	0.12115793169051163
4	92	0.11040401522941302
4	624	0.1633292338210044
4	776	0.1521566232732653
5	507	0.10755261036813017
5	643	0.11947832994815612
6	23	0.15411271751641442
6	35	0.14822294499655367
6	103	0.10193383326156673
6	337	0.10077955276715239
6	472	0.102827849048507
6	868	0.12561074736226632
8	154	0.16000525362506468
8	346	0.10281480075307957
8	505	0.10778432067383652
8	669	0.1640178339677085
8	680	0.10551958799718125
8	682	0.10144881475846988
9	572	0.10196516208655543
10	131	0.10291870485684156
11	70	0.4204687320587949
11	73	0.10560309187178965
11	196	0.10621685774030243
11	197	0.10265262859627385
11	430	0.26983500315926395
11	463	0.14554566764480037
11	523	0.12048938491544994
11	715	0.11047805193335992
11	792	0.11077466283103087
12	702	0.12023650077695064
13	32	0.10328740420180353
13	160	0.11394329826391048
13	761	0.10752093442616435
14	99	0.11945528146848704
14	878	0.11841244781419198
16	138	0.10519955046201901
16	251	0.1164362978528535
16	253	0.12703135708058322
16	369	0.11605662359580494
16	710	0.11937700906962287
17	302	0.11536205087807977
17	377	0.11009225143689892
17	513	0.10657315561929541
17	554	0.1300408139087984
17	699	0.10537959380347349
18	188	0.10914098005892761
18	354	0.12160372686842295
18	483	0.12265874281313398
18	486	0.1057157556465479
18	523	0.13367632532354326
19	475	0.10875201427515138
19	701	0.1396728830568781
21	395	0.10958403606086575
21	524	0.13104360058956138
21	760	0.1015272114131525
21	868	0.12278469064563526
23	159	0.11269262919025584
23	241	0.10522851925059627
23	434	0.11730480122112426
23	479	0.12970096607366233
23	524	0.11031141390080917
23	732	0.11032751322310697
24	86	0.10746522464738355
24	211	0.11130160581272831
24	326	0.11323852369537261
24	327	0.10384515803796064
24	495	0.10098580499563349
24	603	0.10294771532668087
24	644	0.10221754700759955
24	831	0.10675447694520948
25	71	0.17681488618480407
25	265	0.1273947847238054
25	387	0.12359213200487318
25	414	0.10597486765447267
25	533	0.1598921497866689
25	616	0.11438125198708156
25	651	0.11171831838367893
26	316	0.16695610024094285
26	533	0.10567168516908902
27	249	0.1027153718049882
28	115	0.11798425682051489
28	225	0.13307929269449642
28	603	0.1096501428317374
29	473	0.12413446347659839
30	32	0.11165586189377709
30	243	0.11430200977711583
30	638	0.14933259137789873
30	658	0.10872572431829887
31	166	0.16198573124998528
31	284	0.11046639773228362
31	378	0.16458912376616713
31	436	0.28047749907273917
31	522	0.3669295976603486
31	749	0.1000161412191988
31	780	0.1541167025769678
31	818	0.20767247197598468
31	830	0.38179472951034366
31	842	0.17994173187077148
31	864	0.1242360661120002
31	872	0.3073541937006949
32	135	0.100580616167798
32	360	0.104489758439174
32	468	0.12811616562332723
33	40	0.1112928345489748
34	302	0.10124265617514594
34	313	0.11118881807817987
34	418	0.10944456301110626
35	95	0.11347145239739767
35	297	0.14018978225037027
35	337	0.10519175351247058
35	470	0.14332396250144103
35	472	0.1270176101247614
35	688	0.12046319775353921
35	741	0.10659445071743968
36	819	0.11086176930194623
37	378	0.11299408573241959
37	398	0.13417203205979275
37	426	0.10544456681025663
37	778	0.11861187555631099
37	818	0.10583804609583145
37	864	0.12390865762134501
38	40	0.20392223916587468
38	258	0.12771975881829942
38	358	0.1266922693387226
38	363	0.10921413380240726
38	599	0.11318713335579583
38	776	0.10159576453930405
38	799	0.17413369421858974
39	360	0.12899889543695703
39	499	0.13271451238074178
39	660	0.11075428092110338
39	837	0.1176726268184095
40	215	0.10117050353271621
40	363	0.1793306048980035
40	448	0.12731167750988742
40	599	0.10130094283050461
40	660	0.1101757119094375
40	722	0.10663921553124475
40	828	0.11228529512660035
40	837	0.12871646863638328
40	842	0.1463795825909247
43	51	0.29436142359220474
43	646	0.1109481414791132
43	845	0.11280427963315635
45	306	0.14473313888855596
45	593	0.12667253517918928
45	596	0.11370769943053627
45	612	0.1866669799933374
45	837	0.11019580928992671
46	766	0.10834657914377148
47	108	0.1278241509328388
47	139	0.11117377601143592
47	856	0.10753191476662773
48	234	0.18395835226210877
48	713	0.11417994829150081
48	845	0.13546886947490636
49	107	0.12097890666386611
49	513	0.11328643479981196
50	108	0.14240137054037258
50	217	0.10693601951374973
50	416	0.12019449545311536
50	764	0.1140128393878177
50	766	0.10860577732118931
50	797	0.13593493377379529
50	824	0.18245239977907762
51	97	0.11200009516238713
53	111	0.1459275448263269
53	157	0.14611434465846057
53	424	0.19180375410758807
53	630	0.12590565192617642
53	668	0.15815745282766444
53	676	0.15184164125663582
53	686	0.13602330939590968
53	836	0.1304132721346365
53	851	0.11436404850373334
53	857	0.10061396774494014
54	57	0.10400163830216863
54	425	0.2627549471357084
54	557	0.10856938506665735
54	640	0.18525114862322453
54	642	0.15579744546248195
55	82	0.11414690011455098
55	231	0.1581708811421576
55	488	0.10046040447205508
55	750	0.10681300445695989
56	550	0.18043879095360446
57	158	0.11557908788309183
57	593	0.10573189669450929
57	846	0.126822707222976
58	251	0.1327747056229826
60	91	0.1074252726374333
61	825	0.1468870631983955
63	64	0.1797818850581544
63	66	0.1591301906327198
64	67	0.11810324578049984
66	67	0.1600739772597596
68	327	0.10229055806139867
68	382	0.10902522721614157
68	445	0.12325017548665995
69	332	0.10966705129273009
69	610	0.10771208350804731
69	840	0.12465821743283037
70	214	0.11187653346754813
70	523	0.20114912625916265
70	611	0.10520323791768574
70	703	0.12044354225308057
70	711	0.11561363886115726
70	715	0.10470688736509039
70	792	0.1853004071430104
71	213	0.10789172511644489
72	342	0.11581183537038513
72	855	0.10964344875442722
73	188	0.12660027625643375
73	396	0.15053261311924665
73	452	0.1735558282793492
73	462	0.1099700527064815
73	792	0.11996058243277262
74	160	0.10030746866234584
74	302	0.10173377343682369
74	401	0.1001994218975533
74	418	0.1157950137770579
74	760	0.16312294134512376
75	791	0.12084573649913888
76	263	0.18863563390045437
76	527	0.13131700814027417
76	550	0.1234382329288723
76	680	0.1287919952334812
78	733	0.16009199228088425
79	537	0.32054231256622856
79	539	0.14816833435251076
79	616	0.1446484507138655
79	633	0.23057492953102557
79	651	0.13974280152261548
79	791	0.13785813113394357
79	868	0.13502823623323001
80	141	0.11266100628131329
80	311	0.13629023022088618
81	316	0.11945226615479682
81	326	0.13063365698102947
81	618	0.4064799144425292
81	817	0.13720711786869577
82	231	0.11725333451783447
82	487	0.38109257319380097
82	488	0.2979245110814069
82	498	0.20889546138755122
82	500	0.27199410512796535
82	679	0.11069753241726173
82	716	0.11746394853634588
83	84	0.1215620867081884
84	85	0.26590705315536833
84	123	0.11168890248432459
84	789	0.11963007296402148
85	312	0.10849166966656179
85	462	0.10121509161591423
85	789	0.1351591626657439
86	694	0.11130654962291747
86	741	0.11956156772392146
86	770	0.10147596653927035
86	812	0.10342187144203797
88	90	0.1675768745759312
88	503	0.10494184350281616
89	408	0.10047565538597569
89	423	0.19720960409682328
89	751	0.18535086587331212
91	236	0.10758489206107476
92	94	0.36693784360036125
92	411	0.48146135460438155
92	427	0.11470690016144695
92	599	0.10270308281078634
92	624	0.20989070267289123
92	751	0.13791077257745654
92	753	0.40483432384988377
92	754	0.10520051300688033
92	755	0.15322494358987163
92	776	0.11034965625570078
93	178	0.12780572678750096
93	258	0.10454115443378868
93	311	0.13026188475820186
93	831	0.1898515188343753
93	834	0.1562086943793388
94	408	0.1692617354830304
94	411	0.250205313219605
94	624	0.19456232040000765
95	134	0.12530060716894226
95	403	0.12074834702919818
95	632	0.10142926052653665
97	424	0.11671635513640652
97	427	0.11560409419800505
98	102	0.21728194490972297
98	417	0.12056981682514294
98	607	0.1442772786457422
99	474	0.17976876669601155
99	691	0.12901814354993738
99	873	0.14011495744081784
100	539	0.1344587083091372
100	633	0.12394261779430753
100	782	0.15692159117974228
102	139	0.18116586391743514
104	116	0.11479895011776986
104	647	0.12764513744816036
105	108	0.12889583402515636
105	139	0.3958435708273443
106	130	0.1147070613665761
106	210	0.14772726747040138
107	162	0.12358738695920998
107	239	0.1091459960782854
107	262	0.11346919370554201
107	532	0.10162475151185849
107	645	0.13222662659085485
107	831	0.10602404371655606
107	850	0.12481936242295498
108	139	0.33823384898474446
108	607	0.11086383937292597
109	470	0.11572094481043677
109	524	0.13013390413440695
109	562	0.15737081520615792
109	616	0.10026919975690321
110	167	0.11009769578397718
110	842	0.10028091833791214
111	833	0.11799782770508968
112	313	0.10601028581622093
112	831	0.10013994030770161
113	670	0.13129455241710392
113	749	0.11780815650037295
114	823	0.16904398785379243
115	812	0.11873354437719186
116	290	0.10721658958765211
116	422	0.21234509673679838
116	426	0.1095514811726927
116	672	0.1310568399596704
117	430	0.10629682279949546
117	629	0.11044427323074905
118	158	0.12094091488322822
118	253	0.11661863121624572
120	392	0.127377963073558
120	428	0.10323422030390622
120	631	0.10296655722608324
120	756	0.1002341461710486
121	211	0.11804553394597721
121	618	0.13224310026872863
122	289	0.10937677261041519
122	323	0.1005768720512327
123	155	0.11030254099414968
123	569	0.10717683854961998
123	763	0.10143206970533734
126	127	0.24675374567667518
126	128	0.12005725936916221
126	235	0.11406912142356113
127	804	0.10176713237137879
127	808	0.13675042413705005
127	813	0.12690550169734902
128	330	0.13758198907599847
128	668	0.1162211551203425
128	816	0.15402113772490716
130	254	0.10210709296635842
130	326	0.11731475819813564
131	142	0.11382065533128706
131	404	0.11635583426841639
131	474	0.15982837012819356
131	873	0.12658015613851145
132	138	0.10106461111969882
132	212	0.15193446265283633
132	382	0.11442219877438578
132	503	0.1070238585817831
132	560	0.13563376199494784
132	621	0.11111821398723454
132	648	0.10768584448954518
132	743	0.13325392607005845
133	184	0.10624219976034704
133	216	0.11566443182222232
134	315	0.1430339939854999
134	585	0.10793283129538173
135	140	0.20083984122418175
135	184	0.10437580640188351
135	472	0.10062721351269578
135	513	0.19084354027506242
135	537	0.11994624588252646
135	814	0.12163708659446139
135	865	0.10274571127032324
136	269	0.13403518973718964
136	281	0.12765031881151503
136	434	0.12637403063575856
136	637	0.11226976281576391
136	771	0.10040013996465906
137	289	0.11770763544140682
137	817	0.10212224220257983
138	141	0.2335218779269682
138	251	0.10170785453092679
138	714	0.11584561869554383
140	400	0.1343167914213846
140	469	0.11942419846244891
140	476	0.11518139526698506
140	569	0.11135992002403006
140	621	0.12420342572612757
140	714	0.16489198036801617
141	251	0.11108206135415914
141	403	0.10621275374990338
142	425	0.1252698434465349
142	679	0.10884205808963318
142	769	0.16876688065115603
142	803	0.14942381210237232
143	144	0.14982703009611778
143	539	0.10505486907819851
144	635	0.10270674541151315
144	759	0.12128956002356882
145	238	0.1318743579752454
145	279	0.1563066870905255
145	385	0.10114403666703897
145	456	0.11333304915851598
145	536	0.16582175584811856
145	629	0.1254679933474724
145	844	0.10316734193249351
145	846	0.12978321553594813
147	183	0.10364438685040954
148	545	0.13950033014418484
148	732	0.10120707540124019
148	758	0.16461742634779508
149	617	0.10412073601796057
150	446	0.13194617783425608
150	731	0.10834391857055672
151	371	0.1034441013204379
151	780	0.10053264723401392
151	863	0.1307479281361293
152	838	0.10825320846428443
153	200	0.10647193043252928
153	378	0.1413167879935988
153	599	0.10189484205555852
153	778	0.10743114086714
153	846	0.12913127072979755
153	848	0.128058858523146
154	234	0.12502981963951357
154	669	0.13119065057207263
155	389	0.13316622001085007
155	441	0.14898092158490803
155	738	0.14428078219409635
156	475	0.14570079451273846
157	255	0.1718146966451301
157	338	0.11538219861889498
157	454	0.1117097819875584
158	626	0.14348317054013254
160	473	0.13590490385575635
160	760	0.11405323998885789
160	767	0.10605413837668447
162	163	0.3333894452826136
162	327	0.13455080283421325
162	644	0.10553555398107131
163	327	0.15081648002430473
163	857	0.10391800823098464
164	288	0.16997172027491922
164	333	0.1741929081774354
164	540	0.1702975045524706
164	805	0.22550682404371153
166	522	0.17797008376108575
166	642	0.12047204163724089
166	818	0.17092685964247678
168	180	0.13033243927701266
168	493	0.1443789859356146
168	632	0.12869266491358794
168	770	0.10778015870285783
168	790	0.12457032152517446
170	558	0.10952521675088155
170	563	0.12029428164172523
170	772	0.10754606931094073
171	174	0.1404092247865779
171	176	0.3028315483216632
171	400	0.11109701309618769
171	459	0.1006386600365246
175	202	0.10630962401052754
175	227	0.10277947530384796
176	180	0.11780936170461812
176	183	0.3951057305990942
176	228	0.12118794989649372
176	279	0.10971841482390053
176	456	0.12729226926065812
177	182	0.26812711440318365
177	527	0.13780531158461665
178	182	0.1819281617021171
178	550	0.13942578991811022
178	662	0.10106043621195743
179	300	0.11566502602612815
179	590	0.11597049965353705
179	671	0.1057295978017737
179	722	0.11610822479314231
179	869	0.13281879743841007
180	183	0.23013222308663495
180	233	0.12912116998725154
180	486	0.11514433269354188
180	711	0.121996103182602
180	723	0.10206902976437263
180	869	0.12278833961725752
181	577	0.10146589829057401
182	680	0.14444744070308324
183	489	0.11195295544278795
184	401	0.1667031203833993
184	578	0.1206115334334721
185	841	0.1300231465678971
186	421	0.11823501936637011
187	207	0.10001565327497666
187	685	0.12098628275716157
188	196	0.1313464919843574
188	518	0.11553451586161062
188	779	0.13057680717506423
188	847	0.10315523233425261
189	204	0.21276940106469563
189	208	0.3794951851421678
189	308	0.1925103156971633
189	351	0.12172918210630397
189	420	0.13283519105924915
190	781	0.10641768926929723
191	215	0.12978820091298301
191	869	0.12455959310229979
192	518	0.11178012482598305
192	842	0.15284427657244964
192	856	0.10849205723548114
192	876	0.11195770395848047
193	205	0.1871081115645153
193	453	0.11616653477337603
193	654	0.11875170366417231
193	845	0.12023630663382692
194	460	0.15541637367241304
194	726	0.12105332563299875
194	857	0.11242656882931898
195	377	0.10760201189871282
196	430	0.15617022122008814
196	780	0.12555714434474852
196	856	0.15638113786127164
197	659	0.11191452666196594
198	202	0.1061528933120244
198	207	0.13352328099128719
198	220	0.13176340283085514
198	381	0.1107366616244866
198	603	0.15631128866753818
198	698	0.12519757930844824
199	203	0.1425565912757893
199	315	0.19786656166449007
199	370	0.13169960318836932
199	484	0.12059908058379895
199	486	0.10028978325296888
199	528	0.10369732931359364
199	696	0.11830335591415729
199	876	0.20064119696112998
200	204	0.17555398039011622
200	448	0.10887087129778823
200	465	0.10514226071301495
200	851	0.14702441870013602
201	658	0.11365008120354039
202	207	0.16857914362113158
202	332	0.12031104632649792
202	699	0.12828188310920852
203	232	0.1099725295705455
203	541	0.1306280235861803
203	852	0.1059803410648958
204	263	0.11650440864945574
204	297	0.11476000381431446
204	768	0.11446246142876756
204	851	0.11332354150523344
205	303	0.1710323095342242
205	458	0.13921730960984538
205	528	0.1449607837988471
205	543	0.10888493315613777
205	550	0.1265820985183765
205	656	0.16358019432820092
205	779	0.13682682189610207
206	319	0.1370687511246593
207	220	0.11709703856500722
208	308	0.1947077093231136
208	559	0.10118543531798146
209	412	0.1801764955297171
209	479	0.16918881199416938
210	402	0.11779025905997821
210	414	0.12656886809975723
210	558	0.11692761251978073
210	812	0.10825394668587193
211	326	0.1228317375218865
211	327	0.11845772672496227
211	410	0.11418114560603772
211	800	0.11524018675021591
212	401	0.17870357819643817
213	367	0.11101065995420255
213	510	0.24741049121371708
213	657	0.12017694570057488
213	839	0.1333812209907985
214	215	0.3621127229830299
214	491	0.14223779329897474
214	523	0.15113087284495152
215	484	0.11151344886401272
215	576	0.11149674242301627
215	580	0.12915629493691422
215	601	0.13091781920516948
215	869	0.21303721188801358
216	361	0.1485949870289246
217	304	0.169698506850949
218	233	0.12353732444063366
218	772	0.11158068249748075
219	388	0.10216083522875431
220	381	0.17131715103885364
220	698	0.11462723063065021
220	716	0.12179611299247989
222	335	0.15350991091516203
222	636	0.1119455118849577
224	496	0.11973655463248
225	644	0.1297657551704533
225	757	0.12474678363863458
228	315	0.12329902594707381
228	504	0.1830952420484136
228	512	0.11045577519239906
229	775	0.1708180759489608
230	632	0.10859868548906439
230	859	0.11442275823194553
231	457	0.10453362213532043
231	686	0.11249642243464697
232	280	0.12244681394119625
232	296	0.12595010695852005
232	484	0.11881709687029336
232	862	0.11028148517503729
233	632	0.10052379273372887
234	262	0.12063312644613453
234	466	0.13102528064119937
234	500	0.10613364506302339
234	669	0.11680813281221862
235	564	0.21764867663733825
236	459	0.1648964197902183
236	738	0.11491977712182846
236	770	0.16638292169145266
237	460	0.2544706295131794
237	586	0.11834911961713161
238	240	0.10021887713148879
238	536	0.1041934010046775
238	562	0.10021189013873195
238	721	0.12263048982257167
238	865	0.10732728036783207
239	357	0.10464378342537117
239	393	0.12669733159399776
239	421	0.11233496475387898
240	243	0.13908445148921003
240	517	0.10771260796584534
240	538	0.10233328033862402
240	873	0.13507689790289595
241	301	0.10671440747172152
243	356	0.12141395390591833
243	517	0.14124022321451488
243	864	0.12430701118506757
243	872	0.1211633458113898
244	246	0.29214291509813445
244	840	0.100344971323353
245	431	0.1331871746206651
245	517	0.1109493957032958
245	537	0.31747581380175993
245	697	0.10347917163546705
245	770	0.14438977877028175
246	283	0.13109356574175418
246	494	0.17246533734422764
247	401	0.11110751623618226
247	404	0.13119687922694445
247	470	0.1540996861133261
247	481	0.1419698021239875
247	524	0.10053634512269416
247	538	0.12310663281696586
247	618	0.12567013078643346
247	841	0.1323236782100066
248	250	0.11091170198695269
248	811	0.1381671861776713
249	253	0.1272803311997082
249	577	0.10608585410562169
249	699	0.13519767707867228
249	774	0.10771086982257924
251	326	0.15824802728986506
251	473	0.11708421357050164
251	541	0.1162406194232187
251	715	0.11337545658168842
251	781	0.10605699533357438
252	432	0.15768132923453806
252	610	0.10007154353776188
253	441	0.14027167455488457
253	724	0.12509396605067252
253	779	0.1382249732595348
255	604	0.1317026403296091
256	433	0.10867089257935292
256	734	0.11737109125163683
257	258	0.204582458328725
257	275	0.13970049043088903
257	293	0.1259039032312298
257	521	0.13274956748303476
257	723	0.11280616632962735
258	523	0.10781949180361865
258	834	0.13710399213180197
259	697	0.1429568248412865
260	292	0.11733385869011406
260	352	0.10414756795590041
260	619	0.11881103508535394
260	777	0.10234738228975414
260	805	0.10693659494901601
262	805	0.1305557868636357
264	278	0.1049950697796905
264	279	0.2069897802330778
264	536	0.2695980285383002
265	493	0.3163095514992852
265	603	0.10523769507872417
265	616	0.3804649165400772
265	633	0.10729113202806159
265	651	0.3055164844852218
267	538	0.1342198372787804
267	562	0.1245324657969315
268	477	0.11493134727375645
268	559	0.11245816021579864
269	273	0.1956592360238853
270	506	0.1115813249365308
271	418	0.13226033250258518
271	604	0.1105622688730836
272	402	0.11698030256727614
272	814	0.11509730210519047
273	498	0.10291277132708164
274	373	0.19028195225095693
275	412	0.10284000119483486
275	560	0.10556951261635858
275	635	0.1226030440403076
277	480	0.10007701291003233
278	388	0.11617866878473156
278	507	0.2100531329686444
279	422	0.10745187918122573
279	536	0.11130296280112881
280	296	0.12005767556537489
280	826	0.10886427975779538
281	349	0.10394815110608412
281	469	0.10225844501128349
281	477	0.13233125205688812
282	743	0.15124415333332178
282	856	0.1064080464382139
283	340	0.16568384700236816
283	494	0.11938938599603621
283	575	0.10857438897519196
283	612	0.16179752837557776
286	308	0.11452547537904513
286	350	0.10748167885019787
287	294	0.11353305195715192
287	438	0.1348451957098002
287	592	0.18250638216805595
288	805	0.2206456032658479
289	464	0.13351135274553375
289	475	0.10906194808618742
290	518	0.10289089441595814
291	295	0.17203842205250103
291	406	0.10571654852019835
292	312	0.3659491215259356
292	421	0.10596536558489918
292	463	0.1397498312214831
292	706	0.1265818102533321
292	712	0.1611588187433009
293	309	0.1620445292192182
293	609	0.19770106078779026
294	299	0.1064186246723693
294	706	0.14008918181397317
295	877	0.1518014540650717
296	594	0.12854613011027552
296	820	0.10722266252979837
296	821	0.1286435438388876
297	319	0.11928706753504376
297	351	0.10460208651288523
298	540	0.3262100620103048
298	598	0.15245265972664288
298	657	0.1380910392191686
299	576	0.10930239537631697
299	712	0.11166721524100842
300	305	0.12364897487952546
300	594	0.12773896675456686
300	821	0.25766319596998943
301	797	0.12235393659159748
302	320	0.11026353897970981
302	347	0.13832856725419423
302	403	0.12855114862249037
302	467	0.11000951694347898
302	760	0.1140581330215133
303	646	0.1232035007606547
303	779	0.13696637174999451
303	845	0.21471445451499957
304	640	0.10058650544197946
305	310	0.13013626453364352
305	726	0.10806268069461808
305	826	0.15956710239257393
306	415	0.1027247912346535
306	443	0.11304118412285866
306	574	0.10479466758717464
306	588	0.13794338556416216
308	523	0.10079059427399012
308	665	0.1462838027319813
309	711	0.11710693190601679
310	366	0.10282511474342414
310	726	0.11193476708937325
311	730	0.21091108496244826
311	752	0.14092058969134003
312	760	0.10996669109566604
314	687	0.10439832441865458
315	442	0.1103256737366125
315	540	0.11393965909589539
317	341	0.15821341309076106
318	696	0.10595255867251034
318	739	0.17754948173755616
319	321	0.13408613733002017
319	465	0.11105157949588586
320	352	0.1226906472223058
320	418	0.11426045000419424
320	551	0.11462633811589111
320	554	0.10446075816701869
322	425	0.10055615987241587
322	512	0.11696784615195764
322	691	0.1149287264503548
322	831	0.11584097772678709
325	657	0.12414070627654698
325	753	0.16326757351985347
326	402	0.10507750583583128
326	647	0.15776041634140409
326	740	0.11160275608054399
326	768	0.10022095064060003
327	413	0.10615863031365923
327	532	0.16442782038157275
327	556	0.1006014895438326
327	557	0.1025517007464052
328	330	0.19800546245594153
328	564	0.10185737034590255
328	676	0.1256069632930262
328	677	0.10037773388033205
328	813	0.15954158163731372
328	815	0.10195214204268353
329	455	0.10126087065316014
329	528	0.15643605447717643
329	653	0.28931526504146426
330	801	0.11893130854307549
330	813	0.21792480562929725
330	816	0.1438089211105475
331	740	0.11416386458877607
332	466	0.11078038586646
332	624	0.10378348026944371
334	479	0.11648790274277177
335	462	0.10388749108928315
335	600	0.10582245700244304
335	619	0.12526512800356787
335	860	0.1216173008918673
336	737	0.1559862906295699
336	743	0.10149166269442852
338	835	0.1122722909739328
340	536	0.10135165284741453
341	387	0.1180950282787369
346	703	0.17662919579002934
346	711	0.13823198180467952
347	498	0.1499703360632598
347	501	0.13427913671260072
347	717	0.10282147743982142
347	735	0.13981309037051803
348	490	0.11682111963937988
348	724	0.15416758371468023
349	495	0.10579625301547133
351	472	0.14661574419379558
352	537	0.10228809174211205
352	554	0.1158712140911517
353	557	0.1153668093304105
353	747	0.1160234008841255
354	591	0.13818038544520014
355	806	0.15167511491503813
356	358	0.4083872349580876
356	360	0.1653667833304598
356	522	0.1292506434670367
356	581	0.11870689901937327
356	599	0.13569708756354917
356	799	0.11427805164302643
356	828	0.1175755241606326
357	359	0.1067753926988948
357	362	0.48290614731415316
357	503	0.12658095459093588
357	802	0.10045441118760441
357	806	0.28846291762993626
358	599	0.1313815756198637
358	752	0.10960222636159386
358	799	0.17934738642092185
358	864	0.1072474862366225
359	361	0.5318070573964496
359	529	0.14218341075181457
360	398	0.1026566438674692
360	830	0.11481783695001316
360	866	0.13230444851090972
361	665	0.10866807421856059
361	774	0.13832591212531625
362	802	0.17307017839479794
362	806	0.1896912727792098
363	378	0.1479173639299979
364	539	0.1592200994345103
364	633	0.1843027292837012
365	370	0.1980170947100504
365	375	0.32466346360617315
365	528	0.16641636496627726
365	628	0.14050984561223154
365	655	0.1325282939287075
365	656	0.22237634460232814
366	395	0.10466490663921281
369	380	0.32277803882268435
369	727	0.14102674358644063
369	786	0.10763450935820906
370	375	0.19229770864056003
370	653	0.15022234611375582
370	654	0.22549341444793317
370	656	0.10738550218690657
371	653	0.2691284847159355
371	696	0.14895903374407934
372	700	0.11087305909058795
372	730	0.12215186031760512
373	720	0.13321518646104938
374	813	0.10160170287605308
375	420	0.10501426588850497
375	453	0.10888449793434471
375	528	0.1894079195174514
375	653	0.20386052870366272
375	654	0.11196973602787887
375	847	0.13491804341823266
376	547	0.11480866049085106
377	658	0.1283227595345098
378	392	0.10942050935913483
378	436	0.2305450630259344
378	642	0.11185789152344225
378	778	0.10166541287517393
378	818	0.19999785286290442
378	864	0.1321322298724312
380	473	0.13876654852507758
380	680	0.14250245391701677
380	703	0.16993462171236418
381	725	0.14038238471177147
382	559	0.10414978078886257
382	648	0.12148382172553514
386	514	0.14204858357854733
387	787	0.10471280724538133
388	635	0.1622329294661412
388	688	0.10116827453942492
388	760	0.1337271165625204
389	674	0.11853415623993227
390	392	0.13101529219947877
390	674	0.10005333018724621
390	696	0.11457050934029962
390	861	0.11045132099714979
391	394	0.10324104697995429
391	789	0.12717154347342433
392	733	0.11848886977399947
393	749	0.10005737870939532
395	634	0.11104827735863076
397	820	0.11361389752621391
397	826	0.14970589726777697
398	830	0.1492222586110813
398	872	0.13149941457795655
399	854	0.11059272596466081
400	761	0.1439435088353416
401	763	0.11583403365876672
402	477	0.10755248923017834
402	615	0.10154073459598831
402	648	0.1479859692621074
402	812	0.11601347223763887
403	798	0.13285496495222088
403	829	0.10301559129231906
404	467	0.12746540922084512
404	469	0.179544500647364
404	733	0.10629292065053125
405	483	0.19726521708812061
405	484	0.12959931601897362
405	659	0.21554789268724636
405	750	0.10341303017076166
405	789	0.10121806685085147
406	490	0.1670048070144964
406	501	0.11684940654026883
406	506	0.23458560336195977
407	416	0.13177388356224481
407	573	0.37092117084902265
407	824	0.30371926606872035
408	411	0.42031835774067516
408	423	0.2941945198082449
408	624	0.1626364959870168
408	683	0.12326620740781388
408	751	0.15219481413607316
408	755	0.13594922841122262
409	493	0.10191904190788947
410	507	0.13891088941227567
410	616	0.10512944557075485
411	423	0.10423805330336486
411	427	0.327907590113086
411	599	0.19067430307726319
411	624	0.2332396449316281
411	751	0.1361165020841414
411	753	0.19621822476576198
412	635	0.1020585269828044
412	643	0.16826815586967825
413	414	0.167072666972658
413	535	0.10411608617231685
414	632	0.1101546886955767
414	781	0.10214902915711752
415	593	0.12646965453327888
415	609	0.14230928005749857
415	612	0.13708439551314205
417	429	0.1877466394784388
417	573	0.19189790138388868
417	663	0.1260921183682684
417	786	0.21050545485993075
418	473	0.10484305751183699
418	551	0.16833391606131365
418	642	0.17846525392522267
419	667	0.17652099661269766
420	774	0.19900831165881688
420	847	0.10565427109721341
421	446	0.10186520167876494
421	457	0.10180437713520589
421	469	0.10521658973261139
422	462	0.19315529138302925
422	463	0.13683791207469856
422	745	0.10214166244593044
422	785	0.12768082736956077
423	427	0.2137588346930397
423	624	0.1417297580741445
423	682	0.13327934890079765
423	751	0.33874735838947956
423	753	0.1272157341630543
423	778	0.11296253612337945
424	488	0.17159502532512227
424	630	0.23684917026965074
425	771	0.10464295847427497
426	672	0.12236209806193059
426	695	0.11181585276835754
427	599	0.10446178143442966
427	752	0.12682571243582136
427	753	0.2763958842978423
429	573	0.15616935784827662
430	715	0.11527036862799661
431	493	0.16531631173627756
431	644	0.10457146721991353
431	841	0.13094350054250528
431	843	0.12159544084017618
433	447	0.16525024242666
433	535	0.17277263059563314
433	611	0.10291611470757034
433	711	0.14205425347509154
434	444	0.2844721785364229
434	524	0.17558987279934365
434	698	0.4281753788263949
434	735	0.10393223492342242
434	840	0.11606621639429442
435	443	0.1044119053519993
435	745	0.12096412869244674
436	522	0.2508919765626757
436	546	0.10482780660029864
436	778	0.12469633400340488
436	818	0.28142607889403426
436	828	0.16329161499785816
436	830	0.14427038143516455
436	866	0.10304715192653836
436	872	0.23797007873915943
437	445	0.34909446248955334
437	619	0.12906791356449873
437	645	0.10962606247816162
437	701	0.11970107090561904
437	794	0.10025268415963491
438	592	0.10249961776782034
438	713	0.10938145675219273
439	441	0.558942913817333
439	706	0.16200543403853968
439	715	0.13148383180257828
439	763	0.10472109952116472
439	784	0.10620786040988026
440	643	0.12844065463185195
440	719	0.10147641864971654
441	445	0.2231524971159468
441	638	0.11708247660418443
441	706	0.1767749241921907
441	763	0.12746540980848062
441	784	0.1173186261697795
442	714	0.2482708620183962
444	645	0.12288957269725824
444	716	0.1349366033519682
444	735	0.11313302676567125
445	706	0.16343011167084376
445	794	0.12468482572408748
446	700	0.14559890924301178
446	731	0.17228734855405334
447	701	0.14672268012686665
447	706	0.1293178041385768
447	711	0.10967608407876969
447	713	0.12368606924816583
448	552	0.10647224281496502
448	638	0.1176643520627524
448	828	0.10914569918687762
448	842	0.17406968396357342
450	451	0.2071038683276365
450	455	0.15140385902845935
450	652	0.14686497879389993
451	455	0.18771373821378828
451	652	0.2234271128297291
452	822	0.30979646531174426
453	654	0.13581007494340827
454	457	0.14509690027507174
454	482	0.28593126230630556
454	500	0.11794434871296972
454	586	0.10046055208509387
454	668	0.14200628686666492
455	653	0.1911698810554611
455	656	0.22612481877082413
456	855	0.10166959887525896
457	500	0.19636876626701372
457	630	0.10488298516583669
457	663	0.10466527001002192
457	668	0.12362660007340329
457	677	0.10614214065404222
458	503	0.14167702884413547
458	543	0.11071822417979119
458	594	0.1670621373697856
458	686	0.11303516943639128
459	770	0.12485846319208288
460	586	0.14766096056069367
460	834	0.2096549820565893
460	835	0.13608533120557118
461	834	0.14027799589967718
462	463	0.22792530391267085
463	693	0.10036469304468487
463	822	0.11099741994947743
464	531	0.10454406707599348
465	739	0.19274605743444428
466	503	0.19211438242903872
466	610	0.11456379376273716
466	755	0.11179728870362862
466	851	0.10706266058685732
467	468	0.14499437233184517
469	565	0.10983146470377565
470	741	0.10339094185707873
470	868	0.1319066976703757
472	584	0.10374402874485489
473	502	0.1025432973019984
475	701	0.12331076291713104
476	480	0.24305862187499372
476	538	0.10772335448376388
476	620	0.10995152832293766
477	479	0.13757339284897455
477	493	0.1129212072476959
479	586	0.101942999518432
480	620	0.1770678137768081
481	516	0.10043055211556509
482	487	0.10228873292102615
482	500	0.3423528658913583
483	486	0.10992819793145082
483	511	0.17742546525221528
483	580	0.1109073113835283
483	587	0.11659286934876578
483	599	0.11171091153633397
483	606	0.10299465650689388
483	667	0.16214037049882116
483	722	0.11949579295414037
483	745	0.10030395640316182
484	486	0.14380915583665538
484	561	0.10419581595620303
484	869	0.20399454289582364
485	489	0.10449269136487074
485	491	0.2744955598583683
485	511	0.16371353083302598
485	672	0.1575231544909407
485	676	0.11628099163406448
485	726	0.11903144702874886
486	489	0.2827897349836557
486	568	0.14292789028013086
486	672	0.1334571810135203
486	750	0.1222285668424193
487	498	0.104307741292445
487	500	0.3136332520921188
488	735	0.12263751663806212
488	749	0.11725929953488827
489	663	0.10243211208131599
489	678	0.164035693577807
490	630	0.1298244496532881
490	685	0.12480733645993392
490	855	0.12840395225037934
491	523	0.11860551164868524
491	663	0.11846413717597752
491	672	0.11770937464647765
491	869	0.19625795014882205
493	616	0.1268507518695607
494	575	0.14192717247255604
495	647	0.10669540701245102
495	695	0.11877616079077653
498	500	0.1123051124438077
498	501	0.10992283642120149
498	717	0.10574879870744994
499	555	0.10186489322213882
499	599	0.11156653230882906
499	750	0.10758476185367716
499	799	0.23098566071004803
499	828	0.2776781735774778
499	837	0.24391097168038273
499	848	0.2595853900658228
499	866	0.26430667852627276
503	660	0.1323709463667538
503	665	0.15373504834670643
503	679	0.10833738199218174
503	779	0.11289725236266457
503	851	0.10004228716275891
505	506	0.30563395013569
505	569	0.11977286303885665
505	590	0.11845760722591309
505	669	0.12513796513049427
505	682	0.11730171956241463
505	720	0.10934501699539458
507	671	0.10633329740457567
509	782	0.10425964379210247
510	551	0.10098202790622592
511	571	0.12703459537897288
511	667	0.11598309059897931
513	635	0.14492138695074616
516	689	0.10454039761190939
516	868	0.13344790732341139
516	871	0.1344175990864769
517	697	0.10455923942826406
517	864	0.1195973235585901
518	847	0.11340589787793086
519	756	0.2993087361948788
520	662	0.10891569601538507
521	773	0.15753744266558217
522	555	0.1120689119054752
522	818	0.10544176719172227
522	828	0.10630813655843355
522	830	0.20591773346645295
522	866	0.13173874931170085
522	872	0.2045487404427578
522	879	0.34240396450603905
523	709	0.13385950963634974
523	713	0.10457810618647888
523	792	0.12206581831244899
527	846	0.21123524879262942
528	656	0.19324542724133997
528	779	0.12480700549372495
529	682	0.1221529667588447
531	534	0.38616518940776734
532	557	0.13416956683465076
536	569	0.20775283027479607
536	575	0.12576265953530533
537	644	0.13484134474516885
539	633	0.15707763426838722
539	651	0.20819943061983526
540	615	0.11997647583724375
540	657	0.22208038668289848
541	722	0.10485197727104234
541	738	0.11231528638449471
541	774	0.10072384736119494
542	644	0.11780577484238118
543	547	0.12325491495086716
546	642	0.12422640252990451
547	874	0.12826945719234234
548	846	0.1488446628885936
549	826	0.10808018027164222
551	638	0.16659409061374797
551	640	0.14711836222667135
551	642	0.17508150168235465
551	855	0.106620627884037
552	778	0.20274904655430948
552	818	0.17123335403148104
552	828	0.15214290057709318
552	837	0.15799000011509473
552	866	0.1459512366569632
552	869	0.10166796922606645
555	754	0.14578309110671503
555	848	0.13411287882007172
555	866	0.1422485921825232
558	865	0.1856233240419986
559	563	0.11119155255497139
560	811	0.11168404764911094
561	580	0.10148250680470945
562	617	0.11199860329635687
562	647	0.10605418337206755
563	568	0.32722066475524075
564	676	0.1670878479444966
564	813	0.12840174939580037
565	566	0.14747762963271835
565	569	0.14526669000263323
565	743	0.10196813792685784
566	569	0.2800849748273512
567	568	0.11878782120577107
568	570	0.12427708562889737
568	672	0.12183851335734434
568	729	0.10685139972260282
569	575	0.2149763206190372
570	576	0.21022538697193682
571	605	0.12564069587945462
571	606	0.1411621009874442
571	646	0.17223870512225736
573	788	0.10594973584026078
574	575	0.19568369228193427
575	621	0.10804521744060491
576	587	0.12566975335934435
577	587	0.17686134794494365
577	822	0.13524588120457143
578	580	0.10126452855930582
580	587	0.18520422740094142
581	830	0.13744284609312335
582	851	0.10442858072793917
583	639	0.10544209722852306
585	586	0.15662658483053954
587	781	0.11729082316202705
587	852	0.10668182821877535
588	591	0.17982959187530143
588	595	0.21663566446002253
588	645	0.11640696936449955
588	763	0.13312711636832814
590	836	0.11327301908990785
591	592	0.25666265484773776
591	595	0.46518115948207356
591	755	0.10191205688865866
592	669	0.16231145376625364
593	596	0.14104894113641703
595	619	0.10229621867511463
595	706	0.10013030602519203
596	709	0.16148941181268647
596	715	0.10746778765902672
598	765	0.12362301421141345
599	750	0.42506984636044387
599	776	0.14754294274838287
599	799	0.14568091452537119
601	604	0.21184984448271774
601	605	0.24289604111406898
601	606	0.10585583832020436
603	704	0.12916263181538462
605	606	0.4318170182494509
608	709	0.10914053907955137
609	612	0.23460948330250508
610	767	0.10664222287600421
612	804	0.11892197633613819
616	633	0.14473138744171452
616	651	0.17939809350756816
616	791	0.10147768325101308
616	868	0.10372157154292327
620	623	0.14349406135904874
621	734	0.10845616718519206
621	839	0.15550286279522083
622	756	0.13664319333700561
622	777	0.10754137308837047
623	734	0.12953750171782852
624	751	0.29758138825202796
624	776	0.1096386373363274
626	756	0.10058415536569071
626	786	0.10211138723839634
628	654	0.10216568577907519
628	655	0.11674202142035094
630	677	0.14112048802359942
630	856	0.12491369807559673
631	674	0.13077109766781456
633	770	0.10555996701959902
634	769	0.14155941582417358
636	741	0.11688674177281304
636	860	0.10266192585696314
638	811	0.15251622392670217
640	642	0.25424763790803173
642	718	0.1663824565102715
642	731	0.10374869799089415
643	774	0.10360571028012472
644	843	0.32538790234319825
645	718	0.11111500804705803
645	763	0.1253101055360506
646	774	0.15991765136178074
646	845	0.12724709217338076
646	847	0.11541974645362697
646	877	0.14357902495062058
653	654	0.1930446000427033
653	656	0.22722443281096494
653	779	0.13484859737636198
654	655	0.19043115574319247
654	656	0.11530443799128487
658	659	0.10733134673315382
659	812	0.13173206807236582
660	665	0.3085310702274792
660	855	0.1117370807422261
661	679	0.10967925580595535
663	786	0.1069790535902025
663	792	0.11499748893441286
667	788	0.14271883647167805
668	677	0.2899745135606109
668	779	0.11278136733753188
668	807	0.13303392873367983
668	816	0.10476962369483157
669	682	0.18531324279898811
669	686	0.32368473773923656
670	697	0.10509590322648475
671	775	0.12196450160932436
672	678	0.23444962045804352
674	695	0.10089937921366074
675	808	0.11764840023339547
675	813	0.16715217965428988
675	857	0.11774604895805248
676	813	0.11757961992502196
676	816	0.14927227489950431
677	807	0.1424497934991722
677	813	0.1469941710689072
677	815	0.15519092372737714
679	770	0.11834951372780228
681	811	0.11407850423613199
682	683	0.10140172349281742
686	717	0.11049053208959816
693	773	0.18404119773122712
698	710	0.13368277391661196
698	716	0.15877561082467617
698	717	0.18851749813932883
699	707	0.11465744961826417
699	724	0.44254305559786844
699	838	0.1026742618086835
700	731	0.15373188347311775
702	708	0.2535331764799165
703	711	0.5963899069637664
703	713	0.3007924888953023
703	822	0.10562162580122583
704	710	0.319229217803639
704	717	0.14127286137064332
704	720	0.33653397245939803
704	727	0.10564224156504047
705	730	0.14978371049141148
705	752	0.11988366946739025
706	713	0.22802970843066514
706	788	0.1331951596165559
706	792	0.14134239019451528
706	855	0.12526419983077555
707	724	0.147172759176167
707	735	0.4806208720523183
707	774	0.12746996085694962
709	711	0.13076775804414204
709	792	0.1710614809946646
710	724	0.14893570218331198
711	712	0.16225008233084914
711	713	0.4388748728014594
712	713	0.1759151974632506
715	792	0.11128146690669266
716	724	0.2512052395786415
717	720	0.11397839439111776
717	727	0.13714082277345283
717	735	0.12931456278390646
717	763	0.17055239372818634
720	727	0.37997616275639257
720	735	0.15261957918944466
721	742	0.1601549568834465
723	726	0.18439580844749023
724	841	0.11550545301964181
727	735	0.31162034150194995
730	731	0.10588976728658833
732	873	0.15172793544161903
737	738	0.14055199820615794
737	770	0.1039200815299609
741	744	0.16684687886390567
742	841	0.10320508322980802
750	799	0.12235272577425071
750	818	0.1324713278765055
751	776	0.16922306349069985
752	864	0.15399755268826332
753	755	0.1503718288263724
753	778	0.1430913971989817
754	842	0.12476561092368767
754	848	0.18051503881642628
758	786	0.11226906094870617
760	767	0.29698495371239664
762	771	0.10984150854968422
762	772	0.2334504671000214
763	854	0.11768578602449077
767	774	0.21194211195313292
768	806	0.11574839524747943
772	780	0.12918775169901237
772	811	0.10049403812651385
776	799	0.1512154284093693
776	828	0.18259448349680096
778	830	0.18964989403989072
778	879	0.1463832219726519
779	799	0.10788710073394875
779	866	0.14344584084540127
780	818	0.1254241125994101
780	830	0.1325530884730405
782	793	0.30323025594050995
784	797	0.13667373263599772
785	794	0.29641499220575324
788	797	0.17207963853294891
799	828	0.14878311362649232
799	837	0.3612935237390824
800	806	0.10763808321576437
801	807	0.11408350933105423
801	816	0.1049650609390455
802	806	0.14858423265698809
804	807	0.20363055716501988
804	816	0.13316892359737104
807	813	0.21655266818555538
808	813	0.19718029393896894
808	815	0.15474065103246576
812	851	0.1074941603271267
813	815	0.12452526184902378
818	872	0.20530836588502907
820	826	0.17221522542067094
820	827	0.10921386522216797
828	866	0.47271271578210206
830	837	0.17520612833854898
830	872	0.2722475630702531
830	879	0.19430297770100743
837	866	0.20314359303711904
840	867	0.1005617848321497
842	879	0.14818635475317846
844	847	0.1510512457915615
845	874	0.10075329313356751
848	864	0.1698061041946672
848	872	0.1008186683092635
849	853	0.24316446905348513
851	857	0.23081767374912618
851	860	0.10559111032464194
856	862	0.33993405033839597
858	860	0.17761056652744828
859	861	0.13866689796083195
864	872	0.40034233464417174
864	879	0.12919052162067982
865	867	0.13658135836609764
866	872	0.11310961366620528
