0	145	0.1349910863492818
0	149	0.10611947105510593
0	289	0.12513834735755805
3	148	0.11201779441598549
3	304	0.10151133092200597
3	418	0.1332510040140329
3	499	0.11777543208360532
3	640	0.18295457464816509
4	97	0.18962592198507466
4	101	0.10057260815478221
5	588	0.13593692965020415
5	829	0.10890058569315175
7	9	0.1035803951158098
7	275	0.10961436393925535
7	434	0.10534806449707211
7	578	0.10136651976528947
8	220	0.1105614646484223
8	682	0.2114901542319446
10	131	0.11877065220225505
10	289	0.12657844941119012
10	825	0.17272389211137484
10	841	0.10651679058639457
10	870	0.10361875028217718
11	73	0.2916412134388118
11	462	0.11296400398392964
11	715	0.14798935842489955
12	164	0.12067871733622514
12	463	0.136249280158967
14	156	0.13236566998618543
14	673	0.12777615461076802
15	148	0.10305156651480667
15	230	0.13208654549024842
15	644	0.10773713619632776
16	713	0.10437436844859123
17	149	0.12197770638885647
17	238	0.11718723552120609
17	269	0.1163426508334808
18	194	0.11030060128789075
18	321	0.12158183350981928
18	638	0.10931665112598529
19	390	0.16846382373308813
20	184	0.1028637632172709
21	721	0.1018655714555699
22	48	0.12355067381407199
22	731	0.12418174445739943
22	798	0.13818618945137157
23	475	0.1586717649388962
23	873	0.11606150484070832
24	103	0.10340889945903985
24	131	0.1083948463493545
24	434	0.10517935046286994
24	732	0.13477634559138169
26	641	0.1297198347164041
27	829	0.10485434697085502
28	159	0.15616109763610383
28	162	0.10372736093204529
28	479	0.1515111281197939
29	145	0.15358702251718728
30	551	0.16683574445859792
31	436	0.18877171086306188
31	752	0.1396241752939413
31	828	0.2134000811929638
31	842	0.14969530099608183
31	864	0.17983074646733352
31	879	0.18729593942568146
32	426	0.10644045184523568
32	436	0.11181556915670014
32	841	0.11924986670397054
34	44	0.10396610460184234
34	400	0.11678808755617823
35	131	0.10244392362277624
35	297	0.12420448183788593
35	689	0.11270369138063706
36	157	0.13666096927448806
36	630	0.14072659721779524
37	360	0.1166052348676553
37	426	0.11517880661286159
38	39	0.12475763089855324
38	360	0.11660214672462821
38	499	0.114699720184447
38	830	0.12447609050460066
39	776	0.10081794364606889
40	166	0.11011460371103851
40	398	0.10035080113082732
40	426	0.17621505081266822
40	665	0.11544094718904364
40	828	0.1186247905527555
40	866	0.11418694030278947
41	651	0.149516294664494
42	49	0.11499532125264586
43	234	0.1006790895546949
43	498	0.11181992188831363
44	400	0.16165354413461558
44	538	0.11473633997351937
45	294	0.16072029774142788
45	592	0.10152883578076626
48	51	0.11357477582674458
48	646	0.11394831063283155
50	139	0.13407240841457757
50	416	0.36519512354007894
50	766	0.129903671451289
50	786	0.11258902881440588
50	823	0.21888291385713615
51	699	0.11148001010550358
53	157	0.17078565536715898
53	236	0.11658372780792382
53	412	0.11657048255184575
53	500	0.11303639243595377
53	856	0.1491970048000562
54	642	0.2074544407764498
55	487	0.13866789256586642
55	552	0.1257543657606337
56	549	0.10085982205524871
57	306	0.11168610071182816
57	354	0.19547294739412863
57	789	0.1995395326799157
60	143	0.20672112570121387
60	534	0.1126426349365396
61	625	0.1077146888771529
63	65	0.17878594164567838
64	65	0.24349645707807696
64	66	0.15571623890131325
65	67	0.11783906071540176
66	67	0.2539351953419178
68	71	0.2526327401549638
68	860	0.11976296122464619
69	72	0.2140038833115313
69	693	0.10036078996641508
70	188	0.10911759878818438
70	430	0.14889412027710375
70	452	0.17319277460357338
70	523	0.46028274788739476
70	703	0.11609511939666456
71	785	0.11358727831459967
73	188	0.12275933499610323
73	196	0.14828529364446838
73	709	0.166663832392764
73	711	0.12586409987719424
74	170	0.15626984685723846
74	241	0.1116124086825521
74	588	0.1146629076159336
74	733	0.1414413365749182
74	762	0.11973817866131573
75	240	0.10948006345913597
76	204	0.13598324635988746
76	547	0.12633636421936445
76	548	0.10142610325534843
76	686	0.10017287380517743
77	291	0.14067620964134997
77	874	0.10704963953764705
78	80	0.14261124421850802
78	149	0.10430806612077499
78	241	0.11618432880729965
79	265	0.27138794227372276
79	651	0.2510127428722129
79	697	0.10337243253873528
79	770	0.16539672040432207
80	343	0.1004211114270427
81	137	0.10744250978608129
82	482	0.14550822726769236
82	500	0.2578526654620746
82	501	0.1559182066425997
82	669	0.11857902242937111
84	123	0.1200300130909541
84	693	0.10540274602174793
86	91	0.2815773102990828
86	721	0.14288059414779522
88	90	0.15168923181275104
89	92	0.11823652225897718
89	325	0.1380088692923038
89	423	0.22653639089325123
89	751	0.1765602353762582
89	753	0.13250903102986294
89	755	0.2528138768544634
91	236	0.11393817432559294
91	831	0.14175692109793792
92	325	0.1534448611049228
92	411	0.129947922785695
92	751	0.18425890855113003
92	755	0.10229903222498427
92	776	0.11299608323610678
93	157	0.10517262409282171
93	275	0.10705137452276423
93	676	0.10741371989427559
93	731	0.11217591654555915
94	408	0.25554488703426714
94	427	0.14932882256296878
94	753	0.14744301244268657
95	107	0.11231709295036443
95	134	0.11605435339171659
95	632	0.12414235715191782
95	817	0.11188248455620509
96	109	0.1379494288723133
96	112	0.1698398077976547
96	115	0.19282774783467446
96	843	0.1044572389810264
98	102	0.12972106633446334
98	139	0.23488197630130236
99	289	0.27974916095749375
99	689	0.11159744268662941
99	691	0.11116278902915942
100	134	0.10749172209845423
103	434	0.10899292126376425
105	108	0.3127434344910196
105	114	0.1407506023093889
105	766	0.25193579077522693
106	240	0.10009552163602735
107	119	0.1432918797922236
107	163	0.14789936995192707
107	588	0.12259753889273835
109	265	0.10967418420319192
109	698	0.11172782134130047
109	701	0.1097995327857952
109	787	0.13198245279750592
111	237	0.10812768786090862
111	257	0.1880191253182568
112	276	0.10934334300010178
114	549	0.10845568889542485
114	764	0.17920342250292315
115	545	0.11142810485791137
116	290	0.24346382266077712
116	308	0.14375550959778677
116	709	0.10073643627781202
117	822	0.13652835034716623
118	879	0.14388594082496103
119	765	0.134767474120898
119	852	0.13851975177589676
121	210	0.104757253437559
123	252	0.3098899934093203
125	327	0.20631347201406697
125	513	0.13999742417213293
125	784	0.13499440735349552
127	128	0.19735219383119115
127	328	0.20454344972188798
127	656	0.11747680038451812
127	677	0.10770470013985237
128	328	0.1617765844050599
128	816	0.12449284039096142
130	618	0.15064089668522224
130	817	0.12391282662596655
131	732	0.11737877268183575
131	791	0.12762690860179818
132	133	0.10818281166654205
132	186	0.10451438070461283
132	244	0.12339388808703144
132	569	0.11533993701573088
132	742	0.13026282469893502
133	184	0.13899300950134919
133	186	0.21698194633427295
134	338	0.10094939874438467
134	600	0.10916429232452594
134	635	0.1935429867922022
135	140	0.2687224396154565
135	743	0.10569275394949185
135	841	0.14219679886363334
136	349	0.11560511469836922
136	618	0.10254382808964746
138	141	0.26488702803508085
138	634	0.10276619513253894
139	766	0.3196202883269915
140	142	0.11273321296808472
141	851	0.1013594686712886
142	469	0.15582191029303608
142	530	0.10009388504733145
143	144	0.18147634943832341
145	149	0.11430385288458993
145	184	0.10026882507764275
145	634	0.10977033453243143
146	493	0.10869255148815668
147	697	0.11771348824942182
148	650	0.11313451103421188
148	758	0.13387826911515924
149	184	0.1254869046708196
149	350	0.1091100276575739
149	401	0.11783847689268663
149	617	0.14080043737711614
149	769	0.10852584566304813
150	852	0.11482863949337416
151	193	0.15336886835114413
151	231	0.12487199899264449
151	367	0.10212083051962875
151	528	0.1632942833513375
151	780	0.13164908564427397
153	864	0.16015703806163242
156	476	0.13661993067601996
156	621	0.13421699080341665
156	698	0.12142750246221092
157	855	0.10404653761224994
158	775	0.12453834956476245
160	516	0.16868139412991182
162	588	0.10205231027890241
164	298	0.14575578177117018
164	426	0.10388778514289665
164	657	0.27376427084965577
164	805	0.11745866174973346
166	360	0.10876714139365132
167	833	0.12084412034797301
168	633	0.20557388940797053
168	787	0.10515135242441083
168	793	0.12018095590520454
170	178	0.11486162662404359
170	436	0.13429225980632123
170	762	0.13048096087626504
170	772	0.14534816022234248
171	176	0.193074116101908
171	183	0.13513630640270322
171	395	0.12913186151199837
172	183	0.1813297826376638
172	723	0.1084509531608437
175	177	0.11966180867278432
175	182	0.11566623385705635
175	226	0.12170625839285355
176	179	0.14078218974539408
176	180	0.2556660065787392
176	279	0.10351442028552706
179	397	0.14951549274958073
179	484	0.10174489611703298
179	486	0.10100693643017473
179	722	0.14202514414109824
180	315	0.127631157382145
180	812	0.1161435565021065
184	279	0.13223555566225184
184	469	0.10170621129889157
185	471	0.12965560068045842
186	321	0.11586104549850472
186	564	0.13535576048982143
188	199	0.2863939982038584
189	200	0.11441936613504669
189	502	0.1014887410450978
189	680	0.11504515153518238
190	295	0.13839052815529615
191	604	0.17601571326201584
191	738	0.10005309033289156
192	203	0.12414333148230852
192	704	0.103351388273032
192	707	0.13938408288050988
192	847	0.1357256025734891
193	324	0.10106240685223455
193	877	0.10095914600666797
194	203	0.10330640126576812
194	262	0.1344681219079818
194	489	0.10912041110125142
194	833	0.11785602840874766
195	197	0.2184586884611624
195	206	0.10484657113429963
196	486	0.1348719574332597
196	780	0.17829147526903733
196	845	0.10387788902363444
196	863	0.13940852272880708
196	876	0.12385374713686678
197	201	0.1569227279947309
197	206	0.33024861491064683
197	502	0.1534547178874036
199	203	0.21341385498126791
199	779	0.13213279092696653
200	466	0.10471299798448767
201	206	0.32558481492478597
202	207	0.1819468743770491
202	669	0.1397005611706895
203	253	0.16133850014675602
203	375	0.11036404688861806
203	723	0.10229001218712627
203	876	0.14721593847509215
204	420	0.1664193530297069
205	544	0.1124906550817948
205	653	0.13875923093283155
207	332	0.11488263070098376
208	297	0.135518601608774
208	465	0.12515393798003605
208	846	0.10731107143806301
209	516	0.10120661802536782
210	562	0.11877282434198709
210	870	0.23993660274166043
211	213	0.11556286412191209
211	268	0.10906223869662722
211	272	0.12653067047257247
211	278	0.17477751098037905
211	800	0.14238845650359438
212	239	0.1339133631783914
212	536	0.10088840476827797
212	743	0.14108339880085363
213	359	0.14690222978125694
213	507	0.16864402948344706
214	215	0.13844467775352207
214	486	0.16935693214745812
214	491	0.1496710005870104
214	570	0.11741985005414504
214	869	0.13735903731281657
215	255	0.11703000045138894
215	452	0.15136881778748457
215	486	0.12445958247198952
215	678	0.11193614975839217
216	246	0.1438165542270131
216	266	0.10066131495602915
217	775	0.16688220282243638
217	777	0.13035502157509576
220	381	0.1109790049484388
220	699	0.10287372088576084
220	710	0.10046816394426307
222	335	0.10233808900580454
223	762	0.10743251681837208
225	745	0.13677608652452786
228	715	0.10042239651589867
228	851	0.15841484087718458
229	440	0.10404662781711715
229	679	0.11288762015748562
229	775	0.272268992501402
230	332	0.10737771669004306
230	805	0.11708745606137916
231	406	0.10148427422908529
232	296	0.13616426056992112
232	305	0.11328476230079541
232	346	0.12529590389027526
232	486	0.12186663419221033
232	722	0.16113172283556812
232	726	0.2092345617055689
232	869	0.13405015333743783
233	319	0.15123270020713922
234	665	0.13379656349438815
235	676	0.170687068639638
236	412	0.10426363691210959
236	538	0.10333968841179014
236	671	0.1129020162063281
237	257	0.10466097432007888
237	460	0.10748417449022601
237	461	0.2179538314982077
237	834	0.22706730188761665
239	769	0.13223221876777436
240	477	0.11013519589421594
240	538	0.10553367361444092
241	349	0.11695617390391926
243	645	0.12116359215722687
243	864	0.13738355292824644
244	621	0.1551894783334213
245	493	0.11836309706781244
245	517	0.12102353389342935
245	537	0.11781263921861769
247	316	0.14913444081876556
247	763	0.10133072261503057
248	474	0.10397069806723824
248	769	0.10239319039953378
249	251	0.10555523045705328
249	313	0.1522718514838364
249	471	0.10403319514741535
251	313	0.11007381367280243
251	646	0.16429679304049072
251	847	0.12571902513627317
252	867	0.11148211472184416
253	439	0.12635773572456835
253	510	0.1128756673660042
253	713	0.11477903721545056
253	780	0.10258123092601315
255	486	0.10805907344831599
255	568	0.11029685596162313
255	577	0.10809710486114404
255	739	0.11596625995369068
255	869	0.12785097841924906
256	257	0.14685584475641428
257	258	0.2274168964893017
258	590	0.14274332680307697
263	502	0.18670035944360736
263	550	0.13108634559487267
263	680	0.2313478319815417
264	279	0.1386436491000132
264	536	0.11892496084000063
264	635	0.10778776320045143
265	431	0.2345107309582082
265	537	0.15644571116065634
265	633	0.20047288381281517
265	791	0.1039523429185843
268	402	0.10186751539269748
270	273	0.13193327268151878
270	457	0.1227919593668343
272	355	0.12847392551455192
272	476	0.10029892290613879
273	457	0.10452548909351148
273	717	0.10390307611658632
274	373	0.1093688122789504
274	380	0.10426167013283298
275	563	0.130306367455939
275	647	0.13515916561240146
275	738	0.14992817016092336
277	367	0.1058660305072176
277	480	0.10863048957670408
279	310	0.118018303532166
280	300	0.4490524282952422
280	310	0.10444703219227092
281	286	0.14707531406603566
281	313	0.14147593096785882
281	632	0.15569324853275726
281	696	0.11111930981194303
282	621	0.10754272867418108
282	625	0.10153079630477851
287	415	0.13415584898723837
287	609	0.12724326945835018
288	805	0.17544179518889022
289	647	0.11616029855003926
289	701	0.13218639465507792
290	767	0.10033188286584438
290	773	0.11087223466853673
292	678	0.12493542205829848
294	711	0.1173804252216537
295	611	0.1252744443169501
297	538	0.11036527401215895
297	708	0.12980878729793738
298	299	0.14459957559682188
298	333	0.12107245613949368
298	657	0.15093057961214204
299	619	0.10177630825381939
300	310	0.13990750612497393
301	433	0.11205692111808305
301	526	0.11422982984237569
302	333	0.10339755124777901
303	400	0.10963112320161388
304	725	0.10134529455555188
305	458	0.11912751503733694
308	568	0.10370079548621723
308	867	0.11526743365696188
309	588	0.10915377095061456
309	773	0.12192751328066041
310	594	0.21278059171822444
311	312	0.11425949799524537
311	659	0.1273274650107211
311	708	0.10900664918001464
312	485	0.10183878165425574
312	773	0.14662546000187468
314	478	0.1448467042212473
315	588	0.12237248084758418
316	495	0.1551254713822238
317	390	0.11496199079865396
318	451	0.10641015137385654
318	453	0.11812058291595212
318	646	0.131391297034074
318	655	0.15379449028469755
318	780	0.10857742312414477
318	847	0.11894793123690413
320	356	0.11692473854825573
321	569	0.10945941750878739
322	831	0.11709062044992344
322	868	0.1691545321986464
323	341	0.13897840796637545
323	342	0.17558732430866722
323	409	0.1360067456294674
324	877	0.1764032053970516
325	408	0.14081022288995607
325	410	0.10633790219625447
325	599	0.11752887989913127
325	624	0.22954874520264756
327	746	0.10337624828008465
328	801	0.12063360679195771
328	816	0.12395483949116994
329	652	0.1197810968687854
329	656	0.19556960424487566
330	677	0.25526679290910426
330	807	0.1140765530448862
331	524	0.10482684730461407
333	384	0.11047326666198833
333	540	0.1434712508551584
333	657	0.12280786335095026
334	586	0.10737610535132566
334	661	0.10206850177944321
334	674	0.11873748255790754
335	600	0.11562210419909978
336	737	0.10161264008682941
338	775	0.1504389436532795
339	639	0.10372099957260592
339	803	0.2485556408733369
341	537	0.12309989476185147
344	428	0.3057832229375172
344	756	0.11493479681068644
346	348	0.13640743936954
346	505	0.1310597125764348
346	696	0.10204779256869695
346	724	0.13393116269713243
347	348	0.3892899178448876
347	704	0.1131764741674396
347	735	0.13495332956703254
349	351	0.11373400717249958
349	477	0.12292098007889779
349	800	0.139372521499857
349	840	0.13125997279079793
351	467	0.12496792552779826
351	729	0.10514294781288511
354	595	0.11228023938410295
354	709	0.1006911650816021
356	360	0.2010270407218026
356	398	0.1207922405456162
357	536	0.10792178849104064
358	360	0.16081153749389698
358	363	0.23532115961801733
358	378	0.19244171973918553
358	778	0.18130601666784207
358	837	0.10101261122104671
358	872	0.11825760177598654
358	879	0.12954191546875132
359	361	0.4455212182606839
359	466	0.1147999422270008
359	494	0.12580159420298995
359	621	0.11707331778907193
360	363	0.3029043503057087
360	381	0.12268508959525655
360	799	0.2045598107948351
360	866	0.10849395820640433
361	466	0.10737062683229928
361	469	0.10095443886689208
362	610	0.12058673349160973
362	802	0.12679269768134618
363	378	0.13700287754633103
363	436	0.18906933737670267
363	778	0.16997659283581407
365	370	0.11418951001773085
365	451	0.27532986150130895
365	652	0.2969110884647213
365	656	0.13825342090689174
366	369	0.11364902723987677
366	380	0.13783666808527006
367	421	0.22225719554707735
368	732	0.12178080698838813
369	727	0.10233099516966232
369	845	0.10994755848026339
370	371	0.37469382569868925
370	652	0.13968813711598724
370	653	0.19518337461051252
371	653	0.12048274631237033
371	655	0.15082522999229891
371	656	0.15287151237711832
371	863	0.10610486169071422
372	658	0.10084500798279543
373	380	0.4011214263144678
373	473	0.10360301150756447
373	543	0.1768856430088145
373	877	0.12278568745674169
374	527	0.1307070551902924
374	550	0.23000022782346752
374	801	0.15659187099826335
374	813	0.105832811439928
375	528	0.10021803515783868
376	549	0.11481394948172033
376	764	0.21223466373992775
378	436	0.21583681985358347
378	752	0.1028676904744803
378	837	0.2081399547427642
379	530	0.12841031367478578
379	757	0.13214390452655408
380	548	0.10491340451225593
385	557	0.10866430264212208
385	844	0.10231682502960643
388	632	0.110459713699951
388	637	0.11754520573557874
388	829	0.11753667227508256
390	560	0.10028098176997113
391	396	0.32210370529979804
392	671	0.12217153811887925
394	395	0.2504113213151597
394	396	0.14893262896282597
395	397	0.1312069024168984
397	722	0.15629723054765915
397	723	0.10060520670588799
397	837	0.10257789938428055
398	448	0.13538063818110452
398	680	0.15616404113435253
398	739	0.1226368778332273
398	788	0.12260387448434107
401	588	0.16048917427856824
401	593	0.13480292250362835
402	433	0.10878819229231912
402	559	0.1015037532445681
402	681	0.10304415821459172
403	634	0.10321601704715674
403	817	0.12030597317976509
404	621	0.12136891122384
404	745	0.11146314969931438
404	851	0.1225193840995272
406	482	0.12404814769643181
407	419	0.409680747814033
408	423	0.21575961301291383
408	552	0.1717257692663449
408	624	0.34088128504710197
408	752	0.10485866578494066
408	755	0.22720379943580893
409	871	0.12892543235175769
410	412	0.21813679820806128
410	539	0.12197945939106924
410	610	0.13463238233415414
410	657	0.1303410136696568
411	427	0.10729631715426255
411	540	0.1379639454138754
411	776	0.12049313950922497
414	533	0.21768503557855895
415	438	0.10040708173084299
415	612	0.11659942344791596
415	789	0.12327827396999903
416	417	0.12132550399083826
416	823	0.11583889116599368
417	823	0.15868309676682657
417	824	0.1374146169649484
418	551	0.11231047694434433
418	762	0.102414764996489
419	824	0.19016462818484298
420	458	0.11480853287019428
420	465	0.10612533429839585
420	624	0.10623832123766708
420	739	0.11882062001304147
420	863	0.1023819765309478
421	454	0.10037286885836304
421	591	0.10735522122930434
421	626	0.10498844330783746
423	624	0.3140517048140338
423	755	0.1528954663727872
424	488	0.12925179247756144
424	508	0.10414649000567505
424	586	0.10489693037027464
424	733	0.1138169986372178
425	558	0.13982911462897618
426	452	0.10994744337956017
427	753	0.18173591268306802
429	573	0.2716328506448932
429	667	0.10597919360406373
429	792	0.17599116693111777
431	481	0.12560552055083013
432	832	0.379889519808753
433	441	0.22022475651056217
433	445	0.22604417694039397
433	703	0.13827394105981228
433	713	0.11806008983236117
433	719	0.12485746382287591
433	844	0.12434227829214017
434	444	0.38596994035981796
434	497	0.10061372091689219
434	524	0.13188771126743784
434	701	0.17510167167465665
434	704	0.11307506426685641
434	735	0.21291703163824674
436	828	0.22702993852178677
436	830	0.16747650711573375
437	439	0.1052461169878038
437	441	0.27084737645794016
437	701	0.11625709776465376
437	706	0.13705760337982542
437	711	0.14074337685010024
438	572	0.17060718593989077
439	706	0.15597445733250986
439	713	0.1765462531142425
440	442	0.10971157673862128
441	712	0.11661166668939273
441	713	0.17085534022051804
442	714	0.14763684282857373
444	710	0.11343505170301053
444	735	0.1472979989393305
444	763	0.10005284628499829
445	530	0.12163501931566777
445	703	0.10166561421813645
445	784	0.11763831637174754
446	658	0.11089939972505783
446	705	0.18521191426769346
446	708	0.26788001991387794
447	535	0.10013836671199926
447	703	0.10683045447882533
447	715	0.16714152454522943
448	522	0.15559648087770336
450	455	0.26610792951866935
450	655	0.12123831647988473
451	652	0.17268844028610053
451	655	0.1337984885177029
451	780	0.12514672045018155
452	786	0.1128174502763814
452	797	0.1630120058475975
452	822	0.19047487865912985
453	654	0.15038345798855404
454	457	0.10382853561365382
454	490	0.2013064619041382
454	500	0.16024873986670096
455	617	0.11150526658260948
457	488	0.23830929706727008
457	490	0.22443248553366332
457	505	0.12257114704879889
457	857	0.10167593274526214
460	461	0.13746960986192025
460	836	0.1390361796002466
461	835	0.3182266732758741
465	503	0.1652584277777797
465	650	0.18387300007018326
465	666	0.1039348463975729
467	468	0.25456617740789034
467	700	0.10191941401712583
469	559	0.10264384095373795
470	474	0.1355761057476163
470	615	0.12320477373431608
471	515	0.24548279801227596
474	871	0.10776108369049689
477	524	0.16096841476222876
477	538	0.13808449344272944
477	698	0.1180034312388969
477	732	0.15403953054583827
477	838	0.11661658495534041
480	687	0.12811240869048116
481	698	0.11246711136985948
482	505	0.1215110783045024
482	669	0.11648733361725659
483	489	0.12135162936106257
483	502	0.10237066397921603
483	672	0.11556761578348636
483	754	0.14122724793267086
484	489	0.11957055194674801
484	570	0.19635463137581038
484	590	0.12312808215499108
484	678	0.11498280643617682
485	486	0.1737825598136167
485	672	0.15374914383362884
485	750	0.16109511886958114
486	552	0.1504440324409904
486	678	0.10168572710503271
486	869	0.22414578590066506
487	488	0.1859522487257469
487	490	0.10101059325092467
488	490	0.11831427573597261
488	498	0.23296774052461738
488	500	0.12841993852683714
488	677	0.15115416393598993
489	580	0.11968414806562716
489	599	0.10375161595543031
490	505	0.13650787665499517
490	668	0.14187167379847904
491	511	0.14190741422495495
491	599	0.10048310897243787
491	663	0.11257887842450012
491	678	0.1013001360132429
492	494	0.14225736017453253
493	539	0.13501824056562878
493	616	0.17430603472938513
493	651	0.10015105650435448
496	802	0.10079634350894574
497	558	0.11222961818944376
498	501	0.2035377081267039
498	630	0.10735838726890098
499	776	0.16954655488104575
499	830	0.389267758253125
499	872	0.1714708517126785
500	707	0.11914921181512096
500	724	0.10533620396748221
503	666	0.11461162706524743
503	686	0.1026308983583966
503	755	0.10048205901618613
504	621	0.203217125242533
504	851	0.14247943943716748
506	669	0.12274115486451098
511	869	0.12109814521169328
513	557	0.2066298249880689
513	769	0.10751667805557237
513	819	0.13799513671310595
515	567	0.1300112054429233
516	636	0.10634242892799432
519	756	0.20824367117179793
520	533	0.3504414104625228
522	750	0.1371860426867144
522	818	0.18752403960331404
522	830	0.14245705535430722
522	864	0.12956119235057317
522	866	0.1611636167493673
522	872	0.15108640065270795
527	550	0.19721934335269736
528	653	0.15069439984554953
530	535	0.30790527019477687
531	534	0.12511550128819707
531	627	0.12011066863005157
534	535	0.10213387906813891
537	633	0.1447506673417694
541	729	0.10255602379246545
541	774	0.16797920877923384
543	547	0.2552441411829277
543	550	0.13588463959442132
544	547	0.19990106837249605
544	548	0.1995320345755065
544	550	0.23362949201521044
544	846	0.1009778218691153
546	734	0.10685681912469121
547	548	0.3028467695520074
548	846	0.15070168171646398
549	550	0.10263247794635577
550	680	0.169512771142017
552	599	0.15071448814138447
552	754	0.3004131879759639
552	869	0.11276175222839235
554	798	0.22918639640183902
555	848	0.20099160470064617
555	864	0.1398963226843745
556	598	0.14412588023964867
556	600	0.11729969942944601
556	638	0.162985982426977
556	772	0.10894635396435397
557	558	0.10610201976362706
558	781	0.10147112678940724
558	865	0.29320483469299413
560	734	0.13203120093468027
562	615	0.13111733657403965
562	698	0.11346008803120493
562	743	0.11955312353845915
563	580	0.18870446887949305
563	587	0.11048686462731745
563	647	0.11048841210491124
564	668	0.1359163933071145
564	675	0.1357680724970536
564	813	0.10067677663272154
565	566	0.2203497999811288
568	576	0.10965406318239723
568	577	0.15192873332413692
568	580	0.1280935030867525
568	587	0.33606801111112206
568	714	0.10439710663939372
569	575	0.17671415301596766
570	613	0.11931774795791251
571	604	0.14093169510149714
571	605	0.1252665027766284
571	678	0.18855018115328007
573	797	0.10094022147568682
574	579	0.1816867910211809
576	587	0.23278423862937866
580	765	0.11128802046160273
581	837	0.13145461711174133
588	593	0.2181739288966336
589	594	0.10110126632447308
591	595	0.40300337542068554
591	789	0.1151258591222318
592	706	0.13360738625974933
592	711	0.15852022279936354
592	715	0.11840842769382941
593	755	0.10146688174855104
595	709	0.10013583581176795
596	608	0.12304487930358553
599	750	0.2681544120449874
599	752	0.10827268868513582
599	848	0.1528055532074819
600	603	0.15103366804628346
600	644	0.14530382588464927
601	604	0.19479184128804128
601	606	0.1580676478011214
601	714	0.10967686446755438
603	843	0.28545627548704444
605	606	0.2098122240905292
606	659	0.11686559533697381
608	711	0.10029293059771315
621	698	0.10733076880714854
621	734	0.10545654585758327
621	851	0.17754849215556973
623	687	0.1147591021263763
627	737	0.11377860986194384
630	835	0.11604105255664635
631	777	0.10667444750998167
631	786	0.10874727373077592
636	741	0.14031628414189123
638	811	0.2103333101769032
640	771	0.10406080538969265
643	703	0.1347435377988425
644	781	0.11739490538854712
645	847	0.15374130225391566
646	845	0.11339017512881738
646	847	0.27994584859557514
647	648	0.10625453249756303
647	875	0.10027672655194832
648	743	0.10305034700790446
650	666	0.10138186900853154
654	656	0.4416001171080438
655	656	0.14807684500420867
657	736	0.12441657045489062
660	665	0.1984037077297624
663	667	0.10595002875390305
663	786	0.18080669041743325
665	812	0.11050273201222735
667	677	0.11063282636550394
667	758	0.11643646409070336
668	675	0.1008098297361984
668	676	0.2096170215791721
668	813	0.1186996217620972
668	816	0.1163287589011279
671	674	0.19093260225687061
671	729	0.11747043984202886
672	678	0.4199959555466648
676	801	0.13921657518880573
676	815	0.13424291143023603
688	695	0.26658212577989826
691	841	0.11153516648953957
694	868	0.10154663448245015
695	771	0.14940120867989554
697	795	0.15040350549153014
698	701	0.11155892603280523
698	716	0.1550055177566376
699	704	0.1585480392595861
699	710	0.2868102796837167
699	724	0.1165210862387866
699	735	0.3112333982915825
701	703	0.10124784225204694
701	811	0.10022731412008404
702	730	0.17886060056486291
702	731	0.17698350325401146
703	713	0.1783859459008817
703	784	0.11079891930991988
704	707	0.33894991759328474
704	710	0.15342128303198538
704	717	0.1812262875919992
704	720	0.11046417749858237
704	727	0.14552104257740492
704	735	0.16613777276581523
705	708	0.10054634561044481
706	711	0.11176036407543571
706	712	0.3916900944150292
707	710	0.3796576199883168
707	717	0.262806189653343
707	720	0.14405455399653103
707	727	0.12165305832876747
708	730	0.29983456088799243
708	731	0.26697427607169877
708	750	0.1281871437761382
709	715	0.12855084502916417
709	789	0.11937972429947236
710	720	0.3420906166706873
710	774	0.10095871835020813
711	715	0.37974059178978553
712	788	0.10119843414474816
715	794	0.1470638320296289
716	720	0.13534755743085203
716	763	0.11856255814152503
722	726	0.3506643237142175
724	727	0.24172851602913592
731	778	0.12836993825307424
732	875	0.13015849345898886
734	822	0.11966621461644263
734	838	0.12184842094549023
736	832	0.11981590690317
737	738	0.10901720253916802
739	822	0.10721220932370536
739	861	0.1027723961562198
743	839	0.11277382731929475
747	796	0.18935548918370254
748	758	0.11032665651320481
750	778	0.10205182119664298
750	848	0.15593369603138604
750	872	0.1394586153601911
751	753	0.30192706185831253
752	755	0.13666268151568747
752	828	0.16445964502344934
752	837	0.13826769823926172
752	842	0.12108353946098434
752	879	0.119478370497578
753	754	0.10764428559952613
754	828	0.13918202943837554
754	866	0.14521662375017397
759	867	0.14956301323799354
760	767	0.16939945542252513
760	771	0.1603325419005922
761	762	0.203158402810943
761	851	0.1382034922633181
765	837	0.11143681185774391
767	771	0.16330459056050778
768	774	0.12021172013359244
776	830	0.25695410477316644
776	869	0.11461536423995525
778	872	0.131565762660016
778	879	0.12148281064143765
780	845	0.17341825669258598
785	788	0.15983716142682997
785	794	0.17390305702236444
788	792	0.1769745906972361
788	794	0.14843169105012174
788	797	0.2492673939699084
789	842	0.18507572255664523
792	794	0.1075026767717259
792	797	0.18934705691804926
799	837	0.10161311509647072
799	864	0.22512364274511862
799	866	0.19100573766012527
801	807	0.1755705356314866
801	813	0.21614149972520083
804	808	0.22436280155866664
804	813	0.14762634338842737
808	815	0.20621887479859072
812	851	0.1483017452203721
812	868	0.10201841011121111
815	816	0.2696864652762356
818	872	0.11734173583757247
820	826	0.12655300599528177
823	824	0.2955493291116337
823	832	0.10339558359744962
825	841	0.12302877344313026
828	842	0.2672769632948697
828	864	0.12021809330518327
828	866	0.4042304354701938
828	879	0.10106468757685248
834	835	0.1810651955914738
837	848	0.11392142684252714
837	879	0.29502928185141664
842	872	0.28419532381242874
845	847	0.10944055125854113
848	872	0.2162009714760454
848	879	0.28607549743196503
849	853	0.10253450349934431
851	862	0.13344457673521587
855	857	0.14823409698079193
855	860	0.10594900378172634
856	862	0.21237056681310157
864	866	0.38619625335989916
866	879	0.11628541725265065
872	879	0.1456754259901746
