0	234	0.1284003044072168
0	536	0.10324828412912097
8	669	0.14453471300750576
8	683	0.10462177277601037
26	42	0.10511662472263789
30	642	0.10691358957979913
30	857	0.10465545435608749
31	436	0.10768829192970197
31	837	0.1358697913458986
53	157	0.10576687375646383
54	640	0.11857885475997808
54	642	0.1184398286389084
56	543	0.13057928797633644
63	64	0.1282607175630659
65	66	0.1993266093231615
70	199	0.11255829094637136
82	500	0.1311030217268422
87	323	0.1152486991623593
87	342	0.12322021331363467
89	423	0.13825614591973995
89	427	0.13607055286951647
92	755	0.12257256016643098
94	427	0.16108332512679693
97	503	0.162479494353832
108	766	0.11062581164660173
109	477	0.10892722745462882
114	764	0.24082945996020366
120	756	0.100684681400343
126	128	0.1849269725898573
132	648	0.11334837199312027
140	142	0.1673302922935605
171	176	0.18110949838595086
172	183	0.1011347682803844
180	183	0.21586366981610705
184	536	0.11396318222952459
185	825	0.15829486575401192
189	204	0.2701813769094096
192	780	0.11014515449370837
194	232	0.12248621966512317
200	204	0.22095615197012275
200	308	0.1343012187833828
203	452	0.10126718865071284
208	680	0.10044814673960674
218	233	0.15630157945891435
232	489	0.12259626515001666
237	834	0.14660678899444457
245	265	0.1380766887355808
247	495	0.15978353777846876
265	493	0.11226432009625059
279	536	0.12399489942455094
281	286	0.10680695226212893
287	294	0.11917041730796338
289	825	0.10259120308669187
294	299	0.10367794644154923
294	612	0.10032709133741219
298	540	0.14640951501069766
305	310	0.10960475728049007
311	702	0.10265962621177953
311	708	0.10996982750201954
322	474	0.10939878794184626
327	817	0.12877924372951602
329	656	0.11672378490554518
346	347	0.1737082891517526
346	348	0.26881284197233857
348	686	0.10366747144124626
356	360	0.12602644777314315
357	361	0.17842775654522725
359	362	0.13042742653610123
361	806	0.16512868591664473
365	375	0.16824920055800727
365	455	0.12559205939524037
370	653	0.1319179037605439
371	652	0.10316155811643256
373	473	0.10892026560909977
374	376	0.12379190260846341
375	455	0.10206353872649566
375	656	0.11656294186508846
376	549	0.12420147120151633
376	764	0.16062126116220105
378	864	0.20657904952460826
378	866	0.11949263117764346
387	520	0.166510120348422
388	635	0.10020411557856417
390	851	0.10932759493577217
391	394	0.2178664891051397
392	659	0.1010601499896821
398	448	0.10793070432715184
405	483	0.13041713539271235
407	429	0.15352842760357785
407	573	0.1707751835077393
408	427	0.16057337013033338
408	624	0.29544469358752906
408	755	0.2237336309321476
412	643	0.11438582553812401
416	417	0.16086848127655412
422	462	0.11478293529171334
424	685	0.1002206689239535
427	755	0.1645577540165775
429	663	0.15360729192296926
435	748	0.11056467244131121
436	522	0.23834419212690391
436	818	0.1042075827716503
437	447	0.2380291553792998
441	445	0.1725666747750868
447	709	0.14433588600236957
450	655	0.19214644034152686
452	523	0.18270497405009678
454	490	0.27593456740452693
457	488	0.15088220480135367
461	836	0.2468650486092076
470	636	0.11223946145420226
482	488	0.11667287236378872
483	484	0.234403240408487
483	489	0.1502435520700342
483	491	0.14266228470180914
485	863	0.103071336630674
488	500	0.2801672134037917
489	491	0.10350096517578809
493	537	0.10468198726182329
499	799	0.12977386307922803
499	830	0.10120729856204487
500	505	0.10369575792982685
501	505	0.16620596257030448
503	665	0.10708470934108866
505	506	0.17207654368925845
522	837	0.16257451540484874
531	534	0.10995524167790116
537	539	0.10841458353506002
537	616	0.1889068132728132
543	547	0.16239506270534965
544	548	0.1597387104727959
544	550	0.10900615063514511
548	550	0.11194040615137443
559	561	0.14667314440585014
563	568	0.10946470807556667
563	577	0.11490504663198307
563	580	0.12580368419386298
565	579	0.11643141069865168
568	580	0.31430950964231114
569	575	0.13630547178111815
570	577	0.12482454925444443
576	587	0.26767987899378587
580	587	0.15557082333848135
588	596	0.1055328151591761
591	596	0.14854675062037598
599	752	0.21387340119939086
616	651	0.19095270238619125
625	825	0.1841164384260594
630	855	0.12203872784919728
644	843	0.10088890853524621
652	656	0.3600997639957472
653	655	0.17130990070645408
654	656	0.1906915444690615
660	665	0.11455643776571962
663	667	0.28809723346606
668	675	0.14343922360613517
676	677	0.10515174575717862
680	846	0.10235115609643876
699	710	0.1301403833094919
699	716	0.11599772228780661
699	717	0.1281393317843127
702	708	0.11190909956938427
702	730	0.10094152653139363
703	713	0.10630516032156564
704	717	0.23128140000950995
706	711	0.284226646687772
706	712	0.11750471903487109
707	735	0.11518863942176191
711	715	0.10417413798649608
712	786	0.1524447252206569
722	726	0.20790294552714295
723	726	0.15482832388612397
750	776	0.12023933511874943
750	879	0.12874587984492175
778	830	0.10982424621551352
785	794	0.164645399154505
786	792	0.1677507768202962
787	793	0.13023423271902163
787	798	0.17415964752501828
799	848	0.11600553380392101
804	807	0.10330106303073647
807	816	0.22053107297030852
815	816	0.33197797962300607
818	864	0.15519790786398724
828	848	0.20999457516870917
828	872	0.1178143720641787
830	842	0.21044418013859878
837	848	0.14998265838622324
845	847	0.1413286905364661
848	864	0.19476622531811463
864	866	0.26160393388978787
866	872	0.17345121859264384
872	879	0.1232931754613586
