0	768	0.1293399478146373
3	425	0.13443204326973676
8	669	0.1267187492662123
11	822	0.11838208167047738
18	523	0.1292748614544493
25	387	0.11216465591980089
26	368	0.10324808321291103
27	71	0.21210259972186296
32	119	0.10156957994571728
38	39	0.10274780757073484
43	51	0.25133543250595297
54	642	0.2431067229034123
56	527	0.14456625009842575
65	67	0.2284662384756693
70	199	0.10016580640641776
70	430	0.17800394612209747
73	430	0.14646620381574801
73	452	0.15730448426114
73	822	0.14314505688635898
74	170	0.13566843953095523
76	263	0.10285835166588443
79	245	0.16037984338043232
79	431	0.22670263032290677
82	487	0.13157995112224607
86	322	0.11668410450460691
86	459	0.1301857222239473
87	323	0.11266222657939563
89	94	0.2506802775419249
89	408	0.10021870090854762
89	755	0.14482123007393372
93	835	0.1351177374659588
94	411	0.11159690049084467
94	427	0.13464551055977086
98	108	0.1210831021110629
116	290	0.10631553968992145
134	388	0.13156739775082504
134	635	0.12813278153564747
135	142	0.19793400716340817
154	318	0.10140156387026196
174	180	0.21458525561230976
184	513	0.11220118270988864
189	200	0.16340753769675434
198	207	0.10513969765912487
199	203	0.2042844989644566
200	208	0.17421426440864873
201	206	0.12413096552893392
204	208	0.1289907380636056
212	264	0.13545808977487211
213	510	0.1190178132277737
214	587	0.10083998447428423
224	744	0.10032546769163166
229	777	0.17410768519484068
230	598	0.21039083552636767
235	564	0.13379152232628977
236	831	0.16164712693491373
237	461	0.13373708340928225
244	492	0.19579808745951405
245	431	0.10635575040602983
247	495	0.106661567060902
249	253	0.1713198409123897
265	651	0.17133322207402646
280	296	0.19257138627372225
280	300	0.2023538342034838
290	773	0.10407970701551368
293	294	0.2253100287760639
293	609	0.10247226722328925
296	300	0.11890513581449781
306	438	0.10418004925405278
322	819	0.12877436433950598
325	408	0.11682734280440107
325	755	0.1457822657870404
327	817	0.21610314573942088
329	655	0.14651628380025514
339	803	0.10730807654598684
344	428	0.13423978476356535
344	519	0.10805169675604166
348	727	0.1448608255380218
356	360	0.14459737101059142
358	363	0.12752691132945584
361	684	0.10709515631307347
364	651	0.11361852460013605
365	652	0.10715477804493236
367	421	0.1189024663083818
373	380	0.14249667684114245
375	654	0.10585097804638133
378	864	0.14329710559398387
378	879	0.13218354591376286
388	635	0.1425438536584362
406	501	0.1326831238646162
407	416	0.17082597294916607
407	823	0.11692967824299355
411	427	0.1169299131316464
416	419	0.11178111693891536
419	429	0.1220419969048145
420	780	0.1261548495064327
423	751	0.11841790659621546
423	753	0.10141919639738073
426	665	0.1441639785343172
428	519	0.13252601917686146
429	573	0.12715528291303624
431	651	0.19655974323046732
433	447	0.10750787893833907
433	701	0.10526392298378713
434	444	0.13181232319653174
434	698	0.12721815869175182
436	522	0.12146164052699755
436	830	0.16490029776762
439	447	0.10803342784321446
439	709	0.10150445480974489
444	763	0.12599143096901086
445	447	0.19318284971954522
446	700	0.23098560121746067
450	453	0.19640601962263424
450	654	0.1200053064350522
454	488	0.11789885293790257
457	488	0.16653640684609436
460	461	0.11702962055681002
460	833	0.12196546328669816
462	463	0.19753022393684425
472	516	0.103343892495078
482	487	0.12502331408606063
482	506	0.10245169102195568
490	500	0.2600578438660726
491	511	0.12246970509028153
498	500	0.11039405919084144
499	837	0.15533559401147523
515	870	0.11364959693089309
522	842	0.10303432683268392
522	879	0.2175226000280653
530	535	0.10714104403750065
531	534	0.1387444779283118
540	657	0.1273443361312328
544	550	0.11263355567720235
552	776	0.21567539382534973
554	555	0.10881375233031002
555	752	0.10613289045112559
564	677	0.10762445718216691
569	575	0.1643304514329708
577	580	0.15255046454210403
592	593	0.11642825691392665
592	596	0.13071686269914587
599	776	0.1003819834058835
599	778	0.1983121243022525
600	644	0.10180113272526341
605	845	0.10017175071611767
609	612	0.10566896849228888
624	751	0.1186532270998457
624	755	0.17750500808144448
669	682	0.12226114613679985
671	674	0.10359551867162911
671	679	0.11273492848666877
691	694	0.10073611020946847
692	693	0.15429641211241157
699	707	0.10527242295981909
699	710	0.10076819193147084
703	715	0.13697840196343636
704	727	0.17503902307124442
707	710	0.12042034295587378
707	720	0.19849580810886358
708	731	0.11139194641750026
709	712	0.10851341325421236
710	724	0.1142777810593995
710	727	0.12146879154153567
711	713	0.11013948780975234
711	715	0.16558716255879263
721	868	0.10495563698352264
727	763	0.11544901607810844
751	753	0.12513505043918102
754	776	0.19068614014048782
761	772	0.1494439888802108
767	771	0.11921609266719725
778	828	0.12934221728239306
788	797	0.16935515627074804
807	815	0.1150663331017611
815	816	0.10192862096985653
818	837	0.17061510507681055
818	872	0.10525133819416549
823	824	0.10627032486044001
828	848	0.16259023972576986
828	879	0.2782695555077936
837	864	0.1279109696494968
855	856	0.14334412177896194
864	866	0.11199942666755847
