3	304	0.10711156222955975
3	425	0.11623571949350525
11	73	0.23324157718321614
23	477	0.13385321336702785
25	26	0.12024904402372157
25	71	0.11676657982429928
26	520	0.11606771447413297
31	378	0.1953852365829997
31	828	0.1473138439998931
37	40	0.16360017428316112
38	39	0.11624921288757388
38	40	0.20281724483567415
44	400	0.10276750642546045
45	354	0.1062906013694032
47	102	0.14243892714275955
48	51	0.12250698627531185
53	424	0.1206457481694066
53	630	0.11652177967604943
63	64	0.19161162442218665
64	66	0.14037080699887144
64	67	0.22690012054182213
70	822	0.13993712126288702
76	231	0.10527823051468253
79	539	0.16762183674116468
79	651	0.11621376392354688
81	618	0.1373959020679222
82	454	0.27311434966301557
82	500	0.12061506511824399
89	411	0.18969324724792794
91	322	0.10092416487727965
91	831	0.12833698791523662
92	325	0.12085432312412463
93	831	0.16401322419056694
94	411	0.15159052288593036
94	427	0.18723273805450222
102	766	0.23120816368194616
105	108	0.18465453355496508
105	139	0.19810443788041032
116	290	0.12370957376650209
126	127	0.12580420679055468
126	128	0.2446206390170123
127	677	0.12448311987998824
134	635	0.15558162876605758
172	179	0.25460134405898577
174	180	0.11718622406159634
176	183	0.159234920260262
184	536	0.11385502254613895
184	579	0.10526179030461577
193	205	0.11972888314208653
198	202	0.10890259124937844
202	207	0.10519119614002
203	523	0.10574952021741095
209	412	0.12409035877427124
210	515	0.11015657682782537
212	244	0.10652531828582301
227	233	0.10402758092421434
229	392	0.1265834387027578
232	486	0.10684977873082761
236	459	0.1421866543082637
237	460	0.1071380891792266
237	835	0.11460612631870275
238	737	0.1148772721895497
244	648	0.11393721059104167
245	265	0.1554056899207049
245	493	0.17777268338321978
249	541	0.10275269399654989
257	460	0.11121538792223261
260	619	0.10954498122288753
265	431	0.12013387100627662
280	821	0.11116202098927366
290	292	0.14998983387300724
296	300	0.1463956047031533
299	709	0.10926593432554332
308	583	0.1037173442815768
310	594	0.15328754781274934
325	624	0.11382619459498224
325	755	0.11218674747150124
328	677	0.14303344328921214
329	654	0.16918239817849565
330	813	0.142141909791002
338	733	0.13570155986148075
344	519	0.1576539318308721
347	348	0.21154546437946295
352	363	0.11349928998445527
356	448	0.1038808471272036
357	362	0.1876657709625067
359	361	0.13054153120223125
370	528	0.10531295965903546
375	656	0.10156123921767606
378	522	0.12718994157539604
378	830	0.13659961730783352
391	396	0.13763115815301818
401	588	0.1724068958923807
407	416	0.11395263304620089
408	411	0.13320757238925107
411	753	0.18217677516086803
412	496	0.13743620159185216
415	609	0.15227790223372173
416	823	0.142628795443376
417	663	0.11839598139226187
417	823	0.14600114177826445
423	427	0.12446690124912682
428	519	0.10629902926657281
430	452	0.19896285361980004
430	523	0.13328699104636071
430	822	0.10174035800297597
434	444	0.14407027975208117
436	848	0.1915646772851652
436	866	0.18859455479619677
441	445	0.15740734133273754
441	447	0.13022104101373175
441	715	0.10138814572787239
442	714	0.15229798049246768
448	499	0.10415918929998826
450	451	0.12682389282193723
455	652	0.12787953337530197
457	488	0.1352821338575356
457	501	0.1618741808471077
461	835	0.10318424983921848
476	480	0.1601098026830337
480	687	0.11091492382191695
482	500	0.1862965250945642
483	678	0.1267787410338633
484	486	0.10577172055389202
486	869	0.10432540632025998
489	869	0.11266198721345537
499	754	0.10494714910579071
499	848	0.10747183847741461
499	864	0.11892403156683883
499	872	0.10318200797777538
501	505	0.11145688204781001
503	660	0.134122895153373
522	799	0.18033138976007135
522	872	0.1547024700331147
537	539	0.18628320534348294
543	547	0.10633105406826605
552	752	0.1261610079925112
563	570	0.1078655148203786
564	813	0.10037563483202758
566	574	0.11624011474597182
566	579	0.12965309605307546
571	604	0.15815749726825584
571	605	0.11973160354814989
577	587	0.17196461595281237
592	596	0.17969017263521092
599	776	0.11877655676018878
599	818	0.10207421758770692
601	605	0.3078029424759516
604	605	0.101459147684798
609	612	0.12654074170894972
617	696	0.14457422670790815
624	755	0.11795370980180206
626	629	0.14981873520241537
629	631	0.18958957305572358
645	844	0.21885231474064637
653	656	0.1339618784224706
663	667	0.12203794350827148
665	857	0.10897540974365343
669	686	0.15491572119961247
671	674	0.15710034218928348
674	679	0.24124445759324825
676	815	0.11698613083874405
699	720	0.20309993199657786
699	727	0.12097335431048244
702	705	0.1741194429369955
702	731	0.16952828624069935
703	712	0.13019227826149377
705	730	0.19754838517091122
705	754	0.10091121653089838
709	711	0.2103117045053475
709	713	0.14523164014226486
710	724	0.13645446473973596
710	727	0.12956814909999526
711	713	0.14977399794533447
712	786	0.10350320410357809
715	788	0.1264323442706746
716	720	0.10188632875293306
722	726	0.20704232463123784
724	727	0.16460862659001138
750	752	0.17407316698930786
750	799	0.11748750581665882
750	842	0.10834463121488813
752	778	0.1696064023275482
752	864	0.11533652871438
752	879	0.1390270343210418
799	837	0.18909637301198026
799	864	0.15475708762144189
799	872	0.10260197504105728
802	814	0.14863910525577628
808	813	0.3087346945562945
810	825	0.20160353257083682
813	815	0.16934697333822585
813	816	0.11689907767483963
818	848	0.14481865476348246
818	866	0.12250751767942078
818	872	0.10457488419597194
821	826	0.2310253735643817
830	842	0.1626820563444342
830	864	0.19128403512288808
833	835	0.13444205215058755
833	836	0.1943815023848859
834	835	0.16725294845641317
842	879	0.23097075593582578
848	866	0.13101561079661977
851	857	0.13990763215754776
856	858	0.10068896578727092
858	860	0.12226985201040005
866	872	0.16389541407606628
874	877	0.11578657103423473
