0	396	0.12269715799517507
0	542	0.13915919921956058
0	768	0.13561882551011525
0	798	0.11554339356895993
2	11	0.10502942975451507
2	822	0.11588772874349638
3	30	0.11679494207976386
3	54	0.10804772684628455
3	311	0.11647442714819954
3	640	0.1444540386343914
4	465	0.14379046574800394
4	503	0.11584000010123752
4	660	0.17155749252332306
6	517	0.10877189880323085
7	526	0.1356894444757003
7	873	0.11487086792114663
8	204	0.10540682423373056
8	347	0.11244637745464045
8	501	0.10522422210099103
8	544	0.11056299296442014
8	683	0.1138700809222066
9	52	0.13214593253126927
9	498	0.13291106609501424
9	637	0.10653774388544895
10	12	0.13192115629408632
10	185	0.10261120753190534
10	471	0.10884016036405084
10	625	0.18436609638013973
10	810	0.1014327349061172
10	825	0.12138876019608327
11	73	0.1396889977692794
11	196	0.14129194596497524
11	203	0.1508535634263108
11	308	0.10129580431463456
11	348	0.10629471857531893
11	452	0.1981330705731133
11	523	0.1569408928564455
12	190	0.15025707239517183
14	433	0.11730626532390162
15	94	0.10387350163928598
15	325	0.11807407700372427
15	332	0.1670616699760353
17	183	0.10956831250048629
17	727	0.125794526488731
18	179	0.18600667099699428
18	484	0.10660960718750345
18	720	0.10118082227681767
19	317	0.12294473885183557
19	637	0.11677786268269237
19	777	0.1197972101251858
19	851	0.14436545260336658
20	445	0.12487646244585367
21	475	0.1144197770432318
21	691	0.15300653349768048
21	701	0.10211937856512951
22	508	0.12187669628847572
22	774	0.100613689346301
23	96	0.12505189597684419
23	115	0.12145824490748518
23	156	0.1038252296245145
23	241	0.1264651666792599
23	524	0.11677154245819656
23	538	0.13327753443200163
23	562	0.10268738073762808
24	524	0.14090822914439005
24	875	0.11061821510759076
25	71	0.18207666515770712
25	413	0.11543652291896922
26	649	0.10854158975636666
26	651	0.10855653777523998
27	706	0.16281702218993974
28	112	0.13160472395774758
28	223	0.10887272528671083
28	506	0.10467970266611563
28	873	0.1208055052586393
30	91	0.11271030661594633
30	485	0.10252019975885547
30	556	0.10988710049503846
31	45	0.10794544123846281
31	360	0.12719764769080139
31	555	0.12373493856429932
31	778	0.11297402448560506
31	799	0.26162745239047297
31	828	0.1893586421490457
31	866	0.15205271605475665
32	418	0.12708147767723219
32	510	0.11563745104845348
32	551	0.10762074705975772
35	79	0.10477956230758884
36	207	0.10977243257307157
36	228	0.11367049321599634
36	851	0.10603120625938953
37	38	0.2156025693938525
37	166	0.11850765704107713
37	522	0.17366101956541732
37	660	0.12191384017161774
39	499	0.1273292282764289
39	522	0.11468119919656715
42	387	0.2247121990935716
43	601	0.10778734053722634
45	438	0.19069854180676848
45	595	0.11813656873472149
46	98	0.10071149802658268
46	808	0.10036299906745459
47	102	0.11054049592020719
47	766	0.11582472502536001
48	498	0.10112624211030141
48	711	0.11531398220440177
50	114	0.12173570428163552
50	416	0.19886586337768647
50	766	0.1002167030281959
50	824	0.33572998907134727
52	705	0.10795921994208842
53	262	0.10029381311952863
53	359	0.14315990598612222
53	412	0.11074095654755896
53	454	0.11532609154074586
53	675	0.1252874166932058
55	82	0.10335521755009454
55	454	0.16422368244340116
55	500	0.11140688782189422
55	599	0.10570154438549567
56	76	0.10507765595698658
56	548	0.12977282252539596
57	284	0.10970083824079749
57	391	0.11190503021185402
58	396	0.10642882472379264
58	442	0.109600706812044
61	185	0.1764744891842897
61	449	0.10145571538177948
64	65	0.28794350632225235
66	67	0.3565303464712909
70	442	0.10047474621119862
70	822	0.15692367010514235
71	635	0.16819930387774024
73	430	0.36660698304176037
73	452	0.20042414031577288
74	279	0.10929953711336274
74	472	0.10231279153801896
76	204	0.138994178397647
76	527	0.13571684165759526
78	80	0.23190238639334937
78	343	0.17261810807325664
78	388	0.12318043337456425
78	588	0.11256639859712972
79	168	0.11051868601536163
79	431	0.2866093128519205
80	100	0.10283625395732685
81	247	0.11800034054455014
81	495	0.10826945244266538
82	482	0.27552626159846805
82	488	0.41408505699742154
82	490	0.14573064461453392
82	506	0.16121419584722171
84	85	0.1911822976093706
84	181	0.10396979816379266
84	693	0.16327750958799947
85	739	0.1030121594788965
86	93	0.10880142595926615
86	238	0.11335403929695818
86	275	0.10933310866756922
86	831	0.1459337988832152
86	871	0.12536175270429353
87	323	0.20348100920838974
87	342	0.21300785276312276
89	94	0.11438503494058892
89	325	0.42737246669005957
92	332	0.10435331994151407
92	408	0.3147931178153394
92	423	0.10596913355743834
92	624	0.15653644699168764
92	751	0.22635235886453245
92	753	0.1513378495495093
93	754	0.11695385617001022
94	200	0.10531834055442088
94	325	0.18528477957308181
94	408	0.10428411995162468
94	411	0.4292770763355714
94	624	0.20276766092573772
94	778	0.12277613725941505
95	635	0.11607743300809086
95	819	0.12145825442525887
96	109	0.1381308794997172
97	503	0.1120459382833425
98	108	0.13151152376842057
98	766	0.18773536018575224
99	115	0.13244948014473465
99	137	0.10452212431400587
101	154	0.11030911051105778
102	105	0.4311151508904061
106	320	0.11257282806351893
106	349	0.10926957322184823
106	681	0.11318445536302862
109	211	0.1405998266257612
110	363	0.12110634273235685
110	837	0.10385222415063768
113	485	0.11527466329003218
113	571	0.10228046181437299
115	479	0.10859709157352612
116	292	0.12534120472815694
116	312	0.14370567204477044
118	158	0.135007414304129
118	167	0.11288836417027442
119	682	0.10178756318370778
119	683	0.10153115442279213
120	158	0.13932688549627617
120	519	0.11464279773375662
121	168	0.1015782875330937
122	301	0.11229677580410022
123	252	0.1408307120277125
125	278	0.11309679914338444
125	532	0.24045330688589836
127	235	0.10458849218177058
127	328	0.14801461087926943
127	677	0.13165007493003011
127	813	0.11924424335076189
128	329	0.1074728944428209
131	404	0.1274518839669796
131	868	0.11699309778667191
132	838	0.11795880845513938
133	186	0.10172816469864535
133	216	0.10317041193377265
133	357	0.1956159489814207
134	219	0.11629593279197707
134	315	0.14457562462520274
134	635	0.21838249468713553
135	142	0.2764931114136746
135	469	0.16690584195866456
135	635	0.11063978646149514
137	252	0.1453807759711998
137	281	0.12992503052674997
139	766	0.13644878401594357
140	621	0.10769867383639266
140	714	0.1339313636319474
140	769	0.1062616470581215
141	492	0.10627220258192642
142	361	0.11714250072264838
142	469	0.21092716459746283
142	621	0.10943013459406896
143	162	0.10217092267024507
146	791	0.1044483439604016
148	154	0.10703562893961611
148	155	0.10346790303719411
149	536	0.17325808258837821
149	588	0.10270937039708196
149	760	0.10244677350071761
149	768	0.1045362607465035
151	739	0.10321736889593204
151	847	0.11133738118210305
152	809	0.11347652665545853
153	369	0.11463714738405079
153	473	0.11540306239476923
156	512	0.10983747664024714
156	562	0.18663019525778052
156	621	0.10338902125885271
157	674	0.11295269892027154
158	629	0.15506303465107743
158	775	0.10727478693174596
161	441	0.10859654341146048
161	721	0.11295420130557152
162	163	0.18969260774103147
162	664	0.12778827249484578
166	552	0.12039054286556795
166	879	0.1204390351446282
168	651	0.15426380098869935
168	793	0.14532476231719185
169	185	0.11828619789434099
170	382	0.11660672120952875
171	176	0.18602316274743266
171	302	0.10648762013384411
171	395	0.1486464345700312
171	400	0.10930622358882842
172	179	0.248719825302565
172	354	0.11544822552361367
172	397	0.10482424281808353
172	489	0.12089589795921434
172	491	0.10680184701386031
174	180	0.2866854258652568
174	183	0.36008090232237144
174	722	0.11425020146580281
176	228	0.10746709994741178
180	183	0.18761083778741613
184	239	0.11317175845960013
184	588	0.11073571840917645
185	798	0.10053959799996665
185	810	0.11255091018523578
186	564	0.14661110649892353
187	198	0.13740614826945963
187	207	0.11537076686146992
187	554	0.11885437011525621
188	199	0.4752384805068588
188	203	0.11531820473934155
188	309	0.10129442289416718
188	654	0.10052795038652984
188	863	0.10568494297419222
189	208	0.23078159503068632
189	263	0.17301701004364017
189	780	0.11194917035713094
191	571	0.10133732893320338
192	249	0.18531732013781935
193	369	0.11622706657618252
194	424	0.13475185747832918
195	197	0.28904176658011405
195	502	0.1804005619934733
196	199	0.28675377922493783
196	203	0.14302804739391445
196	739	0.1262190583766795
198	207	0.5158646375118257
199	489	0.11045007320716
199	780	0.1516146030871598
199	812	0.10582010474256072
199	869	0.12343203336803807
200	779	0.1020253638449962
200	851	0.10865759332606195
201	206	0.3701347123431437
201	502	0.10764095638057816
203	420	0.11867432236036257
205	329	0.14644108579967421
205	544	0.11184881943490957
205	845	0.13587323132202572
205	847	0.11235567454612716
206	502	0.10067598621012479
207	434	0.12525014887039393
210	870	0.15200882881539193
211	278	0.20512797201005517
211	868	0.11128554595057082
212	244	0.1207622332865562
212	401	0.11207078142994481
212	492	0.10845125048969742
213	367	0.11995492244552833
213	510	0.20698285792487836
214	347	0.10284104504423752
215	484	0.10523218513622587
215	604	0.1445359511642914
215	869	0.12065493115107263
216	246	0.20200513558965494
216	494	0.19409995171543767
217	832	0.16137238037137003
220	705	0.11374269210147553
220	707	0.1460494167866381
220	710	0.11808752143359758
221	545	0.10739575314722598
223	873	0.10123093685813851
225	477	0.10800384301871419
228	232	0.11254101712226264
229	344	0.1186615981974886
229	775	0.3551517998810764
229	777	0.10792456156555233
230	758	0.10486996261082365
230	805	0.11252706456307862
231	686	0.21209609978479957
231	755	0.12662944017965153
231	780	0.11396182606966561
232	300	0.10502233422743212
232	397	0.10228458198965366
232	574	0.11048532340181322
234	666	0.10526072863603952
234	780	0.1178590517882884
235	406	0.11010547402265257
235	623	0.10187553354162479
235	808	0.10780863221565602
236	831	0.21103176565891324
237	836	0.15665870996307993
238	269	0.1088561853097481
239	279	0.14850868361734823
242	350	0.1060977099148499
243	247	0.11064977317204755
244	492	0.10989060572207157
245	265	0.17610357565826343
245	431	0.2109672763391082
245	493	0.2711096228245809
245	651	0.16123755961657266
247	495	0.1828390144223406
249	251	0.12235010631351417
249	508	0.13894788916864426
249	562	0.10222532631219237
249	563	0.11119922191709862
249	641	0.10459336987936278
251	253	0.10246433542219917
251	441	0.10730244911341011
251	518	0.10409200117512497
251	577	0.10583811476291803
251	838	0.12354701022155398
253	714	0.1070931642975641
256	322	0.10034422917251809
256	585	0.1034835165422284
257	258	0.4838183015477767
257	590	0.10184403631950333
260	728	0.12871702805840723
262	831	0.10088252926591551
263	542	0.10505604269919441
264	494	0.11067505737012691
265	537	0.2834649883583863
265	651	0.11575468473537835
266	283	0.15929350674766996
267	349	0.11704182094242167
268	472	0.11982881631068397
268	539	0.11284911737403154
270	505	0.11866983757807166
271	369	0.13544866731128802
271	544	0.10093657064731336
271	550	0.10255259847200941
275	734	0.1183689295260406
275	743	0.1265485454400712
279	536	0.15222870153055942
279	589	0.10182277524452948
280	296	0.22649118876744473
280	310	0.25461233949487516
280	397	0.10093946017922542
280	821	0.14672409417618187
281	734	0.11786362628132568
283	574	0.12108624109456977
283	804	0.10519606304978421
284	879	0.11210721322008127
285	291	0.10060111538297054
286	634	0.18864097497347473
287	592	0.1136076137632616
287	609	0.16570944505163585
288	540	0.1661402467794891
288	657	0.2065280624447644
289	650	0.11422074982774881
289	694	0.10423821018449984
290	430	0.10395710507164355
290	672	0.17737673715070784
291	611	0.10090430607968244
292	678	0.11173616961930947
293	294	0.3438574145122672
293	307	0.15242811803332534
293	711	0.12369481032296416
293	712	0.12080899788135148
294	612	0.12775159546776516
295	372	0.12740909112379414
296	300	0.3641216617766724
296	310	0.2484378598432015
298	657	0.1987722348075927
301	530	0.10905993826382683
301	817	0.10708646416109319
302	353	0.1130354981069043
302	400	0.12081391513507644
303	313	0.13730837418063774
306	443	0.2571034835259868
308	350	0.13411883124887905
308	465	0.10403651588155367
308	768	0.10277065772387213
309	789	0.14498144899067694
315	439	0.10364749239169146
315	723	0.12848311024275266
316	734	0.10985845460355706
318	329	0.15444263228908828
318	682	0.11161641296062419
320	810	0.10117354634212
321	359	0.10078779763325689
322	470	0.1512164049169759
322	481	0.10152228732477413
322	513	0.14944297832204018
322	618	0.1012789787487355
323	342	0.12822199645923635
325	408	0.1418868917864925
325	624	0.20585427272286916
325	751	0.14879465614466014
325	753	0.121317852894486
325	754	0.10479443256321398
325	755	0.26314340306907713
328	676	0.13557918759036647
328	801	0.1126969489968455
329	528	0.10437493013615277
329	628	0.14630006706348544
329	652	0.29148903472215953
331	621	0.1000600559220973
332	408	0.10945821609407079
332	423	0.1058478299257903
332	624	0.13500901447805475
332	751	0.11434905524987792
333	657	0.2082896460583295
334	620	0.14471352557295142
339	469	0.103918429641255
340	372	0.1168539589483256
341	719	0.1027208479321174
341	843	0.12337470991768176
343	388	0.17096163961823418
343	557	0.1055100770050946
344	392	0.1173726286609598
346	347	0.2044664993067076
346	498	0.12237306293534618
346	500	0.1198832252839784
347	426	0.10014906122339046
347	482	0.14909556959793782
347	488	0.10018613876866815
347	505	0.13669468160209688
348	713	0.12026663117740383
348	716	0.11571161512584473
348	717	0.18114657585891084
348	735	0.12418816292832432
349	480	0.1304741412945727
350	825	0.1000446847270627
351	472	0.12581245179976738
353	432	0.1135917469793908
353	878	0.1266605452587499
354	397	0.12036266533752907
354	401	0.1344850653699521
354	591	0.17627105752663358
354	596	0.14878635141330807
356	363	0.21462610763182574
356	392	0.12749572445220372
356	872	0.1280787057591461
356	879	0.10443473321896726
357	630	0.14136337931409776
357	806	0.15835026243050718
358	522	0.12097588928864171
358	872	0.1651764702422793
359	398	0.11226679843953505
359	774	0.10591674774690321
360	555	0.13646696609244785
361	806	0.16173688259387412
362	424	0.10787103225766123
362	802	0.20508817303146823
363	378	0.18524037485236922
363	828	0.12197227857666895
363	830	0.12193283813558084
364	770	0.13049985059077512
365	375	0.10854646599445524
365	654	0.10642156076141877
365	780	0.10560213957397208
366	373	0.10006795344316473
367	487	0.11609194662059559
367	684	0.1250114678443779
368	387	0.17655289668828206
369	430	0.11769709619578335
370	371	0.43571350119040636
370	450	0.17638561575462713
370	654	0.12057025725049707
370	656	0.24441517591433456
371	654	0.10369650329317308
371	656	0.11437942061645838
372	459	0.10897343743644622
372	621	0.12755727885928234
373	543	0.11564676778651345
373	544	0.15633260899549034
373	548	0.12296386492582606
374	547	0.13145006299388545
375	451	0.1796542132609274
375	652	0.1681308840958506
375	654	0.12882698351745436
375	655	0.10515243534191177
375	656	0.12469648647581105
378	830	0.2011185378207973
378	866	0.15768497479419355
378	879	0.12612427035260979
380	543	0.14974075405064155
380	550	0.10306818501156911
384	729	0.161365703134601
385	867	0.30912325727590345
388	635	0.10678342138543781
390	392	0.20388903454861212
390	560	0.1347506599813067
390	775	0.10737482071109504
391	396	0.2703541720522984
391	466	0.10612670309922366
392	626	0.1013222887438763
392	775	0.15254278714792593
393	542	0.2537635145047608
395	517	0.11374471666977791
397	864	0.13386498327427906
398	465	0.11937576582322307
398	788	0.1263184956743756
398	864	0.10804880312718648
402	434	0.10962247196971459
402	485	0.11109076785852942
402	560	0.10128604769595875
402	800	0.11954167621403343
403	787	0.11378616224506108
405	483	0.10787017355810276
406	454	0.22527321985746368
406	501	0.13157066814560123
406	623	0.10805434996631089
407	667	0.1320005319101958
407	823	0.2814706164545329
408	423	0.2738049347014092
408	427	0.3461553314717577
408	624	0.2544838166509974
408	751	0.15817311871091755
410	685	0.10027142425391253
411	624	0.3030080133726895
411	751	0.10489226534142508
412	635	0.10191193213907414
412	770	0.10567692326883973
413	532	0.11394094269862715
416	429	0.17190381221251305
416	824	0.1774500277583126
417	788	0.11131519375451535
417	797	0.11063650447266432
417	824	0.1704142252145929
418	812	0.1026417717398737
419	667	0.14223004481605514
419	823	0.27087841232627063
419	824	0.12585692363027134
420	753	0.10634789311727771
423	427	0.3935053224666807
423	624	0.12827734065675472
423	661	0.11808158806588545
423	753	0.2787246042362616
424	686	0.11459656417169892
424	833	0.103769729788006
424	834	0.1141161669561826
424	835	0.10808258111787165
424	855	0.11867509602139456
425	632	0.1148772665906677
425	640	0.3034451785250552
425	642	0.3367701322791845
426	665	0.1486069378016659
427	465	0.10652550288385308
427	624	0.2386385220461414
427	753	0.14419098890716803
430	463	0.12304225017297904
430	533	0.10003979567059128
430	541	0.1452808289254469
430	570	0.1063902581733115
430	784	0.12875349991483584
430	869	0.11224057824703096
431	721	0.1374271180349089
432	546	0.10139392779257847
432	579	0.11853339030278075
432	832	0.10002169472149258
433	441	0.20509405175523332
433	711	0.1171334507455973
433	712	0.1998042569929621
434	698	0.21020181829713702
434	870	0.10744311664268216
436	499	0.25659055013486765
436	522	0.2999901398639734
436	776	0.10819769349874683
436	789	0.1244410044753906
436	799	0.15016545058775474
436	828	0.18312957695123244
436	842	0.17442060374538731
436	866	0.13991839162215455
436	879	0.13682169224460036
437	439	0.1444187623973829
437	445	0.21503812628049332
437	447	0.24259727798815572
437	709	0.17128317904729531
437	711	0.1756119332052753
439	447	0.1377113374891857
439	718	0.10182372203090669
440	626	0.10323288149972695
441	706	0.1498737463817117
441	712	0.10744572501098366
441	713	0.21224038001726167
444	699	0.18497694771289303
444	710	0.135637619262024
445	619	0.10454280099147144
446	705	0.12531897546395993
447	698	0.12615777365521977
447	711	0.1827178187220997
447	715	0.1062594424049451
447	729	0.10982403739216622
447	798	0.10252838089828432
449	641	0.10120904852062672
450	451	0.19294155197175106
451	654	0.18201538954403243
452	706	0.11307104104930163
454	457	0.14129033034245697
454	500	0.16366306803534786
454	501	0.20639243878415556
454	505	0.11103961754757569
457	488	0.28592018872109826
457	505	0.15723468716661723
457	686	0.12018428327266069
457	704	0.10024305692530903
458	544	0.10949218975935394
458	820	0.10252608045557571
460	834	0.19942878391356794
460	836	0.2877143192367916
461	833	0.10538310690486632
461	836	0.22273204495449556
462	463	0.43305695922433535
463	692	0.1426901997185726
465	503	0.19505692290850946
465	829	0.11636672321615396
466	650	0.10640706195301462
467	777	0.11282819723821595
467	861	0.10004419975523278
468	643	0.21206888342553187
469	574	0.11596282524213039
470	618	0.10137998425089223
470	621	0.12214102443095338
471	870	0.16201831900587998
472	588	0.11733509602082527
472	695	0.10463025534003051
474	498	0.10763048366808278
474	759	0.13429802084236042
474	841	0.10521190927490277
475	615	0.1229322234510965
476	478	0.23146312905071997
476	480	0.24032570321284266
476	817	0.11035641722493152
477	479	0.12404190694147378
481	721	0.15129292489261567
481	742	0.10170526445490617
482	487	0.3933911957690193
482	488	0.1920958231626108
482	506	0.18657212508138207
482	856	0.11381310229192712
483	491	0.4475313178247686
483	576	0.11016006809880528
483	754	0.10420315058366429
483	778	0.10822386926395691
484	485	0.12505912636070302
484	486	0.26261170502970665
484	489	0.170157023021526
484	511	0.15730676149369488
484	570	0.10537732105871138
484	601	0.11541968493537291
484	726	0.15098616547596727
484	752	0.1081954059945301
485	571	0.12164623587530812
485	723	0.1630265172217981
486	511	0.1281160262828475
486	672	0.1151896111620148
486	722	0.10051662097504793
486	869	0.17352265423745536
487	505	0.19057270215829428
487	506	0.13194904910098448
488	506	0.20769390643782337
488	699	0.11237892846425755
489	570	0.10819324512039495
489	869	0.20702653368687948
491	563	0.1118532633776056
491	587	0.10303982102515717
492	589	0.12031323260651232
492	734	0.18135153511963048
492	806	0.11209013410096302
493	616	0.11365003174488142
495	504	0.10301349657487421
495	742	0.13568912694325524
497	513	0.11249541826009044
497	583	0.11267158713738894
498	669	0.10002768908965434
499	522	0.166333109229432
499	640	0.11981878540501825
499	828	0.316267466461589
499	872	0.1989835421369703
501	506	0.14896626461496454
501	720	0.10607053203861412
501	735	0.1223013608423371
502	542	0.11876949974448756
503	660	0.13021904897675032
503	779	0.10280462688196562
505	686	0.13348413422049227
506	682	0.10239894103599544
506	727	0.10903900003457985
508	798	0.1326185495585991
511	572	0.11829047966094577
512	513	0.13386512995003533
513	769	0.10776218916670258
514	817	0.10428900481581709
517	830	0.11881169878093735
518	769	0.10035014172556175
518	854	0.10797643359931706
519	756	0.11026935851678407
522	750	0.1218046812787743
522	776	0.14876178620896977
522	828	0.16146829368414012
524	538	0.10883579020746217
524	698	0.12446829712685628
537	616	0.21624206323317854
539	633	0.3199762665322247
540	548	0.11382847386447427
540	729	0.12182839430598927
541	739	0.1461855216272667
541	774	0.12338589624364421
543	547	0.10496733283649526
543	548	0.34334609207082906
543	550	0.23015885367198458
543	680	0.10189853483211735
547	874	0.15596406900629908
548	550	0.23864288862691407
549	764	0.17659575605506195
549	821	0.1045553948788127
550	680	0.11521334047404017
551	638	0.13386119695765347
551	771	0.13870788313844679
551	856	0.10239645592319249
552	752	0.3226943790493286
552	778	0.15623501679513993
552	879	0.21694907363351135
557	558	0.10657283177109535
557	825	0.1123913482771867
558	865	0.11325814450287601
561	576	0.10820545027540787
565	687	0.10485962949596317
566	575	0.12166664272823663
566	582	0.1471256533271882
568	587	0.23437813392800366
568	713	0.11007479578315638
570	577	0.1297048787909329
570	765	0.10427310809622863
571	605	0.1966013924128245
573	823	0.17651494105080506
575	579	0.14114766544218119
576	605	0.10235620880822288
576	852	0.1068001759374789
577	587	0.18745581085007457
578	730	0.11742683105572663
581	714	0.10437805187342819
584	817	0.1040087359445672
587	604	0.1298685673218387
588	592	0.17018378862040656
588	593	0.2337359470415808
588	763	0.11957021578738469
589	594	0.16063743271585
592	593	0.12617099523546113
592	596	0.22643004078903983
596	682	0.10041068485570595
596	751	0.101525899621385
597	685	0.10446311938158019
598	714	0.13018472334806322
599	754	0.24458047625609147
599	776	0.18452787302555843
599	866	0.13156925996746516
600	603	0.1518064929198841
600	718	0.10188512578801753
601	847	0.11994668612703377
603	749	0.10545838041325858
604	606	0.15942914789361612
605	606	0.12245717222921557
606	748	0.11966126826679407
609	612	0.19510242476207323
610	613	0.15644265336515312
615	714	0.11881678732613483
617	647	0.11956146392234086
617	648	0.10834472327817757
617	696	0.1996624403580361
617	845	0.10828952952519573
618	621	0.1186412461343248
619	841	0.10567058330119576
621	698	0.10375937140090073
622	626	0.10525089800592959
623	758	0.11484152330456512
624	751	0.2919166386597891
624	753	0.2101024608302332
624	754	0.14086805817106055
624	778	0.11237198787925629
625	810	0.11613586584669729
626	629	0.13345710274104508
629	643	0.10669256971403601
630	833	0.13362221688881532
632	865	0.107005593552532
637	648	0.10439983720906341
637	737	0.11443237511264305
638	771	0.10423504770641358
640	642	0.22127737920702106
640	718	0.11481171597043066
645	758	0.12862440388277188
645	844	0.10596156123489714
646	779	0.13784967638108442
646	847	0.2856626786693985
652	653	0.3163030168965666
652	656	0.10717677483873264
652	774	0.10782852425899386
652	847	0.10535092990854264
653	655	0.2787146868724778
657	721	0.10183365822828985
658	659	0.13096800229665015
659	774	0.12176132142144905
659	879	0.1140856595600384
660	709	0.10259253225748026
662	680	0.10686480733932996
663	667	0.20606186662252968
666	798	0.10606957870847628
667	823	0.13677928754280408
667	824	0.11790830957844954
668	676	0.11070303686215502
668	804	0.14079566763899645
668	807	0.14378990479971948
668	862	0.1025118037080406
670	678	0.10399641915740902
672	678	0.1191703768448912
672	869	0.2033390733876173
674	831	0.1360717320079051
676	813	0.1720400552525534
676	856	0.10236157730470555
677	815	0.15826537425576737
677	816	0.1372729878965232
678	805	0.11187001815511793
682	683	0.17918409603912644
691	694	0.20046138049656614
694	878	0.11504305969345206
695	767	0.11562857144548928
696	863	0.10795691436577175
697	795	0.15717355675046377
698	699	0.1144205650252215
699	707	0.18124927168499538
699	710	0.33021527108585186
699	720	0.18820781398267422
699	727	0.10855195039325266
701	703	0.1083639629988249
702	708	0.2345219497809098
702	778	0.171839955697716
703	706	0.11826531975893145
703	709	0.21545021396675257
703	713	0.10277717929496895
703	788	0.1800904780080377
704	707	0.32245270264998416
704	716	0.26188076293772006
704	724	0.16014214156674295
704	763	0.15515586641122117
706	709	0.310548941094567
706	713	0.22381737714409974
706	715	0.17418590551093577
706	857	0.1217540512208841
707	710	0.24040027912212808
707	711	0.10445654769105232
707	716	0.2093689577998294
707	727	0.14856810780997884
709	711	0.12255582497213978
709	713	0.13876414017827954
709	715	0.12876416700958615
709	788	0.11603622510144232
710	727	0.19968745739549978
710	735	0.13795867995694738
711	712	0.3064637600501297
711	786	0.10504073003262479
711	789	0.18591557631988279
712	713	0.15182569666409176
713	724	0.12140909406265894
716	717	0.22866419682295358
716	724	0.10958765634511353
716	727	0.15855717818731538
717	724	0.17939232920637693
717	727	0.28054465222259817
717	735	0.19985835827220744
718	825	0.1164947766385378
720	735	0.19401150302149603
722	723	0.1587554169437972
723	726	0.2533689915369672
725	772	0.10469034822211896
727	735	0.3499262867550949
727	763	0.10465027494447156
730	731	0.1525273064640758
737	738	0.11559966452335074
737	761	0.1012249920611312
739	845	0.10596674132707473
743	769	0.1120593524695795
750	776	0.17644935399263156
750	799	0.18736443061472405
750	864	0.1361437105782437
750	869	0.1331731648612673
751	753	0.26206484819705655
751	754	0.1809702442377101
751	778	0.11439037350843123
752	837	0.154386034830129
752	848	0.18343857794308593
752	879	0.13858301615354093
754	778	0.32471477692403883
754	848	0.12848512813126658
761	860	0.1382038994607632
765	852	0.11917989227755874
767	771	0.10886051199348212
768	769	0.10305675750978037
768	774	0.1610285644298703
775	777	0.17976722466404105
777	861	0.11545124580082544
778	866	0.15718928112425185
779	780	0.1865786999507043
779	845	0.13078886229233264
779	866	0.12249415872449093
780	845	0.18677571834439177
782	793	0.30578482921296135
786	792	0.12320495229588829
788	792	0.2709148835195042
788	797	0.10738042361336295
789	842	0.11670589528747352
790	793	0.10149766931432454
799	864	0.37176752401352503
799	866	0.1544985603844607
801	804	0.11437274760930748
804	813	0.306733740399548
804	815	0.1530475488155203
807	808	0.11424873324912611
807	816	0.12239789750033367
813	815	0.10360594665204961
818	837	0.24522145920313887
818	842	0.1616120847501842
818	848	0.14581751183260877
820	826	0.11579911211250703
828	830	0.1562795308024777
828	866	0.11201442355970831
828	879	0.3370521408151861
830	842	0.21069376852849944
830	864	0.16525464414519977
830	866	0.12908541703462725
830	879	0.27150333967269236
832	843	0.13425150562399565
833	835	0.24940555933590516
837	848	0.11112016284784443
837	866	0.11618555433104336
837	872	0.3567005457270988
841	868	0.17268546859739223
842	879	0.1454423653616755
848	872	0.2004154191899732
848	879	0.17068060815414682
849	853	0.2730014183669402
851	856	0.20097680762125508
851	858	0.1518537218527265
855	856	0.21140151658985978
855	857	0.16572800848183278
864	872	0.1367684608197739
