0	78	0.11361257409110195
0	181	0.1673866267323891
0	261	0.11937459075548541
0	264	0.1081677185616529
0	401	0.12686891227678282
0	666	0.13857087910906632
0	728	0.12322808209219423
0	768	0.15798997585802413
0	865	0.10204071265431551
2	430	0.10250610809182407
3	167	0.1462735739576031
3	425	0.1479236649407658
3	640	0.22034849136155132
4	234	0.16343404361450595
4	624	0.11021421670657033
4	660	0.11255271362587047
5	562	0.14727672319583363
5	741	0.10400250670274137
5	851	0.1063830280718566
5	865	0.12743285807793972
6	28	0.12321221664972605
6	553	0.1340073490588011
7	223	0.10206297124211239
7	698	0.103759462814151
8	346	0.11159629064775564
8	682	0.1721569248377632
8	685	0.1091333350374783
11	70	0.16934004030299152
11	199	0.1722536750175628
11	215	0.10975698720889453
11	257	0.11642370114550023
11	312	0.1073191571994616
11	430	0.29635745797543306
11	533	0.1320677349710028
11	541	0.13491184719798346
11	568	0.13324287130092077
12	190	0.111186972455295
12	463	0.1043012405786628
12	672	0.10532654488300451
13	811	0.11692101645888528
14	20	0.12042584940020915
14	331	0.13330536031707518
14	618	0.1168726153537447
14	800	0.1103055860162128
15	119	0.10024574498253695
15	230	0.15303608614178993
15	540	0.12002244405837509
16	606	0.1124162999657182
17	174	0.1133876465401073
17	444	0.10097389686570486
17	704	0.13705628678071605
18	47	0.10841386547610284
18	257	0.11903755881048908
18	491	0.19314781968744038
18	523	0.12556532014260777
18	590	0.10279299950300345
18	761	0.1291528239318797
19	404	0.1507357286562356
20	401	0.10833370511488233
20	495	0.10519746463980838
20	865	0.12556890262267087
21	251	0.10081008192428359
21	832	0.10226006423408168
21	840	0.1083860028437003
22	43	0.1129469058379055
23	137	0.11807694821462364
23	402	0.102533223061218
23	476	0.11424374247149652
23	603	0.10754789785273516
23	841	0.10040458929099975
24	159	0.17354488634985638
24	433	0.12281419833724076
25	42	0.19230523988823506
25	79	0.10373993604635474
25	387	0.13360092432377846
26	71	0.16871120403884118
26	308	0.12082011602820263
26	368	0.14056351956848098
26	387	0.17299624619979811
26	649	0.18022399963299718
27	439	0.1561616239312632
28	112	0.11518750149055491
28	156	0.10558785089630494
28	749	0.10886474309511684
29	145	0.11627454607729261
29	297	0.10418619773558795
30	360	0.11606225771590799
30	372	0.11049273994896959
31	153	0.1425000851547346
31	378	0.24984530296778895
31	818	0.3254626488888595
31	830	0.10847055837011947
31	864	0.15068672602993746
32	767	0.13155476719519313
34	270	0.10932046146880398
34	433	0.10330050438351111
35	87	0.13474417752476583
35	136	0.10660274931731353
35	342	0.12605646062392162
35	493	0.10243341160545585
35	516	0.104833701729703
35	721	0.1008404791404127
36	180	0.10227211341708664
36	243	0.12393332051051999
37	40	0.10071749848292076
37	358	0.10281873835266685
37	378	0.12455915924729742
37	864	0.11718869508163486
38	39	0.16466739785422976
38	750	0.1136309809355333
39	166	0.1103031025183385
39	356	0.10357615214730105
40	358	0.11880987064043576
42	387	0.22862048308048116
42	520	0.20105383891900855
42	533	0.16783591427411612
42	651	0.13063076057974418
43	48	0.21517278674739032
43	151	0.10558460838639645
43	606	0.12240189259823497
44	166	0.10894507286086332
44	400	0.21790835494566663
45	436	0.1274112602269311
45	612	0.10145712876025187
45	711	0.11074694050751051
45	799	0.14783596142318953
46	108	0.12504308430383318
46	607	0.16443549430902735
48	51	0.11061477019091545
51	234	0.10559827171268633
51	285	0.12071115975451464
51	503	0.10170406203712898
51	715	0.10029590886363124
51	845	0.27104688929497417
51	847	0.10369822788547822
52	616	0.10630951171572141
53	82	0.15403483519957453
53	291	0.11416262495178585
53	487	0.14600403938033524
53	685	0.13394385673962064
53	862	0.13188698103204904
54	311	0.13040745218012295
54	425	0.40638553003218014
54	642	0.2802954133431461
55	457	0.10941915285582957
56	543	0.11688618145661071
57	204	0.11824169017433733
57	311	0.12771439368277207
57	522	0.10725160380545885
57	846	0.1964177905190848
58	249	0.14208750295307043
59	144	0.1071778842518142
60	143	0.18924085380851752
60	471	0.11476596363291162
61	268	0.1046566187331815
61	449	0.2105281374282956
62	426	0.1211958717571316
63	64	0.23908376617540528
63	65	0.10973837905312636
64	65	0.24824547667197394
68	412	0.12216351173264597
68	441	0.10948308001644809
68	563	0.11314787873095741
69	72	0.1237561661054076
69	163	0.10880054368227693
70	484	0.1285441846136342
70	523	0.28553496240527004
70	822	0.3653684627908605
71	445	0.1174481458883942
73	199	0.10334835790367064
73	203	0.10587589694936053
73	398	0.13466746641781563
73	709	0.10495828763879561
73	822	0.16575397048557458
74	170	0.15185785179728203
74	241	0.10835841907947635
74	382	0.10494612933953809
74	600	0.10691992906482836
76	177	0.11497897219615431
76	189	0.11565049761823566
76	204	0.16064149193949218
76	225	0.10806145902384492
76	274	0.14590536368093524
76	680	0.11056709470551745
78	121	0.10703923518102804
78	144	0.12537756036931744
78	218	0.11925859143831186
78	434	0.1049597921576888
78	467	0.10503854455790147
79	368	0.11209702227624492
79	633	0.44507482331843246
80	831	0.1058995631033913
81	130	0.2305943753373958
82	406	0.1742839844677681
82	457	0.11279889735975274
82	487	0.21690270887371252
82	488	0.1554593558894495
82	501	0.11667144307711047
83	276	0.14315276312188346
83	308	0.1311106596838943
84	195	0.10653214494064928
84	462	0.10224695487574767
85	255	0.11494841979649272
85	692	0.15509075382439103
85	779	0.10440266510129494
86	136	0.10179974559734753
86	236	0.10200092120306134
86	322	0.3678386274824953
87	341	0.10258697048239994
88	324	0.250442995626311
88	877	0.16429363705892824
89	231	0.10386199748968168
89	411	0.10788634742901959
89	427	0.2242842900883118
89	592	0.10591096367009736
89	599	0.15855987405236324
89	624	0.20045851067058243
91	93	0.13358264338475478
91	640	0.10528026636333244
92	94	0.5377311487994583
92	408	0.12404944508515121
92	624	0.12558132297924757
92	753	0.21418475410066534
93	338	0.15525987022997997
93	559	0.11498827359650049
93	587	0.11396672626250338
93	658	0.10965490634151895
93	831	0.12488531430900769
94	624	0.15425645543964275
94	753	0.22475945896380217
94	755	0.10681456734716822
95	107	0.10062087175131763
95	254	0.10145219953896223
96	99	0.11026240913882376
96	109	0.16718579174152529
97	454	0.10801335781488915
97	503	0.17826233129766256
97	575	0.12871238040686228
98	105	0.15180039551559044
98	416	0.11424842501114528
98	429	0.1442426990241318
99	431	0.12269313489632508
99	517	0.10224708132564111
99	625	0.10237142741200322
100	112	0.15779326335909716
101	151	0.10127218180978508
101	154	0.12124076845715571
102	105	0.17243546819227631
102	108	0.15371521979530203
102	766	0.17992804247723554
103	532	0.10315647089063829
105	108	0.21662750463878977
105	114	0.12108590260444185
105	608	0.12441618545755727
107	191	0.1040721503734297
107	401	0.11863314048150662
108	139	0.1334214037977265
108	766	0.21748535885390638
109	137	0.1306777363680778
109	210	0.11097048690125526
110	118	0.11661577858124111
112	649	0.10029958473552328
113	418	0.12500124881158883
113	749	0.1075790835603172
114	374	0.16182287968309247
114	766	0.2699297277904317
114	823	0.11925126378906853
115	130	0.11123947244853792
116	292	0.16478389946897223
116	312	0.12788726786234927
116	491	0.13633331190780618
116	672	0.1338225121999595
116	678	0.10675546198876473
116	822	0.107509111828534
118	284	0.13336794285474063
120	229	0.11118865333657495
121	242	0.12198826101988468
121	302	0.11228690932248388
122	759	0.11530404243430492
123	432	0.14896888284179047
125	129	0.11353238830185158
125	327	0.14190257068467357
125	341	0.10854862827225784
126	128	0.34477945625694323
126	675	0.11550787596855866
126	677	0.19180329553526668
127	330	0.19181810668124782
127	653	0.14594441716027978
127	813	0.2301606640174393
127	816	0.12535524280618507
128	655	0.12320836053280179
128	816	0.18735537085009854
129	207	0.10104440794285262
130	268	0.11891902940075093
131	211	0.11003255133929372
131	289	0.1365115792302747
131	469	0.13207752050853355
131	474	0.13094776666873306
131	621	0.11825987396648065
132	481	0.10387006239833566
132	562	0.10539041541911617
132	693	0.16701021261051022
132	806	0.12964391846604933
133	424	0.10558546435955035
134	422	0.10742141816606124
134	635	0.2755470157450468
134	670	0.10536027067782504
135	140	0.15953260681450784
135	142	0.13191803193744164
135	339	0.10309250686225456
135	493	0.15228258029008837
135	721	0.1283960796240209
135	743	0.1068584066187931
135	865	0.11086217942927482
136	838	0.10324354918899836
137	734	0.11442611901586489
138	208	0.10141730177681182
138	301	0.10743152903580985
138	492	0.12224578284209538
140	339	0.10304439670017071
140	802	0.16039027152879134
140	840	0.11467597709050241
141	184	0.15056951413306782
141	362	0.15514022366654517
141	492	0.10241534181703421
142	236	0.10200888414944716
142	442	0.11730646504688289
142	679	0.12081047191557019
142	802	0.13097251435549728
145	264	0.15142699305456775
145	373	0.10343644695951934
145	829	0.10714225782762461
148	736	0.1134004785248068
149	496	0.10108747159700723
149	759	0.1376637815304592
149	768	0.13982894755253783
149	844	0.12541432777404912
150	648	0.12440891537722912
151	451	0.12540798189778643
151	646	0.12004581342279907
151	774	0.12653186172724676
153	200	0.11926085874786463
153	208	0.1116237708751322
153	397	0.15272359337761213
153	550	0.14027326894149605
153	864	0.13156512257802006
155	601	0.10022336700170797
156	238	0.16921990302122042
156	403	0.10196675847259089
156	504	0.10880719137469136
156	698	0.14221116274093262
156	734	0.10011880672734623
157	194	0.1022070248910836
157	338	0.16599961394327006
157	454	0.14995672595471415
157	855	0.10174787002141562
158	229	0.10321128652158632
159	479	0.17032835227719528
159	770	0.11133633338284281
162	399	0.10685394104058826
162	410	0.11445955588249146
163	316	0.10314382394730784
164	485	0.10202698358256229
164	771	0.11427231524964687
168	616	0.10935762767748038
168	651	0.1234410466484834
168	790	0.18761235048645739
168	793	0.1000165419042399
170	182	0.12577343643806194
170	200	0.13297974357037406
170	550	0.1092692205665974
171	183	0.16642127011693872
171	256	0.10481845045321303
171	395	0.1274203214178746
171	425	0.10246173791452094
171	819	0.10360204561058513
172	183	0.21444204740312553
172	232	0.192721219226168
172	279	0.10585398000136269
172	296	0.10157730251552953
172	484	0.10274998391319183
174	366	0.10316309608910208
174	726	0.16794936546553182
175	288	0.13615204724499239
175	540	0.10568226119127648
176	180	0.1574861747972917
176	233	0.11311087040539365
176	712	0.11211947273918094
177	178	0.40070573169559703
177	271	0.1300166031967635
177	297	0.11277256905036173
177	435	0.100616331188327
178	271	0.16547004338792706
178	297	0.10364766465383421
178	435	0.11945601844538606
178	543	0.10200547374258243
179	257	0.10763003051382065
179	483	0.13143589763391592
179	489	0.1430226781553232
179	869	0.13365502447169317
180	228	0.10268056030262485
180	315	0.11873964364854274
180	489	0.11513475171704074
182	393	0.1381853563518644
182	468	0.10165887221791924
182	764	0.1272839858849764
183	588	0.10741473617537206
184	351	0.12005938611404322
184	492	0.11699201434323303
185	825	0.1841482703488842
186	208	0.10211829402563835
186	216	0.17123956437837948
186	321	0.11880638777680905
186	357	0.1468118378315005
186	536	0.14034369009541317
187	198	0.13119969871134798
187	474	0.16099999836355125
188	194	0.16741398383150807
188	196	0.10951810944437934
188	203	0.4110769415628607
188	215	0.10282076183761253
188	486	0.10471515462989353
188	856	0.11159715830663755
188	863	0.23356139590014005
189	208	0.3531252796890846
189	297	0.10021923328455978
189	547	0.110561606943507
189	680	0.16484725267521116
190	759	0.18689629300482094
191	605	0.11359513709188607
192	249	0.17111481428916625
192	847	0.1348509859380605
193	318	0.1949255683191373
193	329	0.17153700099868896
193	543	0.180446230950199
193	547	0.12933535004755917
193	646	0.16031959776446633
193	779	0.1034351288730719
194	315	0.1896893096769356
194	338	0.17985879518308762
194	461	0.10379673821785106
194	491	0.13091786131242603
194	585	0.11028876344148388
194	586	0.11301636252537658
195	197	0.19203610117732836
195	502	0.13142721763832382
196	199	0.2233826545066848
196	203	0.24730684267971925
196	656	0.10930805146703784
197	201	0.5326032916124618
197	502	0.11766121966954268
198	202	0.17538441513106878
198	381	0.11906410120556102
198	581	0.10059258375457188
198	724	0.12705789429868086
199	203	0.1839644655993702
199	463	0.11577407976960041
199	491	0.10734606633306806
199	541	0.12497186505672021
199	656	0.11556016429125214
199	845	0.1015937611853035
200	380	0.10855408566214142
201	319	0.11393789983385158
201	502	0.12731175199300404
202	707	0.11994710411703391
203	215	0.10501824043695611
203	541	0.13331657069479544
203	822	0.15687504670870908
204	274	0.10487694585072205
204	527	0.12065730460009758
204	666	0.10418482160258284
204	680	0.12305909643780656
205	303	0.24248284099227568
205	450	0.13925131356335943
206	319	0.12731237873671808
207	517	0.10178749052285883
209	243	0.12688604740877762
209	535	0.11745719827506328
209	762	0.11750506162241701
210	471	0.15837418897648475
211	413	0.10095151010400708
212	536	0.12192940975197929
212	763	0.10654726905759013
212	814	0.11385965512244088
213	239	0.15676977782366663
214	462	0.10410403192375416
214	489	0.15965981917544955
215	430	0.11113161883013942
215	485	0.14932770618807925
215	580	0.2684961328845317
216	536	0.11430540642251316
217	747	0.1207200684082634
218	227	0.1949164195380551
218	233	0.16536974378023803
219	351	0.12846697068340412
220	381	0.10287869942147385
220	626	0.10346184665505523
222	805	0.125517963223054
226	618	0.12912612345661095
228	232	0.1542085410657532
228	784	0.13454221252323298
229	775	0.1288161385052658
230	332	0.1167531914863337
230	510	0.10065798472930201
230	598	0.2713839685689389
230	755	0.10879592362483284
230	859	0.11804961172660759
231	686	0.17627143454519761
232	458	0.10136974060319645
233	632	0.10045835811112433
234	454	0.10185202999466696
234	591	0.10740206022693755
235	623	0.13963092712098446
235	668	0.12621141276524017
236	831	0.18336291373417823
237	257	0.15432070065235154
237	460	0.11632923407837947
237	833	0.22438905315051882
237	836	0.3277891467938212
238	474	0.16978588961883936
238	539	0.1127089957572391
238	588	0.1081765456771332
239	388	0.1173909654994021
239	530	0.10242281211887445
240	783	0.10374966599778415
242	470	0.10654527975083894
242	474	0.12593972245773993
243	352	0.1575725110068138
243	499	0.12922074699057776
243	599	0.1394749162287685
244	246	0.12045413833504617
244	492	0.30953637010666263
244	838	0.12779479246053646
246	359	0.123147295056054
246	492	0.2534997661850664
247	694	0.10668532835876664
247	721	0.13587072390606353
249	302	0.11472600522344512
249	313	0.10161840339285119
249	420	0.13356680853620784
249	580	0.12969339742486116
249	587	0.12270811783143397
249	847	0.13974093956701886
249	863	0.10664570839240939
251	576	0.1384919599074964
253	576	0.10814252481459538
253	704	0.10705975591392083
253	805	0.10248083808886328
255	420	0.14266449253895733
255	466	0.12931813644577422
255	511	0.10637181062028918
255	601	0.11795925100607878
256	308	0.15169038635154092
257	834	0.13975306371963228
258	630	0.1096274160690622
260	472	0.10042794250398279
260	637	0.11358321970499653
261	671	0.10844149022903064
262	836	0.11417006547097633
263	373	0.1127830288004026
263	380	0.10444868795991355
263	502	0.24710434565212347
264	467	0.11122925550464546
264	536	0.3386237937596012
265	431	0.19097082427961615
265	493	0.16636358053762454
265	537	0.2343633984964897
265	539	0.12315748197955874
266	340	0.20269462844959857
267	825	0.10085953994008479
269	270	0.11266384545917275
269	273	0.15503889567556617
269	501	0.1351037867323768
270	498	0.11833885513968329
271	274	0.19610065306797236
271	373	0.15506984756951642
273	501	0.10987789506451937
273	829	0.14002985210757424
274	369	0.11551201399572268
275	765	0.13700743655331943
276	687	0.10150349164873375
277	524	0.11811208499127525
277	623	0.11723023896161135
278	557	0.1395592392662407
278	634	0.11808603495952186
279	280	0.10348594827765839
279	588	0.12883230838947646
280	305	0.15482444020064948
280	594	0.1955367788838027
281	313	0.122350698665968
281	434	0.10072335265453587
281	524	0.11092969455689636
281	623	0.10199262211611329
281	634	0.14041458770384063
281	647	0.1075645658552583
281	694	0.10166883017293615
282	404	0.13266710279951488
282	802	0.10396513208583583
283	536	0.14320830897969514
283	612	0.10813621245746788
284	522	0.13184428268686232
285	291	0.11262852466708453
285	313	0.10952204719664026
286	313	0.11901392418668046
286	551	0.11488905977178435
287	294	0.1907316636274074
287	609	0.11379216052163638
288	333	0.130890849540018
288	540	0.206099874004295
288	607	0.10005403014852052
289	469	0.10404401813321959
289	474	0.12129910571328742
289	524	0.1141447094656103
290	292	0.34839186222039464
290	678	0.15425077339588644
290	715	0.12625861791308088
291	295	0.1694549886364183
292	523	0.10291307302422142
292	672	0.22601306270322918
292	715	0.10594644034483448
293	592	0.10954643725157275
293	609	0.22637470278697033
294	415	0.2558229313760649
296	821	0.19906749105180496
298	540	0.17287916950190274
298	805	0.12604557349596246
299	309	0.41393319536001383
299	354	0.12297439808079628
299	443	0.15182960893078917
299	712	0.12412935348843628
300	305	0.10592573193322588
300	310	0.15903074064903644
300	826	0.10941986905164007
301	308	0.15368915721323068
301	634	0.12015521713799936
301	673	0.11930277739927907
301	868	0.11659133631065527
302	388	0.10915832613737689
303	847	0.11219443167214063
304	747	0.11726276377055649
305	310	0.13496886471523806
306	575	0.10174429585580529
308	396	0.10154477946412274
308	868	0.14435018266230315
309	709	0.11130522106674692
309	712	0.11134162651154306
310	397	0.16626489682636275
310	594	0.2970638817244818
311	776	0.17222161266763095
312	452	0.14421104170622628
313	318	0.15010644273413862
313	402	0.15497688844627122
314	737	0.11128846625933683
315	805	0.1017799835499128
316	495	0.15157071055256835
318	779	0.182124029540159
320	781	0.10612875266297307
321	340	0.1097236558125232
321	494	0.12187639495463967
322	513	0.1261167117848575
322	636	0.11664623974682806
323	742	0.10752534567446138
325	408	0.1526716860532829
325	423	0.15517378167945414
325	503	0.19874208442785365
325	755	0.11508189956969382
326	402	0.13351544388811537
326	412	0.10976450972937465
326	524	0.15697395390771443
326	618	0.1253302844310613
326	621	0.1605433902633466
327	783	0.10085990914861127
327	817	0.15693931808327416
328	675	0.13404679738211595
328	676	0.1351001075572634
328	808	0.11726568912569901
328	816	0.12792800123909515
329	365	0.2505623577660952
329	370	0.23510067782360977
329	375	0.18609437789956254
331	434	0.2568496498693095
331	444	0.12093441925183222
331	625	0.10201175574015066
331	639	0.1211354444662358
331	647	0.15304011564863146
332	411	0.1079241330817214
332	598	0.22748247097958915
333	384	0.21323338331537223
333	445	0.10266136660375279
334	859	0.1441416362325542
335	475	0.11061745153310734
346	406	0.10202532204538364
346	498	0.1506108924600326
346	699	0.1317136894860186
346	703	0.15871558930780139
346	706	0.12351306978550308
346	707	0.10460534919082383
347	488	0.14049447100702683
347	704	0.1249544906430716
347	715	0.17619488052771795
348	422	0.10155258497788291
348	501	0.12897792219388018
348	683	0.14497462458393792
348	710	0.16223123538837642
349	476	0.24864216410610196
350	441	0.10742335316129886
351	542	0.11652224516362018
352	504	0.11933443444061517
353	832	0.11694048271647489
354	363	0.1135590736045254
354	593	0.10344691710814821
354	713	0.1277751497056152
355	480	0.20694469326229697
355	803	0.10926433834206092
356	391	0.12065441371332467
356	436	0.18276994840395355
356	750	0.1285026089269437
357	359	0.1511362024769592
357	780	0.11437038846879823
358	363	0.1719238002200563
358	499	0.11596409755461304
358	555	0.15159122439568312
358	799	0.12429588381432649
358	848	0.10722766823100936
358	861	0.10393676609905515
358	872	0.15855741117153052
359	361	0.14377392535672243
359	362	0.26947010648095465
360	363	0.3598296282345976
360	555	0.13731878695690297
360	581	0.1678219203808387
361	814	0.18985191870821785
362	424	0.10503374064835519
362	465	0.10787677263077329
362	469	0.10650240879362435
363	581	0.1075855904967617
363	752	0.13016173190363545
363	799	0.1766543217775264
363	842	0.15286615466184494
363	850	0.13204737993574847
365	370	0.1230388912138664
365	375	0.25059095097846795
365	652	0.1498796550716844
365	654	0.11184830041432958
366	369	0.1224466423855491
366	709	0.10671503783410101
367	640	0.10054788670954141
367	726	0.11063368849359936
368	418	0.10381128077692595
369	523	0.10826654209534128
370	371	0.20526706535670103
370	375	0.3185899710801058
370	450	0.1314832977494699
370	655	0.13195526923278597
370	656	0.1448530602047602
370	845	0.11397387991021939
371	375	0.3092411057796242
371	455	0.14554500784666632
371	655	0.13083639361059887
372	469	0.12435539144793671
372	684	0.1239941344716407
372	708	0.10237103451587438
373	380	0.2496920486711509
375	655	0.10024573493660653
378	522	0.10987058357403727
378	750	0.1039505381930677
378	778	0.14022789633237365
378	830	0.1343572041488523
378	837	0.23752799388718762
378	864	0.20083731153248247
380	544	0.13178508310767806
380	548	0.12892030738827018
380	706	0.11160652572017525
382	433	0.11812292389751325
383	507	0.11327454786356811
385	636	0.1277845689446352
386	632	0.13536730603751262
387	520	0.11431360644791014
390	647	0.13794187144958803
390	674	0.15590485796104167
390	775	0.11426287398712202
391	394	0.30968596779911606
392	671	0.13370101452223923
394	396	0.11169830062165949
394	734	0.11353457759086312
396	718	0.1334700998804223
397	826	0.13379430121463615
398	420	0.1337228312127871
398	465	0.12175544337722785
398	552	0.10774520602084059
398	592	0.1308857587177487
398	621	0.10641317560979362
400	769	0.10187465373589108
400	811	0.13942719678692306
400	814	0.11781700939637588
401	557	0.11415864783061788
401	632	0.10938232232267654
401	763	0.11166555276756343
401	841	0.1192252324643918
402	587	0.11843731651657301
402	868	0.16017449823558938
403	512	0.10572375652494168
403	787	0.11447515879889508
404	474	0.14515233819626527
404	639	0.11079856577138915
404	841	0.10266471899343568
405	483	0.1305166209075118
405	485	0.15818660897033102
405	812	0.10759414112338002
406	490	0.1056672218181596
406	571	0.14315400059378816
406	623	0.11240370492640635
406	699	0.17753234901687354
406	727	0.11007259826208605
406	749	0.14791713877918164
407	416	0.2954388177400584
407	417	0.16436862474627068
408	596	0.1116964983840228
408	751	0.266908904265577
408	753	0.10789561534135271
409	470	0.11049147975420834
410	413	0.10390789462479719
410	583	0.12576623473785242
411	591	0.10513825519167555
411	624	0.3041785500157177
411	776	0.1465266444695204
412	444	0.10073573899939554
412	814	0.11238652155897547
413	414	0.1377976363953803
413	532	0.1010469097652092
413	533	0.19325422387792118
415	596	0.12259181694637561
416	417	0.20035092718884437
416	419	0.12361591660458593
416	823	0.18924817116668283
416	824	0.1666609343176738
417	667	0.10836136521432568
417	823	0.10363942295842016
417	824	0.11249828861243391
419	788	0.12538395046958778
419	824	0.2977818159423441
420	423	0.1041832151915111
420	466	0.10169900068890761
420	617	0.11143998724811696
420	780	0.1090526305129392
420	845	0.11320333065885863
421	482	0.10784902810947385
421	498	0.13549049941285024
421	629	0.10605387360396801
421	700	0.10618903714245788
422	462	0.12170936073838787
422	463	0.16919317479423246
423	427	0.167843808443022
423	751	0.24540042524031064
423	755	0.1971955957353586
424	668	0.12158157239901068
425	726	0.11257802173143218
426	521	0.17665598087322038
426	657	0.10071584210509847
426	665	0.17265502679672637
426	678	0.10549789113282974
427	592	0.10800987274351592
427	599	0.10190513502874189
427	624	0.3098739168980826
428	519	0.22820636346270876
428	756	0.41640907808289723
429	823	0.2595604809523402
430	452	0.20174571223605653
430	580	0.10932374070452579
430	712	0.11036000314051189
430	739	0.12207430834595799
430	785	0.1022381431502507
431	477	0.12874776961096326
431	493	0.27390509474494645
431	616	0.25966520443698804
431	770	0.1627427590209462
431	791	0.15422435744664065
432	723	0.10899232179063205
432	832	0.24734335457432713
433	712	0.12174712026560612
433	844	0.12274042027458783
433	870	0.12212397720273274
434	477	0.15990810582599582
434	524	0.12313300067904287
434	562	0.14109432745232836
434	716	0.10302840405087232
434	717	0.1125882638126152
434	735	0.1495080088500975
435	443	0.16293362901071254
436	499	0.10948691465950898
436	517	0.1326734334034573
436	864	0.16230234014352315
436	872	0.20270608081605895
437	439	0.12373922493381115
437	447	0.47283347621079347
437	701	0.2804963531527494
437	713	0.1273781861129374
438	443	0.10257873470980278
438	588	0.10811076878904226
439	441	0.11933471000100007
439	706	0.16791963126275986
440	719	0.14269936273542289
441	715	0.13610402907954122
444	471	0.12410634424836435
444	496	0.12691201789225343
444	704	0.12179953431197947
444	710	0.1929020498747817
444	844	0.11491568528550972
445	447	0.13388640499639148
445	712	0.2045194078119185
445	729	0.10327053013055185
446	702	0.18924304140005047
447	713	0.10662819407092902
447	829	0.10045078003302227
450	453	0.2837125917093646
450	455	0.24578832104845946
450	528	0.21650455569203636
450	655	0.17606382418178704
450	656	0.14761809388772792
451	453	0.1478035007743143
451	455	0.17444473841066832
451	646	0.10997707674347271
451	653	0.11862606703375785
452	523	0.10702845675832504
452	786	0.13448978061742106
452	788	0.12882512508903673
452	822	0.13232526136445874
453	455	0.15134522645175613
453	528	0.19470412596972972
453	656	0.18019151425767488
453	845	0.11550507079906754
454	457	0.32824669329112
454	482	0.1671837239239174
454	488	0.29088433687482124
455	654	0.1479247731602153
455	656	0.12160522753229976
457	482	0.18826772627459795
457	488	0.23828552054564114
457	490	0.48447294323860024
457	500	0.26953447387892215
457	676	0.1472910115004986
457	724	0.1186672389282524
459	679	0.1188487700070035
459	831	0.15588525732616293
460	833	0.11200018667061812
460	834	0.12472085431850174
460	836	0.2565269537196631
462	463	0.3956998647988132
463	668	0.11473686474315128
465	671	0.13762748419258475
466	503	0.1381223188861064
466	650	0.11397834046685432
466	734	0.11018345584314125
468	643	0.10732700734927064
469	769	0.1381623396296731
471	515	0.16853474599085622
471	848	0.10208703684788269
472	516	0.11248527874984969
472	578	0.10341947119088625
474	742	0.13749164291624816
478	638	0.1047010122354189
478	817	0.1150552861145425
482	498	0.16975143241137056
482	500	0.16459872138966636
483	486	0.2068643386559122
483	599	0.11253870432944434
483	672	0.15134659244478726
483	857	0.1327120224428705
484	486	0.14437571603755542
484	723	0.129548824320838
484	754	0.10320845942233438
484	851	0.10583700982703723
484	869	0.21239899531462017
485	511	0.2013352081859252
485	570	0.17539891459776127
485	726	0.12074096322247312
485	776	0.13215849749605443
485	812	0.12452406030702512
485	856	0.1169085460552229
485	869	0.21872755758982731
486	568	0.1027808564715243
486	667	0.13464134548249573
486	754	0.12471320380541062
487	500	0.2371145448294968
487	720	0.10837348026891602
487	727	0.13704764128576524
488	630	0.10625624923428198
489	491	0.20204880444836462
489	605	0.14367887188167658
489	855	0.10775354382858356
490	500	0.23513217501058992
490	676	0.13496797538842342
490	724	0.11125293435710346
490	856	0.10657753551032263
491	580	0.10322191763223228
491	672	0.1574966765474679
491	778	0.11147590922708366
491	869	0.1737175036306999
493	537	0.3101987224517161
493	616	0.2491717583192221
493	770	0.12642223894321494
495	673	0.10168718375560996
496	565	0.16705182275859037
497	692	0.11032325747861856
499	640	0.12245999535745551
499	776	0.10212535880650549
499	799	0.2430355381931522
499	818	0.3114957707554833
499	828	0.26612312159894475
499	848	0.12323085863756021
499	865	0.1086641932184727
499	872	0.18632193486205098
499	879	0.2180618030498596
500	675	0.1322282391732215
501	506	0.1055095466400621
501	710	0.12427261402629843
501	717	0.10364523122801858
502	725	0.10054618762230025
503	751	0.1117623802150115
504	851	0.1084706872927252
505	506	0.35605741374332506
505	682	0.1757726369531975
505	716	0.1066109020014522
506	682	0.12044508341390912
512	632	0.11018683635242005
513	534	0.11984309192481203
513	769	0.14676883954384748
513	819	0.10902797705788554
515	570	0.12934930355997654
515	760	0.10160974280320251
515	870	0.19324045876506807
516	841	0.10710333018893213
517	562	0.10931401293510218
517	848	0.11377586600937217
518	768	0.13663341235938856
519	756	0.2797849326128874
520	533	0.1381548892354607
520	537	0.11351467767676092
522	552	0.11080079918179386
522	581	0.14647595217273518
522	776	0.10731838985305883
522	818	0.3339848342106794
523	756	0.13601092209814694
523	822	0.33875637644247497
524	562	0.105671091740223
524	615	0.10178234716669457
524	647	0.15856479547050512
524	873	0.14016114636542557
528	653	0.284574579712053
528	847	0.1257831897686204
531	535	0.10230448772841369
534	535	0.12337129569407305
534	538	0.10650196198091982
535	714	0.13272841401062965
538	621	0.10082456653684327
538	740	0.12233766954015314
539	542	0.10547027204706226
540	548	0.10170968412078452
541	822	0.10185193766707701
542	768	0.10948653750036995
543	547	0.15900743948432292
543	550	0.13743371414772781
543	764	0.1054690283885699
543	877	0.10054119834546747
544	548	0.23180400190851005
544	549	0.12127401403502301
544	550	0.11586010689898103
545	689	0.11080804254308782
546	842	0.10386489109800222
547	764	0.1751534012755359
549	821	0.1084158159427555
549	826	0.15593413269770243
549	846	0.1559504239412167
550	846	0.11755841635625108
551	862	0.10733187807434524
552	581	0.1045166072359343
552	731	0.10031063938411676
552	750	0.123703392251046
552	752	0.31974357020148736
552	754	0.23963179657178274
552	828	0.19894982866618333
555	778	0.12614045276894453
555	848	0.21337500936508816
555	879	0.12455966909100805
556	761	0.10363874142968603
559	571	0.11552917967421716
559	648	0.13028724835242209
559	747	0.10584290618309523
559	841	0.1024647453567237
561	576	0.11968089691323427
562	701	0.10026056011255899
563	577	0.17097603238380676
563	734	0.12283741955852936
567	577	0.13821265987149187
568	570	0.10116960026737644
568	576	0.11335787130075001
568	580	0.1425559470735818
569	575	0.5247552648388005
569	579	0.24057537506813484
570	869	0.12684876932373385
571	604	0.11667571301830484
573	663	0.11476808192633799
573	797	0.12476882802870669
574	579	0.13849456461760104
575	579	0.2683363116120292
576	577	0.14956113978878982
576	580	0.21079018441004793
580	587	0.22728412332848288
581	752	0.10943570336040095
583	673	0.12437892740636988
583	745	0.11780128232054837
584	636	0.10420848429416002
587	605	0.10042157994158935
587	672	0.15161180815577616
589	648	0.13827720188685536
591	595	0.4047943863803753
591	703	0.10259026056908473
591	861	0.11869192088385856
592	739	0.14243928996175198
592	789	0.13020568181891137
593	595	0.14120619690660124
593	612	0.11867613435907524
593	753	0.1198940738149613
595	608	0.11151319992305304
595	861	0.12020576880485251
599	776	0.2833004916964692
599	777	0.1190275462302718
599	828	0.10844897341592169
600	843	0.1655457227296019
603	644	0.1193879578180676
603	716	0.11474535192854887
603	841	0.10034313798083494
604	605	0.11001205507883824
605	659	0.17201481234796773
606	718	0.11549066954205639
607	609	0.14650541802867068
608	612	0.16148106796619002
613	802	0.10059189608192239
615	742	0.11071243186604904
615	757	0.10403562719997575
616	651	0.19936737874103497
616	770	0.11348733983622179
617	725	0.14693913559405933
618	621	0.13535701005571035
619	715	0.125086251668598
621	769	0.10108088190603674
622	631	0.10265239919847981
624	751	0.18773796976557408
625	637	0.13757114232114148
625	728	0.12249497050757227
625	810	0.1188352005608522
625	865	0.11324507258045012
628	654	0.11465262752349778
628	655	0.10375053530998973
628	845	0.10506247381532996
629	756	0.11173643215191145
630	855	0.10554611847681195
631	671	0.10156166133656423
632	634	0.12903182715129927
632	865	0.18029899467657004
633	843	0.10818411021643745
634	768	0.12236470526450649
635	865	0.10166378801244874
637	728	0.1288013210989215
637	819	0.1108388918406194
639	811	0.11062692283940569
639	860	0.10705626025986718
640	648	0.10441071978029787
640	658	0.10176803702244838
641	719	0.11908655276305422
642	865	0.11310519065715255
644	651	0.175945598058721
645	847	0.13925513205020043
646	653	0.16332146731830274
646	780	0.11763993439899602
646	847	0.11219311737109687
648	708	0.10654480182047217
649	701	0.10117286733880443
651	695	0.1181279960949714
652	653	0.23660962500360422
652	654	0.20312511983246584
652	656	0.10549676714202783
654	655	0.4176640395294322
654	656	0.12551503559629157
655	656	0.224488546165562
660	665	0.17904129942103633
660	856	0.1374681909093815
661	663	0.10624181935745575
665	725	0.10696645488990703
667	668	0.13983710177805417
668	677	0.2852515632847427
668	813	0.10884253292223071
671	674	0.10503234929947491
672	869	0.14675401893412793
675	677	0.2795564290811471
675	808	0.23810107298299094
677	804	0.1307720776506665
677	807	0.1442641575256784
679	805	0.11661558341654751
685	686	0.12828273536709092
697	831	0.10330710008071067
698	699	0.17701929519418752
698	707	0.1288009897584669
699	704	0.21156137081835372
699	727	0.4187494378231983
699	763	0.17615650344882197
701	713	0.137703123843185
703	706	0.3436695210583299
703	712	0.1427188931995462
703	713	0.1245109465343134
703	784	0.14694463405101826
703	856	0.13075911191846398
704	710	0.1935696367632316
704	724	0.28514821568142673
704	735	0.12050340277506676
706	709	0.18802422842544567
706	794	0.12236302683690556
707	724	0.10644702232350481
707	735	0.14746327102629145
709	711	0.18976536913517805
709	720	0.11663425359656565
710	717	0.1919966666642063
710	720	0.32780539470514597
711	735	0.14768459620543425
712	716	0.15523910979759498
717	720	0.21354553128433856
717	727	0.14794014399484004
717	735	0.1793636112276417
717	763	0.11102671533970998
720	727	0.21957006234678286
720	763	0.10071923071442335
722	855	0.11431514035471457
724	727	0.4093980507958728
726	761	0.11240072694250276
727	763	0.10020660383089568
732	875	0.10263200897261045
734	737	0.1414854793505096
734	838	0.10829117488879472
734	851	0.17428132479967806
739	774	0.15095934037945588
741	744	0.10057053485344387
742	819	0.10087853701481668
742	832	0.10487947543223496
746	791	0.10247222029369783
750	752	0.20352443897811923
750	754	0.11590031582013945
750	818	0.12306809803899255
750	830	0.115584004049349
751	778	0.10026332497828508
752	754	0.11095581597189258
752	755	0.14802560418984603
752	799	0.11619030924233255
752	828	0.23671031570287596
752	872	0.1692997985766465
756	822	0.11724238660196964
758	781	0.343740286941281
758	843	0.11401474424148954
760	767	0.16889557414909903
760	768	0.11368510672559674
762	772	0.22013370482399638
766	823	0.1981926144152776
767	812	0.11140292957909569
769	811	0.12490536461956749
770	790	0.11531428613997506
771	773	0.10418339421266694
774	818	0.11036384284604561
774	846	0.11596370427300558
776	778	0.1895853448388456
776	818	0.154173597527948
776	828	0.15538618773683407
776	879	0.17017181748577748
777	861	0.1062200654406702
778	799	0.13532178296838168
778	837	0.15838918040142716
778	848	0.11125025440076905
780	845	0.11480589454271346
784	785	0.31364184649550797
784	794	0.1714352181048693
785	788	0.11887631792555478
785	794	0.32102608627582646
786	788	0.10893297057036284
786	792	0.3352561895963285
786	797	0.26670967098380194
787	793	0.14468895867188605
787	798	0.2894595203297364
789	842	0.11104738785408133
791	803	0.1063732094524968
793	798	0.15575297952868974
799	842	0.23062719427219447
799	872	0.38075943630556663
800	802	0.12420883458644108
801	807	0.13813737834178386
801	815	0.12566484888052232
804	807	0.2460761070956632
804	815	0.22980122148418927
818	830	0.13989812226268458
818	879	0.22898973085745136
821	827	0.11723911372339496
828	830	0.30134947059516093
828	848	0.10151169919662145
828	864	0.12007715967307064
828	866	0.3041223557856179
828	872	0.3001540136354607
828	879	0.10042024907339042
830	864	0.16884035690276472
830	866	0.4128972744392345
830	872	0.19726062850138823
830	879	0.28447942269944737
833	835	0.1290688232985183
835	836	0.2566536081813106
837	842	0.24884979373181998
837	848	0.3815052358769043
837	872	0.10270472862833425
840	841	0.1351580016891364
842	848	0.16960959484037405
842	866	0.22714125190041923
845	847	0.10777249531659872
847	863	0.13520211687433814
848	879	0.3728856854765744
851	855	0.14802312190048783
855	856	0.24410597617771185
856	862	0.1887288504824592
858	860	0.1436480463670032
860	862	0.12294015051765728
864	872	0.16316488665978884
866	879	0.23899449975767964
868	871	0.10485541720267554
872	879	0.2522390044794659
874	877	0.48902378312742417
