2	70	0.1267083676899867
10	825	0.11705261921443819
27	68	0.1484590652799073
27	71	0.1458592180994384
34	518	0.11883970349227375
37	39	0.15345858003285054
64	66	0.10317084671161986
73	430	0.10362474986794516
79	493	0.1760651662391339
82	457	0.14808371233771897
82	488	0.11116799619644777
89	423	0.21804057499690638
89	751	0.10030833460174529
92	411	0.14828713349710007
94	408	0.13196644874810093
94	427	0.17509998100445423
105	139	0.20585857687533288
111	590	0.10866490392639691
114	764	0.20049369288799063
115	477	0.103812118596306
116	290	0.11729315381114745
126	330	0.15847525398071052
128	815	0.10331586967130804
140	142	0.11705377040229792
144	865	0.10229973786527219
151	318	0.1456830175543031
171	180	0.10200936704130746
174	180	0.17354182785115194
177	182	0.23227913652116902
179	484	0.12303255177876084
184	569	0.12311735724384976
188	196	0.11626082955568659
191	605	0.11013330616102941
193	205	0.11669662654094555
195	206	0.2115967506724244
200	204	0.220581390698616
203	523	0.10052735452366193
213	510	0.1899086317037968
215	489	0.14120515376577442
215	869	0.109274091061839
216	266	0.12024763180726847
227	233	0.12655808844799263
237	835	0.23146775498200206
245	265	0.10041844702917566
245	537	0.11016473224365902
245	616	0.16020927291456447
245	633	0.10382254605894241
249	251	0.10844670017906108
255	559	0.1071113185422122
264	536	0.10571183619116226
275	743	0.11138158819632786
279	280	0.11998078764668926
281	313	0.18128650895018159
287	294	0.13009444025024763
292	312	0.10311326365373259
296	300	0.18486992036460848
298	299	0.15154181973433298
298	333	0.10132778509514576
298	805	0.15857914108329582
306	443	0.12388614605936908
311	708	0.10968777134297063
318	779	0.15397922931613575
329	370	0.14858725510849582
329	653	0.10916484750831076
332	598	0.15718921408326375
333	805	0.11556898054076221
359	361	0.12334971391543506
361	424	0.10013684687238017
365	371	0.13086796396288328
365	375	0.10095237009635157
369	544	0.12251868175467234
370	371	0.18222925865432504
370	375	0.11093672003365436
374	376	0.13465123117415084
376	549	0.10744231491576511
378	799	0.13396038383610553
385	867	0.1651473640591798
391	394	0.11932191663151764
406	488	0.11239391267521937
406	490	0.1043492759030804
407	419	0.11259941399918014
407	429	0.38697226621614683
408	751	0.11144834850279689
411	751	0.10428370040404467
423	751	0.1257899932259866
425	640	0.12989251269858043
427	755	0.12985209618975935
430	523	0.10634190838087063
436	522	0.1123048968306006
436	864	0.11975268998046239
443	789	0.12900622608142653
445	701	0.13116034096283954
450	451	0.18267670567571512
451	455	0.15730559735324623
460	833	0.25153702121096866
460	835	0.1071757943601849
461	836	0.12587769581812144
465	466	0.13976845964010148
478	480	0.12516820230526465
483	485	0.2335079297018176
484	491	0.1839001836545547
484	869	0.16696532111342663
490	500	0.13614860490960345
491	587	0.10605346544766059
491	869	0.10934068501189112
499	837	0.10309952408674909
499	866	0.24403400164562572
501	506	0.18703488236443944
522	818	0.12402322819012691
522	830	0.13105566240760755
522	842	0.14967281587519748
522	848	0.1263938541094145
537	539	0.1272104821095671
537	616	0.15118666884857593
539	651	0.10317846824716304
552	599	0.12740995957651366
552	776	0.11087400340202833
557	558	0.11718306095976501
563	570	0.11339787286293795
570	577	0.12672594198111953
571	605	0.20035731642453078
573	824	0.18614263650701396
576	580	0.18330638473814345
591	592	0.1490946974968146
595	596	0.16267283076439346
601	604	0.11058381473045957
601	605	0.15284295048749144
604	605	0.2745401212968666
615	617	0.1068612477222202
616	633	0.11034181322510532
624	751	0.14994813189501818
635	829	0.12556197866532665
646	845	0.15254282383372786
661	663	0.10804083649028326
668	675	0.10855354715817445
668	677	0.17245307392261164
671	679	0.17791614248581106
675	676	0.10161444767548206
683	686	0.11484564617961997
698	710	0.11358101126898482
699	724	0.12042996458359702
700	708	0.16506487514811877
703	709	0.12258098832130472
704	727	0.10678061984571692
704	735	0.11643707602419051
705	731	0.10663277777088087
706	709	0.126310727163904
706	713	0.10432851459336207
708	730	0.12406509338466162
711	712	0.12822169655461158
716	724	0.27721937283232717
717	724	0.12955505881980967
717	735	0.12985726779329637
720	727	0.14510451192075507
727	735	0.1300934165691533
751	753	0.10019926172652582
753	755	0.19073396301800638
754	776	0.11070464674636918
767	771	0.1229223732421577
771	773	0.11034758533124611
775	777	0.1070992765113266
799	842	0.11475937905624009
801	807	0.18014042564538926
815	816	0.14768809196975632
818	842	0.19450962337729144
818	848	0.11136814663242947
818	866	0.2000725023607072
818	872	0.21662431104857377
823	824	0.1455705440421646
833	836	0.13537165933499862
835	836	0.14392843361178076
837	864	0.12091193550439115
837	879	0.11145652548203178
848	866	0.23935187190356416
851	858	0.14622399467617103
855	857	0.14275439284027946
855	862	0.10507812067662906
856	857	0.2072730784224395
857	862	0.16913979371942334
874	877	0.1608009722822339
