0	149	0.18569714153939132
0	285	0.11876674046833408
0	301	0.13618902359946955
0	391	0.12213510144114
1	341	0.21665495879051916
2	11	0.1362540930473884
2	258	0.10344975506162278
2	430	0.21982531607402483
3	30	0.11582131674407828
3	507	0.11732417360539588
3	556	0.1706751633159179
3	718	0.12606003111041433
3	730	0.12646597761103084
3	865	0.1430691415679229
4	197	0.11011547729651915
4	466	0.2162489977005632
4	502	0.10204938336670819
4	753	0.11576229641956319
5	107	0.10978172303505973
5	174	0.15613332711635222
6	122	0.11338997565940309
6	238	0.1495659339006075
6	281	0.10654542230723313
6	477	0.14338892404066356
6	790	0.1054435336370285
6	803	0.13002197297068716
7	578	0.12995765944266557
8	500	0.11326953544720134
8	682	0.1485915167148525
9	321	0.10540270627112208
9	377	0.11525041669003515
9	569	0.1355373375311527
9	572	0.16356230745347913
10	21	0.10274793940819761
10	625	0.34850092164437674
10	870	0.10110884447489998
11	73	0.2908293427192606
11	116	0.10771354825835074
11	214	0.14805694700786975
11	520	0.1002482300927625
11	577	0.10340613137064095
11	711	0.13093000420666692
11	713	0.1522961623277393
12	625	0.11837057639817779
13	301	0.1263336505870252
13	556	0.10855968188476559
14	109	0.11575000000511346
14	137	0.12938251672833173
14	140	0.10033815706799463
14	475	0.11243100688790691
15	16	0.23383665176541982
15	150	0.1299775063104687
15	332	0.2130088998635553
15	351	0.10480686238998416
15	408	0.12742226491956782
16	253	0.11122008565797939
17	18	0.13524925356710066
17	273	0.11498661961443112
17	406	0.12344287730118836
17	671	0.11777260171928769
17	699	0.12661779663672681
17	724	0.11387314806407185
17	841	0.10521358875910161
17	858	0.11060286249362374
18	46	0.10547628558823667
18	47	0.11543332770185988
18	214	0.1053972253994717
18	258	0.11733872026956454
18	430	0.1208305829544089
18	607	0.15460750901844644
18	851	0.22358915055791176
18	855	0.11949293353625962
18	857	0.10486659749411492
19	390	0.1944357429859373
19	475	0.12714295283974844
19	477	0.1102843425945767
19	559	0.11741114247484416
20	286	0.1141599034443571
21	625	0.1597236481829308
21	649	0.1076102614431248
21	695	0.10308372957699483
21	773	0.1011227669474034
23	28	0.4155475377727795
23	112	0.1764323377541401
24	477	0.16569185060077268
24	616	0.10472194961996407
24	769	0.1330158786386717
25	71	0.10842251581937097
25	662	0.11556395234503762
26	68	0.13010226724704285
26	520	0.24315616302501236
26	616	0.11314914184723178
26	657	0.10179772171585293
27	71	0.13323118097430367
27	134	0.1471469172276616
27	709	0.13316609527058199
28	99	0.12150764869900736
28	112	0.10184314346763591
28	223	0.11139567440453153
28	444	0.1535069616746496
29	129	0.11313803161886411
29	145	0.13092090273678691
29	177	0.12240699783516462
29	393	0.15063544187443229
30	31	0.10533436991235513
30	320	0.11135265386512891
30	381	0.12206376662997548
30	499	0.1086847789204091
30	760	0.11158216464629223
30	811	0.1647182195552612
30	862	0.11196229431023312
31	38	0.1085993637984342
31	378	0.2968577460848181
31	499	0.3678075030409156
31	517	0.11847898438068845
31	522	0.28925136494805664
31	599	0.20998845552140408
31	780	0.1262559840337999
31	842	0.3474075426796993
31	848	0.11761866757206654
31	864	0.14572926937377154
32	381	0.11291579594594507
32	551	0.3821659463190417
32	640	0.1297210157228279
32	771	0.1271777889273229
32	855	0.13826633092208887
33	40	0.170765884867239
33	870	0.10148801143961479
34	44	0.1255442232727648
34	449	0.12259156311751111
34	860	0.10103625656858879
36	184	0.13732555677047276
36	763	0.1457531905274815
37	40	0.10079928502116973
37	356	0.2597238680812883
37	552	0.11357200097956766
37	555	0.17602650150484392
37	776	0.14191486805012696
38	363	0.11215267096333033
38	646	0.10377250311277232
38	752	0.10016185349363495
38	842	0.16194030675192206
38	845	0.11236064316798874
39	166	0.12375693600681911
39	499	0.14515608287224224
40	194	0.10040487891465776
40	436	0.13397041729305392
40	599	0.11856803395227102
40	660	0.11284554456785671
40	837	0.15121675060069073
41	399	0.21628103058716644
42	387	0.22057420863476315
43	48	0.286891102744454
43	151	0.10549958062264103
43	396	0.1077433090780893
43	646	0.2111402899426397
45	415	0.15687100843046872
45	592	0.11024125887609289
45	595	0.16381129192404506
45	596	0.12428702306628706
45	864	0.11707529381050356
45	879	0.10105023205159518
46	47	0.11662158349413297
46	283	0.17209043292158577
46	816	0.10003620624526861
47	607	0.2198366454497984
48	571	0.11869735222377006
48	712	0.10197981734366149
49	110	0.13342098009750575
49	377	0.11773573718451348
49	809	0.12514244338725009
49	855	0.12153627170322229
50	407	0.1127466521309595
50	417	0.13633720976364122
50	419	0.18671153038866356
50	824	0.5769482213211367
50	832	0.10978988583666491
51	395	0.10515092499010428
51	798	0.14391284351299416
51	847	0.1819657738575714
52	116	0.1061745244796267
52	192	0.12004885595493843
52	350	0.14719798527276684
52	706	0.10561827090821546
53	424	0.29180237943793297
53	675	0.11178936657419095
53	774	0.10034271717385428
53	851	0.100842836289553
54	269	0.14603150020329136
54	551	0.11555725327790922
55	347	0.15361561619119932
55	435	0.12573342000793553
55	506	0.10585335743315029
56	318	0.10165114538769358
56	527	0.17510324231925342
56	548	0.21019542385383505
56	846	0.10784188366460902
57	107	0.11034292358240771
57	311	0.12562782671373957
57	619	0.20722490180445793
57	730	0.10477932647129155
57	749	0.10765275824052536
57	789	0.3283148813768532
57	846	0.1820742603013829
58	107	0.11825687060791051
58	253	0.17190937841372245
58	395	0.15394374655918847
60	86	0.11639461971312273
60	91	0.13369947233461604
60	459	0.122142179873158
60	770	0.1157428986330316
61	520	0.10247063572283732
62	261	0.1149929899355657
62	352	0.1123421474723969
63	65	0.11347706802951449
63	66	0.14899038735544515
64	66	0.11751064516549484
65	67	0.4210629114691274
68	412	0.11294611983651848
69	759	0.10963666934264639
69	840	0.20062184124366086
70	73	0.14538272178115477
70	194	0.10424565187834658
70	452	0.1043015215805994
70	463	0.14072155125468264
70	822	0.2785418249227474
71	345	0.11812423886329741
71	440	0.10184608037781699
71	643	0.10888304189464984
71	712	0.11425552606230649
72	230	0.1497572179459236
73	389	0.10922078901208197
73	497	0.10596077453745659
73	533	0.11602380373767275
73	588	0.11735267892437294
73	712	0.11456242901093866
73	713	0.12431999711063492
73	850	0.10644617359792692
74	135	0.10160751481532633
74	149	0.11618240955921282
74	208	0.1245258152737774
74	312	0.10567442757799268
74	422	0.10109871569846593
74	513	0.13028830578002712
75	286	0.10910357573633828
75	495	0.11293243852690578
75	688	0.10311472008659452
75	795	0.12672845550409179
76	274	0.13996958090046277
76	561	0.10064738447929941
77	88	0.11435276579256536
78	80	0.13046019480591126
78	83	0.10177462348231965
78	144	0.10553899096169773
78	342	0.13152086756117862
78	651	0.10740690637806867
78	759	0.11484694420699831
78	785	0.11200635913743176
78	819	0.10946346727192545
79	245	0.1669458334220855
79	493	0.13926120917226936
79	533	0.10375464415833774
79	616	0.3429953622691831
79	634	0.1101847207702255
80	610	0.10081410667365288
81	238	0.1386236609048702
81	404	0.10202523741083963
81	441	0.11316296197795649
82	97	0.16383042222357388
82	487	0.11770080457882409
82	500	0.24634150650596617
82	855	0.10973442370750092
83	99	0.11539702239686192
83	539	0.11058345693302271
83	694	0.1330768483965817
83	873	0.13145943833007148
84	319	0.10980475264249201
84	692	0.18085470722719876
85	463	0.12610717038333727
86	91	0.1752446942467732
86	136	0.11204832526235028
86	236	0.13741224749274364
86	388	0.1128941973423618
86	459	0.15938473567524042
86	618	0.10256033129948708
86	635	0.10405516739749184
86	819	0.10533907666470294
86	841	0.11868014075236832
87	247	0.1551479606088094
87	322	0.10112442804374061
87	323	0.1066922506086927
87	504	0.20017480518023933
88	90	0.18461986995283705
88	672	0.11192782927331685
88	877	0.11445224142906216
89	92	0.303953442854549
89	94	0.4450207823001998
89	333	0.12099340507722069
89	408	0.26224987364447633
89	423	0.21344744608503874
89	552	0.1151306957961699
89	751	0.18289605291663544
89	754	0.2054457432038248
90	291	0.14349733451785907
91	236	0.1177618266281558
91	322	0.18462754319261443
92	94	0.36330987596545067
92	411	0.15203132146230167
92	423	0.22989122455715547
92	680	0.10100600150900811
92	755	0.16882791438479133
93	421	0.1007256317208545
93	460	0.14463990281227668
93	831	0.17865157348128072
94	411	0.20799594901140905
94	427	0.1984153053617055
94	552	0.12480516883262213
94	599	0.10004789770052261
94	669	0.10938588488150178
95	107	0.12024242603248642
95	327	0.1310533049654428
95	588	0.11562680937599745
95	635	0.14505198713793888
95	859	0.1117176742989238
96	109	0.12000590118647073
96	479	0.12288141465936571
96	721	0.12374622333492234
97	466	0.16428749364398054
97	503	0.11494706381128408
97	658	0.10565592582080294
97	660	0.1607170619682301
97	666	0.12368142071646075
98	139	0.20162638495936963
98	573	0.1408297076198169
98	608	0.11163718364111146
99	112	0.10576551939980172
99	434	0.10068420702583356
99	690	0.10544290536863277
100	160	0.11801023391844319
100	651	0.1510915568683757
102	105	0.19910468015978255
102	139	0.15610685334061125
102	766	0.14252127158326094
103	210	0.10234350985920548
103	840	0.1344796506038189
103	871	0.12024705850604306
104	113	0.10939233290771015
104	693	0.10337100557842197
104	773	0.10556373024765289
105	108	0.22061278909373472
105	139	0.215991742839921
106	211	0.110244240249338
107	162	0.18509063819866736
107	619	0.11614338432157587
107	761	0.13070479978938473
107	862	0.1006283253221711
108	766	0.2268457295627767
108	862	0.11463794520427556
109	615	0.11107468280423478
111	237	0.1095033932256819
111	257	0.12810663690171595
111	571	0.14465554525781496
111	835	0.17190817586244309
114	416	0.11713863762080831
114	550	0.10897238336533926
114	764	0.12400633077317777
116	290	0.13407374534233601
116	422	0.12552723291217996
116	672	0.1423378749283484
116	717	0.11956410210694726
116	767	0.12733290493951283
116	773	0.1116946234320055
117	706	0.1131642148060497
117	822	0.1372366284565262
118	158	0.19747254751485768
119	646	0.10904334774331527
120	626	0.11168066554513922
120	674	0.1003798737805984
122	513	0.12677674101589445
122	769	0.10369556975075866
123	798	0.10669442801176278
123	832	0.11612077469089815
124	551	0.10418254796413348
125	469	0.10082612872614279
125	641	0.12470004575395957
126	675	0.12308503176208295
126	807	0.10269762985998046
126	815	0.14635095428289377
127	653	0.10155397459412782
127	808	0.17255634641670003
127	816	0.12659738505892137
128	807	0.19841239599401367
128	808	0.14251799608734916
130	538	0.11215596727903429
130	618	0.44494348065149525
131	247	0.12024417587703212
131	289	0.10820550938568471
131	481	0.1933741244713589
131	562	0.10779802904708664
131	806	0.12360288350318593
132	142	0.10135279344586481
132	184	0.11718155802003048
132	212	0.10822157693069713
132	244	0.13353988234047434
132	492	0.11522408314352019
132	839	0.13840309347217344
133	234	0.10038746926116277
133	421	0.11775747271399492
133	446	0.12297884286410536
134	212	0.1234509179224539
134	241	0.10805087062621878
134	322	0.11950544817954988
134	385	0.10659072271904274
134	588	0.12963508611522773
134	737	0.1317672270241067
135	442	0.15777953075814638
135	467	0.1338100575319086
135	513	0.10823082277653158
135	637	0.10849899959163374
135	817	0.1002404363627567
136	316	0.1157754461083237
136	348	0.10321941435931815
136	475	0.10806761546646465
136	498	0.1057742637522996
136	625	0.11207895685403012
136	685	0.1063708218998724
136	737	0.12822189790790572
137	156	0.10733365743304579
137	209	0.158709689489082
137	253	0.10968653032918894
137	477	0.12555585471395656
137	641	0.1273663949720563
138	140	0.12010126136789087
138	190	0.11091510160675758
138	282	0.12953109672104124
138	357	0.1055064800560636
138	802	0.1510396506692862
138	806	0.16576314336282333
139	862	0.12915020661340215
140	469	0.12244610671380923
140	496	0.11365659840882825
140	743	0.1127655647159891
140	800	0.10686556735243785
141	200	0.10620382673787075
141	814	0.11499975180733144
141	851	0.12367880674095262
142	361	0.11374664864981701
142	425	0.11380834418285139
142	476	0.10065054063600522
142	492	0.103374180609427
142	558	0.10747643557295927
142	793	0.10118385282672891
144	256	0.10370911814056562
144	327	0.10931818516700914
144	409	0.11107097355855373
144	588	0.11161075533299582
144	865	0.1768282062640236
145	456	0.10138388900222059
145	527	0.10968774486002723
145	536	0.1151364908605923
146	516	0.12083206760620464
147	532	0.11588822500610335
148	155	0.14421945854887036
148	221	0.11931854060990517
148	304	0.13404091369404028
148	615	0.10749580249386358
149	212	0.10404383321872389
149	518	0.19902955184758941
149	617	0.13603775776420077
149	768	0.25417527377105253
150	586	0.10320595686560088
151	453	0.16730581605823464
151	652	0.16173765672587284
151	702	0.10002404412284348
151	780	0.1467004806883544
151	863	0.14257670407369707
152	809	0.14180812071458804
153	378	0.12544928490896848
153	380	0.15154020021787748
153	547	0.18987366493322577
153	778	0.11320600701198942
154	167	0.15029431401315071
154	234	0.11521269303378184
155	389	0.13546868103320153
155	440	0.14309033981952027
156	281	0.11227470417583986
156	435	0.10308840238683273
156	870	0.10480290001207877
157	258	0.12669287834330423
157	358	0.10379016223994073
159	165	0.11351248363936248
159	829	0.11016264731895418
159	831	0.11664126096989931
162	851	0.11012871950747263
163	534	0.11536639837609756
163	584	0.11262101814926338
163	597	0.1228530509153515
163	647	0.11768143521282966
164	298	0.13336414585821757
164	384	0.16644347983947
164	423	0.10562917354117017
166	173	0.10029326210636973
166	436	0.12871145234073184
166	830	0.1333524637144849
167	397	0.12498857752487529
167	879	0.10682242702900274
168	179	0.1057638614620541
168	180	0.10031428160812021
168	493	0.15398320549775332
168	633	0.11596108928205899
169	747	0.1345291339960363
170	182	0.12571647618929335
170	200	0.12503036512453058
170	256	0.16065486972350057
170	638	0.1538862886904261
171	174	0.20452626842674362
171	180	0.2850284874366057
171	256	0.11421143749153534
171	395	0.13894549871568862
171	403	0.15077382217982213
171	632	0.10947863388799134
172	174	0.11370847217785077
172	232	0.2188445284176028
172	279	0.12058372152373546
172	305	0.11491408334272006
172	483	0.1252586911370596
172	486	0.18559956874378483
172	723	0.12298383854351319
172	869	0.11250824736683122
174	179	0.15791791175928588
174	180	0.15823648577092003
174	851	0.10793974600609073
175	207	0.12009378045956816
176	183	0.13639055475970183
176	489	0.1405040050586258
176	585	0.11407348787376627
176	620	0.10584550352977352
176	819	0.12573000483217028
178	182	0.10369495625443617
178	543	0.12954610091325847
178	550	0.1624825271577179
178	680	0.10582052935950381
179	180	0.18540115896950446
179	183	0.15569286891684875
179	354	0.11922791033567777
179	484	0.11020775631413397
179	489	0.11563636770977054
179	552	0.10239052008574459
180	183	0.3284270015487054
180	812	0.11611751233350591
181	391	0.12638717567551824
182	271	0.21992971500908443
182	542	0.10737792269859442
182	550	0.10115105575258315
182	772	0.12079632677541105
183	483	0.1070525201147518
183	857	0.11093601086869269
184	317	0.10107145794153562
184	323	0.10910094596312747
184	469	0.12984765084838307
184	542	0.12031213854302893
184	558	0.10105232617930232
184	743	0.12746998311797453
184	763	0.10323009592131416
185	625	0.11628074537774584
186	340	0.10028446633768302
187	240	0.10273123348299615
187	761	0.1005360177777507
188	196	0.2820386051417253
188	203	0.2629819688141791
188	257	0.10626397469568072
188	452	0.11665748670191706
188	845	0.10151855595978918
188	847	0.10558918658338506
188	856	0.10180064736265405
189	204	0.2855160584200778
189	208	0.2842663287643705
189	263	0.10756614719124763
189	420	0.1305107280528357
189	680	0.194202933623078
189	867	0.10542264525707017
190	588	0.10722609003280692
190	671	0.11059562056307182
190	728	0.130775609181357
190	731	0.13400174538615525
190	768	0.10488644910544397
192	249	0.30550038707257876
192	715	0.11111950922211802
192	717	0.15703904073925512
192	879	0.12163790774011114
193	450	0.15612827511246305
193	453	0.1545675293367971
193	528	0.15440999378570738
193	547	0.1516879057093297
193	779	0.11913951517639326
193	847	0.10429003373745072
194	199	0.13944302903901837
194	338	0.1000247251571574
194	574	0.10548959106992534
194	835	0.10083669567117719
194	857	0.1212557987414135
195	197	0.2000348344336546
195	206	0.1084772651128727
195	263	0.11317738772526846
195	502	0.11878982220878248
196	249	0.10270995689193797
196	315	0.14868530023520135
196	452	0.14223879250301041
196	489	0.10001560497263749
196	655	0.10287061734576719
196	856	0.24924025012344367
196	876	0.1299304008767685
198	581	0.11555649241357475
198	844	0.11343648350024406
199	452	0.1383418731094611
199	646	0.11843686667056405
199	822	0.13052805230161943
199	855	0.1907825733727563
200	208	0.16668770429604673
200	255	0.11689729180926006
200	263	0.11782340561988316
200	550	0.10366586755277588
200	685	0.11208687239687463
201	206	0.4096154011938248
202	207	0.5655928257718111
202	381	0.11349450871008698
202	720	0.1367472355894427
203	863	0.14178004862336047
204	420	0.1800879687961139
204	492	0.11633966871190396
204	548	0.12306660912274506
204	851	0.18594476055512882
205	451	0.10728282731125117
205	541	0.10311887182871572
205	550	0.10178962070754835
205	617	0.10150122413113863
205	654	0.21066859863756207
205	768	0.11429809499981261
206	502	0.2276041792860069
206	658	0.14134415743227535
207	381	0.10381769845144326
207	487	0.11400601373645809
207	710	0.10095285714147534
207	720	0.14087380715301154
208	255	0.1022814128754649
208	308	0.18396932246440303
208	404	0.11587603946550747
209	226	0.1012610041196681
209	493	0.1159461594352082
209	643	0.10916984650167522
210	812	0.10930289601911425
210	840	0.10433516248176455
211	236	0.13798094045339773
211	326	0.14763910953706383
212	246	0.12369547280864025
212	264	0.12221260303955435
212	456	0.11980874527331627
212	467	0.11344919812628526
212	588	0.1769457722500419
213	410	0.10958319017730236
213	469	0.11856378128983665
213	507	0.1480314485797487
214	215	0.2652582551008819
214	483	0.20500526424153429
214	489	0.1302673832657695
215	462	0.10010275736709244
215	463	0.10438099627530446
215	483	0.2674308319095523
215	576	0.18440352296399584
215	605	0.10159371481217558
215	606	0.10055934919716011
215	672	0.10644955426379295
216	266	0.1588355650795544
219	282	0.11153655773216034
219	497	0.11662213482356153
219	512	0.1080397650118452
219	757	0.12313284121413386
220	577	0.11139105193037406
220	631	0.12252795457247728
221	704	0.11485821505896666
223	509	0.11725627880000875
225	502	0.15406760727080124
225	540	0.12354539538119955
226	800	0.11336365689288133
227	233	0.4160946327350117
227	319	0.11983363997310106
228	302	0.10599735184515038
228	315	0.11506816827577158
228	583	0.1096633389262166
228	768	0.10640949190264537
229	777	0.32488913305454403
230	332	0.10335236120671018
230	659	0.11434277957098547
231	501	0.16112844498187193
231	505	0.1869074362876815
232	315	0.13667373364727864
232	346	0.1155234079202841
232	826	0.1018002191699011
234	427	0.10792908202415982
235	328	0.11169468848818377
235	564	0.24214799598857278
235	676	0.11681929124471542
236	377	0.13793328690784848
236	831	0.21226905687686606
237	630	0.12711815248322192
237	833	0.12677951052256123
237	834	0.38047572612777514
237	835	0.17346213406023814
238	404	0.13434759384268946
239	362	0.10753472431420691
239	367	0.13269961247728163
239	401	0.10222543432670213
239	527	0.11593197558398319
239	536	0.11624858358821123
240	468	0.1092628525079446
240	625	0.1047772808007694
241	382	0.10374657093773607
241	512	0.11487893649137745
241	733	0.11151030476120759
242	567	0.10405673062928858
242	721	0.1252472283949564
242	860	0.10185673715776113
243	332	0.11657135111296567
243	557	0.10441146537385464
243	738	0.10020765914259396
244	246	0.1048532211057571
244	618	0.11290053366075123
244	647	0.10335209934969211
245	493	0.1060483750762006
245	635	0.10219180924418451
245	644	0.11763980019193278
245	695	0.10934449502669671
245	790	0.10437482377776955
247	282	0.14202463190325998
247	322	0.11137253454158957
247	433	0.1014767601187268
247	481	0.23786895760771326
247	633	0.10360905705107999
247	681	0.11544205374387455
247	868	0.12882104484008822
248	276	0.10655603541356372
248	674	0.10574963065284283
248	691	0.10305395253996501
249	251	0.21883121693282132
249	524	0.10246241705567159
249	546	0.10711414991066985
250	687	0.13238741522210895
251	447	0.10241937541769756
251	580	0.1722374470947293
251	863	0.13463095463825928
253	845	0.12224379715353438
253	876	0.15934122555606545
254	352	0.1090976209263523
255	263	0.13291653427758932
255	491	0.1471759831584608
255	561	0.11064150287601025
255	571	0.10571239373287189
255	659	0.101049357923148
255	779	0.10590113788515977
255	786	0.10499405124765024
256	383	0.10316539862481122
256	793	0.14353837373005984
257	279	0.10723450279036197
257	590	0.12689808067482272
257	836	0.1806206459749102
258	460	0.18399476145776986
258	461	0.13050063474666693
259	800	0.10169058186645985
262	472	0.10487947864872894
262	674	0.10947774243467862
263	502	0.12720188115184086
263	692	0.12686484588668512
264	266	0.14442350009471122
264	574	0.12651357055412507
265	410	0.10735788234141523
265	431	0.15070316087115485
265	493	0.2928619521675315
265	537	0.3177865733690705
265	616	0.13217156191036267
266	283	0.10260530622585395
267	475	0.1213583071061526
267	538	0.22668866583264105
267	763	0.10846624799005608
267	868	0.12348878016845462
268	349	0.10030397720516199
268	472	0.108029174540509
268	615	0.10004704777393944
268	758	0.10814363295234505
269	336	0.10837829926238284
270	556	0.10928187923642721
270	720	0.11341470049025269
271	373	0.20359613335114474
271	473	0.13585868682173477
272	614	0.1000336015372644
272	806	0.15123609200097804
273	506	0.10154849060850069
274	646	0.11744899338292165
275	560	0.10808354666902902
275	617	0.10268691105295302
278	474	0.1034453449309544
278	481	0.12551901020783213
279	377	0.11291252888897647
279	388	0.11259834258247346
279	723	0.11351637411522894
280	296	0.4063453969209634
280	300	0.18936188946872726
280	458	0.12611612765487065
281	477	0.16712488897872668
281	507	0.11641857984696498
281	634	0.11816841660185173
282	289	0.11394748613483324
282	361	0.11200407401788527
282	395	0.17327532882190608
282	404	0.13615383029308573
282	579	0.10854104014518293
282	802	0.10234159007197352
282	803	0.10761076359402749
282	838	0.13423986954175646
283	609	0.13113480465978125
284	842	0.11076262438417252
285	291	0.11824734368115083
285	295	0.15804594267576536
285	798	0.1372651745312065
286	309	0.11791778917700514
287	293	0.13305255749441555
287	609	0.15211827616531734
288	298	0.189400059717966
288	299	0.18986938408129292
288	515	0.11297682328371521
288	715	0.10974102389639892
289	331	0.16530007289086562
289	434	0.10558324697378281
289	691	0.12269885589263312
289	812	0.10881754215144311
290	292	0.16557114308614446
290	312	0.28921216838291813
290	422	0.18965078521046344
290	713	0.11067902087666907
290	773	0.2021981920318649
291	295	0.17599731489554024
291	863	0.11777968550148843
292	426	0.19428000228954653
292	462	0.10072260100240785
292	773	0.11144781240908556
293	307	0.15169669931128402
293	593	0.1521788085844556
294	703	0.12054660968884504
295	775	0.10770827708662488
296	300	0.3098627731968932
298	384	0.22284353184646757
299	711	0.18942037348316856
299	715	0.16297558653374059
299	726	0.13192021272726415
300	397	0.13159847759746518
301	308	0.15334308113120262
301	507	0.1136855124310203
301	533	0.10513627104803523
301	634	0.15995323670173306
301	768	0.1048894620516304
301	782	0.10423492686975176
301	794	0.1545865691835612
302	467	0.10947576609213218
302	582	0.1425718324858338
302	760	0.1961691685281224
303	617	0.10498953043655489
303	649	0.13495481039711374
303	779	0.11835270087795852
303	845	0.17192364193666484
304	565	0.11058121121565943
304	725	0.11040569216965988
305	397	0.11055523541043444
305	821	0.14171701419371122
306	309	0.12314014261386662
306	712	0.13556725148022694
307	593	0.12154422499923793
308	382	0.10804928830241085
308	404	0.12103552358892562
308	491	0.10764260608947936
308	513	0.10352161603835149
308	678	0.13207950681837785
308	760	0.14271841676665611
309	354	0.11726079098980471
309	612	0.1334374879145621
309	709	0.12324926902324973
309	712	0.1840061738459128
310	397	0.11269651433904807
310	594	0.1619922491324843
310	821	0.11457744883009192
311	648	0.10594583478378776
312	452	0.13404157503066325
312	515	0.10433869368453003
312	869	0.10488372179097274
314	480	0.14319954552255537
316	625	0.10510178327619932
316	648	0.10771911872373076
316	689	0.11039461352947087
316	696	0.11103330364489436
316	785	0.10665274085223744
317	390	0.12562382867995994
317	425	0.10612775344820034
317	467	0.13626138511920968
318	329	0.13350590443864283
318	370	0.10750163034142973
318	371	0.17975276218330521
318	458	0.11268974185389634
318	527	0.15325016846987177
318	654	0.11288905329234342
318	739	0.18919958572771023
319	585	0.10634453281611567
319	619	0.13188793218596562
319	640	0.11557133584947261
319	726	0.1415766231833338
320	765	0.12248278699123784
321	536	0.13238697766881444
321	569	0.12112506318136299
322	385	0.106739099565608
322	474	0.1650493143313219
322	481	0.10432360230190256
322	615	0.13637421252388787
322	831	0.1678625668387414
323	341	0.1284712042822546
323	868	0.10067144882401466
324	874	0.1653711478654461
325	423	0.14749927905646404
325	598	0.12151531359384889
325	624	0.25062867417798423
325	751	0.28218770209375715
325	753	0.2700545878820112
326	474	0.10542580631913435
326	481	0.11648802770306603
326	524	0.11544667808143778
326	740	0.1177089203078139
326	838	0.12437053633715718
326	875	0.1384292998532905
327	368	0.10275575674605815
327	403	0.12334441058381707
328	668	0.10324627430872825
328	676	0.2051308924127791
329	365	0.12449512439804679
329	370	0.1286902128322574
329	371	0.3436632484447654
329	375	0.19546770732107152
329	455	0.24032522103998166
329	654	0.3195423544888515
329	739	0.13285889937747467
330	675	0.16622884084490105
330	808	0.19508526982910387
330	813	0.13860266908202515
331	524	0.11862697546911392
331	698	0.1633386893477249
332	427	0.10340095905915599
332	598	0.2615701148183668
333	437	0.16076966822939814
334	456	0.10112765184195299
334	679	0.10361602099713749
334	775	0.1209000328881783
335	497	0.10847745937944164
336	337	0.1254458130418808
336	538	0.1042264558941243
336	621	0.10970088136734338
336	860	0.11543788924280565
338	733	0.1379122331233956
338	775	0.10882155301077007
339	434	0.10010335305396773
339	516	0.10752514740261986
339	639	0.11724448987082477
339	803	0.2858606744820954
340	575	0.11455703435778242
342	353	0.12624617537888647
342	423	0.10479077378884226
342	545	0.11371269989063429
342	647	0.13623191118610148
342	651	0.11220170917368572
342	689	0.10824697765142026
344	519	0.1669400809012228
344	756	0.1235419304006469
344	775	0.12834866947008633
345	431	0.11976436960821817
346	686	0.10794631134319024
346	706	0.12501971778110021
346	716	0.12510265248560093
346	735	0.1620953574066953
347	348	0.15960006609494454
347	490	0.10109983027039922
347	498	0.10098460382207138
347	710	0.1692424868860489
348	498	0.14152945268913336
348	660	0.14174497759250165
348	683	0.1097309076997559
348	699	0.12562718899469508
348	706	0.11773826490505415
348	712	0.16584095842429064
349	355	0.11831279004238097
349	633	0.1258298016111249
350	759	0.11835249939351923
351	393	0.11052391126054163
351	440	0.12279653889498843
351	472	0.189528175431768
351	854	0.13096438408983607
352	831	0.11615368171183009
353	545	0.10071550341533647
353	832	0.14264688115306187
354	396	0.103231188784026
354	421	0.13049440351934458
354	709	0.11675308365013305
355	769	0.141294939999961
355	800	0.1368557211642172
356	358	0.20009101811941976
356	360	0.2157276285058458
356	396	0.13024917677281256
356	552	0.1582682442603274
356	555	0.12778371307279762
356	581	0.10512929115677419
356	850	0.10806461850838368
356	866	0.16662989816901475
357	412	0.10229879677497085
357	466	0.1081285259558591
357	806	0.2373583665456197
357	862	0.12752532254346796
358	360	0.11751363869686217
358	363	0.2759294975392924
358	818	0.11764432131692493
359	362	0.19255979069080303
359	494	0.1334083673031652
359	857	0.10197992860368241
360	504	0.11850964918996248
360	750	0.1921943311757114
360	776	0.10117083004658915
360	799	0.1673645584073722
360	866	0.11593523152778842
361	372	0.11173317017096107
361	424	0.1101190930163208
361	630	0.1168686018285441
361	802	0.22514771248046836
361	814	0.11417802782533265
362	469	0.10991012557067419
362	800	0.1009319514497387
362	806	0.219755130377891
362	814	0.11272398889778915
363	776	0.15915257373556918
363	842	0.14281852024598643
364	616	0.12640344866837297
364	790	0.10938337654285722
365	370	0.1959281085910913
365	371	0.18709604632885465
365	375	0.18180311221178777
365	847	0.12647187773699475
366	373	0.14662179951236917
366	395	0.10453356173055094
367	862	0.11600459580450886
368	413	0.11703434764385612
368	520	0.112148726303881
369	543	0.1516006681002937
369	703	0.11661508631371441
369	846	0.1219088171868059
370	371	0.3844868338349565
370	375	0.3520753685675641
370	453	0.18005675846150956
370	656	0.13356052862593185
371	375	0.20138671992567317
371	453	0.14097202037319326
371	455	0.19801389899586314
371	655	0.11768484525202995
371	656	0.1498605289699004
372	469	0.10834774948127188
372	846	0.10594035365672497
373	374	0.11976608266831254
373	473	0.13786830961155355
373	707	0.11518876000214273
373	711	0.12526343633476575
373	762	0.10023388151128279
374	543	0.14044981976582102
374	549	0.16401561474575727
374	550	0.18316846490062152
374	680	0.12488102380177121
375	455	0.2791339558945796
375	646	0.13261206957593938
375	654	0.17309671241154634
375	656	0.13804969798775688
376	549	0.12045566101047585
376	808	0.10627310734882667
377	642	0.14966125029377694
378	397	0.10882413899449153
378	517	0.1026865722027963
378	750	0.11517250907795018
378	799	0.217113325606499
378	848	0.13184051861301238
378	879	0.43421682000896694
380	706	0.10815754347287515
380	716	0.1405578255561963
380	735	0.11747600430487534
380	845	0.10838793939367523
381	721	0.11200033092632473
381	771	0.10561104589725945
381	853	0.1511167932962027
382	502	0.12106378071920713
384	540	0.11284819036044257
385	558	0.10255055728263757
385	687	0.10018905526309206
385	718	0.10208612256215181
385	758	0.10081165620401455
387	649	0.13446370827922552
388	635	0.2580311323585612
388	688	0.106248712177512
388	760	0.10017464640794004
390	477	0.1186858968095721
390	513	0.10234191088623662
391	396	0.11283951110084822
391	430	0.11424435522858835
392	756	0.11074973600927863
393	542	0.408926432210026
393	762	0.13622968394659252
394	396	0.11407829504271898
394	793	0.10584722755225949
395	598	0.11008053410823766
396	465	0.11879037379625233
396	829	0.17624220635234802
397	821	0.11038217931063116
397	848	0.11135449094000185
397	879	0.14409011840939492
398	430	0.15160857001379224
398	462	0.12715634575933277
398	465	0.16630008763438028
398	739	0.12594238851761014
398	842	0.10268381220041997
398	872	0.11237775418834901
399	651	0.10742340784540035
400	481	0.10569536275772941
400	811	0.10970004103378463
400	868	0.10936684268971804
401	592	0.11880738703033758
401	742	0.11286095552095333
402	449	0.10678510897824273
402	701	0.14929808266924552
403	513	0.13059176160095815
403	636	0.10132263801504322
403	798	0.1244859261055255
403	865	0.10609095086054009
405	485	0.15778610269800433
405	486	0.11951374816898658
405	511	0.15326715225814344
405	559	0.12464117465493758
406	457	0.10132264850915877
406	487	0.1809524617230756
406	506	0.18481542729653166
406	623	0.15009693103991273
406	669	0.17596299626309778
406	699	0.10036352784188508
406	720	0.12373259959583485
407	417	0.1496627800637105
407	573	0.23261361477715012
407	786	0.1712317596816089
407	797	0.11129415907935461
408	624	0.253291995173129
408	751	0.646814258472853
408	755	0.38394165616001574
408	776	0.10698825874035843
409	476	0.10314426240657706
409	496	0.12160100055534463
409	698	0.115110765256772
409	741	0.10104361460426288
410	641	0.14445693929895742
410	768	0.11211515725754387
411	427	0.1088655317397724
411	595	0.12704115854012368
411	661	0.10395109543926756
411	750	0.12377342226643429
411	751	0.16575598846349662
411	752	0.10878781940465532
411	778	0.14058711342912622
412	496	0.16930807964459504
412	641	0.11681933397417135
412	643	0.2009067549511208
412	701	0.10539918628948272
412	765	0.13826875098923097
413	810	0.12712048811673396
414	495	0.11568156508231382
414	533	0.1079719110691078
414	537	0.10062434228595692
415	608	0.13207833782985853
416	417	0.24415371161425578
416	419	0.3131570282079459
416	429	0.28782750945520374
416	573	0.15425123038426353
416	797	0.2082515144883672
416	824	0.3086304785419374
417	419	0.1840491854866797
417	786	0.10148361620827302
418	640	0.12572923244911238
418	642	0.10996976630388501
419	429	0.3700137242318638
419	823	0.12685411279155148
419	824	0.2179366913191756
420	503	0.17602435693501953
420	656	0.1382155717638432
420	671	0.10933286004506586
420	739	0.16272135953609188
420	774	0.1639987643474768
421	490	0.13409911317207435
421	629	0.10590509973940948
421	684	0.10224094184378471
421	700	0.10178015888710677
421	856	0.10088062492823349
422	462	0.10147028918436554
422	565	0.11795095904341131
422	577	0.12039452139005677
423	750	0.13377162911157855
423	753	0.23556301335130608
424	454	0.10745007625995076
424	457	0.16692197951449642
424	668	0.19799081516681805
424	671	0.10475864622557338
424	674	0.10100415938150825
425	740	0.12309072466613324
425	741	0.10752203601182618
426	462	0.10121417152369125
426	483	0.15947369481569085
426	665	0.17676197197447838
426	692	0.1042174779354903
427	552	0.13181229733927727
427	755	0.32009726251401294
427	776	0.11092017792232964
428	519	0.16832253800595343
429	573	0.21025011562070076
429	667	0.10953119427006336
429	788	0.11806304615857957
429	824	0.20663606346623842
430	829	0.10629007339777521
431	493	0.19186058920127438
431	633	0.3322333128483449
431	769	0.10988649277024987
432	832	0.1635312046593116
432	878	0.1013627102606162
433	437	0.21199475525148678
433	441	0.10312766680819824
433	445	0.11328880570694871
433	447	0.16255730659925632
433	698	0.11000904120150647
433	709	0.1018005562569629
433	714	0.12034224518651919
433	715	0.16435211323554616
434	444	0.4581661283299464
434	475	0.1133537072594915
434	699	0.22170512102325307
434	707	0.15866865295792118
434	720	0.103563654530197
435	738	0.10053486396207427
436	750	0.1039948552478823
436	778	0.1427093285899554
436	779	0.1468788449549697
436	828	0.26655863164849225
436	837	0.17579617173789344
436	866	0.12591727226974864
436	872	0.13095040540555725
437	439	0.3503098074184693
437	447	0.2415941257408421
437	566	0.11102442589765622
437	703	0.15914090901831338
437	798	0.10140821447502552
439	441	0.11608313478835752
439	445	0.26036018114187187
439	447	0.26351124044759294
439	796	0.10256424197278281
440	674	0.1570460088606942
441	701	0.16844558646003743
441	712	0.1182079697040611
442	496	0.15771995002053504
442	734	0.11475132659359458
443	595	0.11351469737667558
443	672	0.10600323838060653
443	692	0.12417506322161065
444	699	0.12341726458823257
444	716	0.13787001880936814
445	447	0.3008613400269724
445	619	0.10214123787887805
445	703	0.25496408307696816
445	763	0.11546130289443923
446	700	0.3763710474269665
446	767	0.10088949498796076
447	701	0.23209257492091298
448	581	0.10774250116403199
448	650	0.10687955071796816
448	818	0.11227731866655118
448	837	0.14825612503087274
448	861	0.15698318370522057
448	866	0.11522644840398438
449	562	0.10760268399379931
450	453	0.37027769307089947
450	528	0.22219452538058593
450	653	0.18796921852631848
450	779	0.1347024477334004
451	628	0.10671694728868805
452	491	0.12846336095782457
453	455	0.31307290748821415
453	528	0.17408139069754305
453	652	0.2410575528031261
453	653	0.13739449844122661
454	457	0.1274099920407002
454	482	0.3014678378933547
454	487	0.31396232653994255
454	488	0.13470837960323193
454	490	0.17896427058190054
454	498	0.10662476695994694
454	686	0.15838771681021294
455	652	0.1638306044884636
455	654	0.2719196343769661
455	739	0.11708577222871373
455	779	0.11273495804669895
457	482	0.14207908447062734
457	500	0.2355589102435363
457	674	0.10177564232943842
457	676	0.1302578978548908
457	699	0.12556017596809463
458	550	0.1530904822042794
458	660	0.10212956471178772
458	826	0.12169257422433698
458	862	0.10037848764697396
460	461	0.24207194764629958
460	834	0.364125996868472
461	836	0.4187010599072402
462	483	0.10836616019933443
462	523	0.13950045329158306
462	576	0.18445070542721984
463	822	0.1298941426456293
464	769	0.10827316801891608
465	665	0.13100928404805046
465	686	0.109201891689333
465	774	0.1007963012121771
466	610	0.12209798291936506
466	650	0.10129922405598597
466	660	0.1082458256725296
466	666	0.10963948545232385
466	680	0.10298797945957287
467	557	0.13146942131468498
467	643	0.10983851261665734
467	741	0.15178146181225835
469	574	0.12698074831510686
469	648	0.10393330912087205
469	759	0.10223814994913961
469	851	0.1093621434517992
470	474	0.10962399972947183
470	495	0.14317900811973105
470	841	0.1075426879924918
471	570	0.10159410366699233
471	664	0.10394925294771884
471	701	0.131962100792546
472	495	0.16483288047618835
472	516	0.2356729857675516
472	868	0.14475571904856788
474	481	0.2244407327197371
474	841	0.11921199165080676
474	871	0.10545291420803059
475	800	0.12365996534025675
477	732	0.11458008707912629
477	825	0.13456424818281623
478	480	0.2081000856482622
478	497	0.11777055323450548
479	644	0.10263496025788717
479	757	0.10095596293926516
481	539	0.11728772334077765
481	868	0.1272659448633077
481	869	0.11882835200154705
481	870	0.11381231422032374
482	487	0.15438693741408302
482	490	0.2584833586779852
482	630	0.16985135794004436
482	669	0.11082426008078058
482	686	0.13588982613369815
483	489	0.16480022952145335
483	491	0.18265439183981708
483	576	0.11110973828957378
483	678	0.11010950918932788
483	754	0.13990309456832456
484	486	0.26432511690740584
484	489	0.2694528165041853
484	571	0.13703311489695372
484	587	0.12325257271015069
484	857	0.1529374550203783
485	568	0.17247124474835182
485	587	0.10889905829274843
486	570	0.1079540747178756
486	571	0.19978579956963938
486	723	0.16373739737620116
487	506	0.15848383419042927
487	669	0.11994880146820165
487	720	0.1531312650070764
487	862	0.10803887214231547
488	505	0.10594590371305025
489	511	0.12545598489881934
489	571	0.11604330440781875
489	605	0.1477249331006173
490	500	0.1954922781445541
490	506	0.14696048980790338
490	669	0.12331461076593055
490	682	0.11418587594118827
490	710	0.10724026715587989
491	568	0.10553330083041514
491	667	0.10467845938721225
491	869	0.3752943335985393
492	494	0.14758376140831114
492	851	0.1220743515339583
493	537	0.42301148171855274
493	633	0.35581653468609886
495	597	0.10613557855270037
495	695	0.1175090843578976
495	734	0.10629163808324385
495	737	0.10741642644091655
495	742	0.12715021049853945
496	735	0.10891018521616884
497	679	0.11664672288552916
498	501	0.12065218318289496
498	682	0.11941615690698185
498	845	0.1527997618704403
499	522	0.3253403971115328
499	552	0.1682735969764606
499	555	0.1085808942238656
499	599	0.1196217356021634
499	623	0.11216059837784859
499	818	0.24547436181465762
499	828	0.12219523891957725
499	842	0.2809188463916452
500	506	0.13667417860945988
501	505	0.2438066872199257
501	575	0.12314557938068396
501	668	0.108949571863481
502	772	0.10217641772441388
503	559	0.10782585509221923
503	593	0.10057849850585715
503	660	0.18657228638894297
505	506	0.1762180770634677
505	735	0.11657596133040922
506	669	0.11955336357732096
506	676	0.10265181466565035
506	704	0.10809455239091756
507	510	0.20231094202571787
510	590	0.11878286080982028
511	572	0.1918503527948926
511	852	0.12883619610594568
511	869	0.15841151102386117
512	557	0.11639656227787694
515	870	0.12284099154713254
516	583	0.15141266294425715
516	868	0.11379471430460988
517	522	0.16287119481750256
517	578	0.122509144678882
518	768	0.11799164497569953
519	631	0.12399391628560215
520	736	0.10501405705615417
520	844	0.10307008169248486
522	555	0.11532571369152794
522	780	0.12955235872578658
522	842	0.28047530351785455
522	848	0.10020228089370777
522	864	0.20317636030161723
523	576	0.10827764730117072
523	580	0.12735215785065512
523	587	0.12920245006346953
523	792	0.12958657257242784
524	698	0.18335927918766565
525	587	0.10671126434587115
527	543	0.15045557676532217
527	544	0.10354725031067699
527	548	0.16979434640335084
528	653	0.13255858849066776
530	531	0.16452110884817198
532	746	0.12775836042396574
532	868	0.11991729118349145
535	537	0.10034326393405245
535	701	0.10963831418456468
536	575	0.12285449949096912
537	539	0.13229915068332054
537	620	0.10255752534220591
537	633	0.2512540822757128
537	651	0.14493326526171132
538	621	0.1592726985202893
539	633	0.46124523524576644
539	790	0.1355980642831106
540	805	0.3429524276399885
541	646	0.14032042640092832
541	768	0.11956008374592098
541	773	0.10094610004642458
541	780	0.1369145631893638
541	845	0.1422978634567036
542	749	0.11598543056393486
542	762	0.12244307796773063
542	841	0.11509909456745548
543	548	0.28764528323971994
543	550	0.3761501473096512
544	548	0.10968770620908706
546	810	0.11459443140237967
549	550	0.13473289423266263
549	826	0.16082833149975256
551	621	0.10142404098199803
551	767	0.17579215287951477
551	855	0.10393695167904861
551	856	0.11371084359699564
552	730	0.10285309510100389
552	750	0.4203868263681109
552	754	0.4048027087510163
552	776	0.19220127154194425
552	778	0.36903714440213864
552	830	0.1396110915904184
552	866	0.1670920166787405
554	555	0.23860813846357595
555	799	0.11817506357963412
555	830	0.16694896285497124
555	842	0.10688808784219811
560	648	0.10119416637140734
561	606	0.10404085918060806
561	672	0.13164215457302406
561	678	0.11997253418546848
562	812	0.12907338141476846
563	570	0.14336852578347722
564	677	0.193740644804627
565	566	0.22245141842771873
565	575	0.10974505936453242
568	580	0.16847292168835393
568	587	0.39406040184083474
570	577	0.24631501887448948
570	712	0.11483107387105182
570	759	0.11579719611580967
570	822	0.11244394131254863
571	659	0.1387083311221417
571	672	0.12019851238890059
572	852	0.10101342527328712
573	823	0.10005394618183815
575	579	0.17131954965444524
575	757	0.10070041203718476
576	577	0.2903102122661197
576	580	0.24466888234370693
576	619	0.11812764157546939
576	672	0.13588666235580335
577	631	0.10766418680078578
580	587	0.3242200589190324
580	711	0.11148791844195342
580	814	0.10982204065357952
581	837	0.1283093539264861
581	866	0.1194420745613102
586	590	0.15140560999175776
587	623	0.10188119234104485
587	869	0.103193249079115
588	591	0.1699013154345846
588	593	0.14416045190714694
588	632	0.1257367579643254
588	645	0.18371963809562472
588	662	0.10006478107171689
588	718	0.10615220319614929
588	865	0.1288426959913361
591	595	0.15586091101056426
591	612	0.1137434421669426
591	711	0.13668992146052114
591	713	0.11121887884627157
592	609	0.1147372741241699
592	789	0.12515252645310548
593	595	0.14975213457988518
593	596	0.34679735029928593
593	624	0.15438610436893327
593	682	0.1001795442891137
594	821	0.12449023887934928
595	596	0.1895067758127972
595	669	0.14076137866506502
595	703	0.11322836882803496
595	763	0.10148716895322628
595	861	0.12139417723906712
596	624	0.15037650844093292
597	647	0.10703919380938273
597	695	0.12043541351715407
599	708	0.15168876321751776
599	750	0.26261182593477067
599	754	0.16046646582190408
599	799	0.17954197920230078
599	830	0.18351675247655191
599	837	0.11977217100836565
599	842	0.1668981158065344
600	767	0.14470887342593275
600	843	0.15651072407963992
601	605	0.16003483418310968
604	605	0.3782479548442688
604	606	0.13210005046368364
605	606	0.14234899007987906
605	861	0.10999477063902788
606	852	0.1174020135088592
607	851	0.10078617632804497
608	715	0.11216008661219296
609	612	0.14199419234182678
609	713	0.10132183118653766
609	808	0.11931093375204316
613	736	0.10322396335356569
615	625	0.10710852789855792
615	758	0.12628794562765627
616	634	0.10578139429091116
616	843	0.10747051596400431
617	845	0.12058338125304492
619	851	0.10692910042450157
620	623	0.16165535358583796
620	687	0.105944668115057
620	770	0.10294528779260685
621	647	0.14320511966961144
623	677	0.11666699238763929
624	751	0.19446826120899588
625	825	0.23642858326859634
626	629	0.10800868669151241
626	669	0.10122624998009454
626	775	0.13746716210293008
629	631	0.34647882746607855
630	675	0.11066367249334971
632	759	0.13719146299305512
637	648	0.10699238236745987
639	803	0.12426809108796084
640	723	0.12277783378038348
640	841	0.11877296539859647
642	705	0.10870096499632798
642	740	0.1500550610879551
643	711	0.1249372025295072
645	646	0.1426292668129056
645	662	0.11930409020939958
645	865	0.10119912549160298
646	739	0.11920219847181716
646	780	0.106870926541816
646	845	0.18892101303176267
647	648	0.16505996904184855
647	696	0.1371272122942348
649	691	0.10160846365745314
652	656	0.36001977120537315
653	655	0.5453252042803509
654	656	0.10591450027792276
654	739	0.13677725422481338
654	780	0.1015544174466082
655	656	0.10244980900976444
657	855	0.13489762608405312
657	857	0.11883121548146722
659	774	0.10735330046105253
659	848	0.11529167429061989
660	678	0.12046910137344416
660	712	0.10425331487992431
661	663	0.13738500993713357
661	667	0.10261247816137935
663	667	0.1213879025320509
665	686	0.10426852542611821
665	851	0.11644223801583352
665	862	0.11455904186572477
666	761	0.10568460190190099
667	792	0.10884189431189499
668	676	0.35463767885150493
668	804	0.11861697693304082
668	807	0.14734378952048607
669	680	0.11496932937831844
669	682	0.3878131085692123
669	704	0.10935214031912277
669	775	0.12149524757174697
671	674	0.1620404149506331
671	679	0.16256701494466416
671	729	0.18541027761654708
672	869	0.1382389160267811
675	804	0.10941400229354856
676	804	0.1996310705919149
677	801	0.19223672845424952
679	775	0.12261592243873365
682	775	0.15398571811248749
682	855	0.1175687575745996
695	840	0.14323178133997957
698	710	0.12475314726679548
699	716	0.12011447515612342
699	720	0.14287105178655313
699	724	0.18616814786420582
700	702	0.19882297740652569
700	705	0.15319531158162927
700	708	0.18755881648385242
700	731	0.1822476529144631
701	706	0.10593709963638766
701	844	0.13286401939780682
702	705	0.1876610129933528
702	708	0.16317988946542109
702	731	0.23907281992407142
703	709	0.16543020939347716
703	715	0.12382100171426359
703	786	0.11899955423925819
703	794	0.1171199515690623
703	822	0.13744703456104623
704	706	0.10173735564401733
704	720	0.2552480771404263
704	724	0.3015519088058936
704	727	0.4968141391520634
704	735	0.27553724758358195
705	730	0.15891958226833244
705	731	0.16712753510245176
706	715	0.297534702035567
706	727	0.10199398546845612
706	785	0.13452578701686768
706	786	0.16015316477413752
706	792	0.11328995612590279
707	711	0.12084660752539016
707	717	0.13576448361500618
707	720	0.21523789096043075
707	724	0.1042881784501518
707	763	0.19344247451991572
709	788	0.1325436706729651
710	717	0.1235441504681315
710	720	0.21418642701802282
711	715	0.3714622582255802
711	763	0.11345911053581959
712	713	0.22219987737918462
713	855	0.1143902208225632
715	727	0.13491090974905745
715	786	0.10983449132546588
716	717	0.2354383386137897
716	720	0.12270262486965725
716	735	0.10596759331763066
717	724	0.18337251097179091
717	727	0.40406344431066005
720	763	0.12752964128962802
722	723	0.23263684516889943
722	726	0.12546867607584228
722	862	0.1284045372066638
723	826	0.10158827053159247
724	727	0.30735534235132916
726	820	0.11923039681339334
726	827	0.134875801963138
727	735	0.10188953742922492
728	731	0.11081593416364846
733	831	0.12217538404351214
734	839	0.10025187277471256
734	858	0.12001781682574143
739	780	0.14847060227893355
739	797	0.18422258050631768
741	744	0.1700770101635728
743	763	0.11284364782628349
747	832	0.16471380944663278
750	752	0.10869691770864817
750	753	0.10062356917527575
750	754	0.41193387421715466
750	776	0.14096253181808005
750	778	0.46657559498073964
750	799	0.1259705327745771
750	828	0.10662609974066377
750	830	0.23794888481584306
751	755	0.3281067602276796
752	778	0.11469389736021285
752	828	0.1259890479335879
752	842	0.14286649970242155
752	869	0.11605968668392225
752	872	0.10402302381767739
752	879	0.24239625199029852
754	776	0.3856966862627675
754	778	0.20889915174751725
754	799	0.14718859314427532
754	818	0.23162866776251095
754	828	0.15844738515839593
754	830	0.2272164656068876
754	864	0.10706153681317154
756	822	0.11980608730771393
758	785	0.13774249980345987
759	867	0.12969194905400075
760	771	0.1310974298942259
761	862	0.11949152577577679
762	772	0.31942272402993666
762	841	0.17102781712441295
763	829	0.1435968990762839
765	879	0.10757863392100772
766	856	0.12444808709135012
769	865	0.15076769464402814
771	774	0.19240333410806854
776	799	0.16938305348343266
776	818	0.12078004163054609
778	828	0.13055830961531972
778	866	0.12672417034649103
778	872	0.12249968016640368
780	837	0.13885858395054987
780	845	0.2022510035748099
781	785	0.1226289395271753
781	786	0.14118568519371016
784	785	0.21286542763666766
784	786	0.1860324135610924
785	792	0.16718056739081075
785	822	0.11010879905825502
788	823	0.115679210351647
792	822	0.14274203318513154
796	811	0.11569984101309222
799	830	0.5360355379595393
799	837	0.12102942338933903
799	848	0.1492365079096502
799	866	0.1726623228698456
800	802	0.12257325402490137
801	807	0.2294743896407289
801	808	0.147990256267704
802	814	0.15517412538005582
802	851	0.10451675006148872
804	816	0.26187396959707393
807	808	0.3250551488614527
807	813	0.13596826699048103
807	815	0.24084174844364897
808	815	0.13389352639185687
808	816	0.311333044707293
812	838	0.11775350993609618
813	815	0.3006387991024092
814	851	0.10252265222154013
818	837	0.15921672538363768
818	864	0.11266604864907578
820	826	0.14416767616509682
823	824	0.13730539243014978
824	832	0.12537636016367806
828	864	0.3036128822959827
828	872	0.11795257348633516
828	879	0.18912862290227384
830	866	0.11494314733145336
833	834	0.24673389278673924
833	836	0.20546752523809614
835	836	0.1291731084444404
837	848	0.4245605372430377
840	841	0.10439193418445715
842	848	0.14490127183240561
842	866	0.11456215836277994
848	879	0.10899956889610382
851	855	0.1913005807364568
851	858	0.19146354717559927
851	862	0.17587812378228557
851	873	0.14076253845097136
855	857	0.1798742142456454
855	869	0.17839673021955849
857	860	0.1715325758352606
858	860	0.24743428586326316
858	862	0.14754400259030256
859	861	0.15825045035259816
872	879	0.355016068569823
