3	238	0.10616785580447945
3	551	0.10643058974789177
8	550	0.11362016707179633
10	625	0.1881705450173547
15	598	0.14293654405812556
18	489	0.10863442121798136
19	851	0.10505892786807174
23	99	0.11277644430032764
23	838	0.10462381036975081
27	71	0.28971854191637736
27	715	0.13168074599399318
28	112	0.13846317138454595
30	32	0.2909970197007135
30	640	0.18256158326087363
31	879	0.144119058215676
36	157	0.12522521968569977
37	750	0.11965061222308176
38	426	0.14476433133193026
43	151	0.11878326350857088
43	874	0.10428789273727831
45	592	0.16956197718422214
45	608	0.10677185049256899
48	51	0.29420986391237497
53	590	0.10589431618177494
53	630	0.17004927238872836
54	642	0.13994447975047047
55	501	0.11054404050318291
56	473	0.1184528326689034
56	527	0.21263408011209495
56	543	0.11383021807184261
56	547	0.13645281351434058
57	293	0.13322173765273623
60	143	0.24836859332247233
63	65	0.3739085977888758
64	65	0.3015392779461103
65	67	0.12325971211615054
69	72	0.11003247190256375
70	215	0.10819362892707082
73	452	0.143165978211961
73	462	0.10323992044762073
73	822	0.1228528652351765
78	80	0.15768475215905767
79	533	0.10971402509109099
79	616	0.17719718057191997
82	457	0.13916492673315242
82	498	0.10934300084114551
87	323	0.11089942760020778
88	90	0.15883562300056106
89	92	0.16266249341359024
89	408	0.18917749994723354
89	423	0.2914950533359926
89	624	0.25291781987866047
92	408	0.1175613472406349
92	751	0.14168894665853016
92	755	0.1193532435828206
93	338	0.10617188342230124
93	835	0.10432982342796589
94	427	0.132140860180088
94	751	0.1487696276778445
94	753	0.2645783237132607
95	162	0.1195846270231271
96	115	0.1669926478936788
97	457	0.11447181388840358
97	465	0.12777985574032386
98	102	0.11921408797389728
99	873	0.11345508239352954
100	651	0.11199953460534329
102	766	0.11853718454757822
108	139	0.15139180695904791
109	477	0.10761807948489503
111	461	0.21167713637528449
114	374	0.11644400572442011
116	290	0.2285887611140773
116	312	0.1889306421234186
126	328	0.1179606592671395
127	328	0.14590517343423823
127	816	0.11654450465417097
128	564	0.10444326354874513
132	569	0.10557936777129116
135	769	0.1517660534872961
137	331	0.12000233931664539
141	802	0.11162213143791534
142	769	0.12014872234167849
145	279	0.11207884957137003
146	783	0.10097084684144332
149	212	0.10358745343360126
149	395	0.11496896550392842
150	852	0.15776944913412905
159	479	0.10450900970806533
163	664	0.135600043070087
168	265	0.10191652569279967
172	174	0.10649564001643574
174	180	0.23130991672163506
175	177	0.1011223114347518
176	179	0.13486358775644908
177	182	0.10335209486256973
177	271	0.12149384383948997
178	274	0.13632430585919197
182	271	0.1277421249451899
184	574	0.13762908135687416
186	362	0.15556757310780894
188	194	0.11481691855932752
188	196	0.3165061548031434
188	258	0.11846267516820304
189	200	0.18855069330635593
189	204	0.12383038081164682
189	208	0.2506820873711192
191	604	0.10115985177091148
194	262	0.12645675551011037
195	201	0.1214125747230684
197	201	0.14401290476925357
197	206	0.16149259419112463
199	876	0.1372589665504482
200	208	0.13352515221921155
200	502	0.10377840312922132
203	780	0.11399356467639557
209	761	0.10524614074837624
212	733	0.10993191359632594
213	359	0.10086446668680636
214	452	0.10569871215116695
214	515	0.1318348685176329
218	227	0.11742911021085702
228	504	0.10905473123326723
229	775	0.10134986394844869
231	682	0.14757395502152088
232	723	0.1096001513031801
236	831	0.12630391189147758
237	833	0.11249259583614381
238	404	0.1959677015219467
245	265	0.10584921180427469
245	431	0.23650911442495706
245	633	0.14393262261927253
248	251	0.11660843599708494
248	532	0.10914065207581193
249	253	0.14620214239256193
251	462	0.11089497584430476
252	832	0.10649793103575121
255	465	0.1352769319748015
256	635	0.11424329613140788
258	590	0.11079282352582905
265	431	0.16877719809914898
265	616	0.15187321599493395
265	633	0.21715305866833107
265	651	0.154278650018361
269	270	0.11788868308996728
272	800	0.10920686489673305
277	478	0.10452937997784878
280	296	0.10344147015400663
280	594	0.1504089787464404
281	286	0.10856341895444575
284	522	0.10309808089045377
288	298	0.15597600299780606
288	540	0.10780323173002153
288	729	0.12118155499275673
290	292	0.16024120503979455
296	305	0.14062828158478682
305	821	0.12109164144833076
306	443	0.2122987057474513
317	644	0.10425836943037675
318	655	0.11265049169579563
318	845	0.12963183147290372
321	357	0.10432480077768465
325	427	0.17607472795078663
327	817	0.13682606977703363
328	330	0.29162550974220774
328	815	0.13971524378079916
329	450	0.1150119588154879
329	455	0.1727570728413514
329	656	0.2814382025275176
330	804	0.10841320670314142
331	698	0.1431225366367523
338	354	0.10371090326982776
338	393	0.10163896058035166
342	412	0.11080956094631615
346	348	0.18622317656755125
346	699	0.11229066911432127
347	720	0.15533885576834203
349	476	0.16018498530571787
356	830	0.10588691616295445
356	837	0.10355730816104146
357	424	0.11605585349970665
361	362	0.1847418741770706
362	494	0.11037093137571727
363	837	0.1072063449130944
365	370	0.2783874565995727
365	375	0.1137293428825279
369	380	0.14910130965410015
369	550	0.10394929673159932
369	646	0.13316802439158018
370	375	0.11290880193855524
370	528	0.10029928743538427
373	380	0.1883684114378841
373	550	0.14195428107906943
375	453	0.131822028210076
375	739	0.10614808627518538
376	549	0.10431051866686777
378	818	0.14150626785188494
378	837	0.12612756791751703
378	842	0.3139531048375338
378	866	0.1297906029845883
385	867	0.11920028905765012
387	649	0.10379466842690752
391	394	0.1775513925587231
393	542	0.1315797328983185
402	873	0.10283252623701174
405	489	0.1132846635871589
407	824	0.10835237720826474
408	427	0.11095942397440244
408	624	0.1074649318964983
408	753	0.13174770467205837
408	755	0.13432184216430149
409	746	0.13957880630950734
410	496	0.10072995901825524
410	583	0.10241205805403568
411	753	0.2564919556749002
416	417	0.19810848131480102
416	419	0.10758902303031555
420	780	0.10671931518975133
423	624	0.15874455015622385
424	630	0.20263652924572784
425	640	0.1427777456378496
427	751	0.3352798251403211
429	573	0.17608811837646288
429	823	0.17757300870449994
430	792	0.10695974256596612
431	537	0.16750452272833916
433	698	0.1198237291184015
436	499	0.1339141850509522
436	778	0.13432709026187184
436	818	0.2199024824414166
436	864	0.20749207115245225
436	872	0.1221306857479627
437	439	0.11368218855183126
437	441	0.22082656102322412
437	712	0.15313152900658283
438	596	0.1133629351203918
439	441	0.22580694164602463
439	447	0.11799930841994259
440	719	0.10588598679941255
441	447	0.21183093156640662
444	698	0.289134679036964
444	735	0.15719985056285934
445	703	0.14270372236643092
447	701	0.20582690482183147
451	453	0.24676295626117747
451	655	0.10563868435547505
452	822	0.10738590105199299
453	455	0.2585529337268854
453	653	0.17082832581003932
454	488	0.25326710323181256
455	528	0.10510590511205146
455	653	0.15459804065280958
455	654	0.1592753279155932
457	490	0.10087294659865954
457	500	0.17882686184706084
459	831	0.10842741268128424
460	833	0.13778702385397792
461	834	0.14434960100057964
462	822	0.13496337540290565
463	734	0.1264866176469451
465	660	0.10885724412885173
467	468	0.11662934218349555
468	643	0.12060714175815167
472	860	0.10451475838473083
473	662	0.13037372323848279
477	538	0.10588644367410847
483	484	0.18591493553284455
483	486	0.1100486043425858
483	678	0.10030790930147736
483	723	0.10752556350645183
484	485	0.17321220058017722
484	489	0.301970541772084
485	486	0.14533865061789358
485	489	0.24618476399449699
485	491	0.22802317163445215
485	570	0.10117071891753358
486	678	0.11845901163981666
487	488	0.15827843107340844
487	490	0.1106964565042393
488	490	0.1669838205444462
488	498	0.15668754588378864
488	686	0.15999166726819436
489	491	0.17399617391199995
490	500	0.23059526947946857
493	651	0.21605553211577538
499	779	0.12459413895645088
499	799	0.131159805381852
499	830	0.11166690873557454
503	779	0.11485599655607148
505	506	0.22027430300782194
507	510	0.2156270330353816
516	841	0.1403267987885105
519	756	0.14660081861447008
522	776	0.1337960357675994
522	837	0.16512953441853245
523	739	0.11471702636407786
525	563	0.10427776929637964
527	543	0.17964034822894967
530	535	0.11232038748325629
530	769	0.10687599368447429
537	633	0.19065269745662983
540	543	0.10024217831157543
543	547	0.21420470852150472
543	549	0.12092330593475757
543	550	0.10313450523640864
547	549	0.10516658540899472
547	550	0.20929907469580544
552	752	0.15785084416029363
552	754	0.1639878527680301
552	799	0.10773208732736078
552	848	0.16294854268914447
555	830	0.11092336892898645
556	638	0.10058288430373112
557	865	0.16565144608968954
563	570	0.14199752742043364
563	580	0.11266962222266577
568	576	0.13408779140387506
569	579	0.1269663504133528
570	577	0.17127329777694933
570	580	0.3664530500762883
571	601	0.14918216867828682
571	604	0.14839796179949186
574	579	0.2271333865197879
575	579	0.14965898164612387
576	577	0.11314828343519559
576	587	0.17387329734009918
577	580	0.13788213079509043
580	587	0.12062155019335835
585	661	0.11872022980515488
592	595	0.10548830163538718
593	595	0.17476107739495939
598	765	0.10792008259858993
599	776	0.16465418229156573
599	778	0.2097828992732566
601	605	0.13404424118011482
603	843	0.12597134172242752
605	606	0.15147452507477238
621	769	0.1074280117427848
626	629	0.1437849213936602
626	775	0.11075243152150917
626	797	0.10897158038288218
638	811	0.1568867315063915
644	843	0.12372633162452805
645	844	0.16530091881779194
652	654	0.1272008655597927
653	654	0.14164286177842889
653	656	0.11159871269856714
654	656	0.3009869883648069
665	855	0.12097661440706715
666	844	0.11942795574441636
668	675	0.14922810946249981
668	807	0.11084700512903747
669	686	0.1182973412365919
672	812	0.10651588635755799
674	831	0.11758631555770795
676	677	0.2194154522678238
699	704	0.14002896114310176
699	716	0.33884642928206055
699	735	0.1290862304610401
702	731	0.23110953748161014
704	720	0.12351921711830154
704	727	0.13201288676893408
706	709	0.24031389324001098
707	710	0.17236734656617422
707	716	0.12011422244883721
707	717	0.2491163180128883
707	727	0.1654592740480682
708	730	0.1669983979606955
708	731	0.14583460491435052
709	710	0.11724953292187155
709	712	0.1796060350444954
709	713	0.16913439573619524
710	716	0.26313815314317285
710	720	0.2627660672981213
710	724	0.3490393373794355
711	720	0.13489614391881385
712	713	0.1309018952855356
716	735	0.1185485038146568
717	727	0.27358684510220543
717	735	0.24464584313585122
720	724	0.20284176943648685
722	723	0.25957491421378937
727	735	0.2205997295335554
752	830	0.10271707210661116
753	755	0.11079975902369504
754	866	0.11052570642363391
754	872	0.10763327424383246
762	772	0.1352127286860237
775	777	0.17890775098366388
776	778	0.2786779434747725
776	872	0.12048469389521779
778	828	0.10595394602647433
784	794	0.15193313433830938
786	788	0.12276348480550836
786	792	0.11274001440704765
792	797	0.1174010005592186
795	796	0.10720931978494962
799	828	0.1685852718674208
799	830	0.20153654412594074
799	842	0.16889260932082772
799	879	0.11457397438335375
800	806	0.15588632458924584
801	815	0.2775233395216133
804	807	0.15529989878431633
807	816	0.23740196774241928
808	813	0.16606976210764368
808	815	0.16752669060280226
818	837	0.12938849994974683
818	842	0.16501311348056583
818	872	0.10696068081330898
828	830	0.2825904110874198
828	848	0.23656268594857421
828	864	0.2306090298264882
828	872	0.10755754784521343
830	837	0.16032662522146574
830	864	0.23368748607956602
830	866	0.23645122488229858
830	879	0.16257752372133175
835	836	0.13721691825932278
837	842	0.11707281742653397
837	866	0.20748940161268684
837	879	0.16577714911679114
841	868	0.12649406242745262
848	872	0.3220321310198521
851	857	0.12489720832171704
857	862	0.2313569520984813
859	861	0.19752573451028085
860	862	0.11738765074589125
864	872	0.10729980397738445
866	879	0.34855191883895525
