0	184	0.12949779626594293
0	301	0.12886619281828054
0	503	0.14725604301635223
1	341	0.14843002711496095
2	11	0.11708115232882109
3	319	0.11668884609255878
3	642	0.15184352933785128
3	701	0.10183986453677965
3	767	0.1436249852854608
4	89	0.12395991616906499
4	97	0.11698412935028199
4	665	0.10160147652648922
5	284	0.11059168183841368
5	440	0.10997940047693613
5	467	0.1731654713466653
6	131	0.102550200320815
6	238	0.14992909047528186
6	690	0.10434729213188519
6	871	0.10495327321033017
7	787	0.10738384494278458
8	28	0.12068295249860869
8	231	0.11325644114556986
8	669	0.2296694212552712
8	686	0.11271559579783497
10	185	0.10193043988812318
11	70	0.162781691716186
11	398	0.10030787894017189
11	463	0.12438606846047641
11	523	0.15349755763341874
11	715	0.10510665266058472
11	822	0.1381534691307117
14	267	0.10397611483916053
14	698	0.10607988777942101
15	332	0.13521390409231127
15	410	0.1343446173214141
17	149	0.19052479429452773
18	172	0.11897264219228838
18	486	0.12403497324640728
18	761	0.10035554627294775
18	856	0.20569268526152187
18	857	0.19658181131476843
19	467	0.11270488724459883
19	469	0.16680604378458477
20	134	0.11510303593946604
20	588	0.1286599526218705
21	156	0.11230362757611916
21	623	0.10803993026116308
22	774	0.10530230962711659
23	24	0.11848801347985352
23	28	0.1537363968658502
23	434	0.1176964153400755
23	479	0.1309461918374726
23	840	0.11766993770319142
24	632	0.10473144670984236
24	681	0.1269881187013294
24	701	0.10569769156620862
24	829	0.10219130083961125
25	368	0.10142991615016475
25	433	0.10543380521360206
26	68	0.12204730763398841
27	315	0.12983889226895104
27	388	0.1013496027150386
27	643	0.1062033757285679
27	701	0.10359783675995858
28	479	0.15567667680555644
30	32	0.13139069948958765
30	243	0.1018326450123744
30	667	0.10799853695408514
30	761	0.11680865298912599
30	771	0.14036121376952865
31	37	0.11319427589206286
31	166	0.15837700448614322
31	522	0.35122423796974267
31	552	0.14134000062323768
31	799	0.17519750203796797
31	866	0.2365911744786707
31	879	0.281344627545355
32	93	0.11931444250080903
32	811	0.1023893023589634
32	818	0.11984809521276951
32	862	0.13335173038445727
35	131	0.11989889284877119
35	352	0.1124072461799244
36	208	0.12758518670590646
36	424	0.12364119252944931
37	166	0.12317882786963895
37	363	0.12714392488889478
37	426	0.14137678616340757
37	866	0.10020255137729508
38	39	0.23253397749761537
38	40	0.12652391647867062
38	754	0.10416664749588449
39	40	0.23010894136987178
39	837	0.10352002665629045
39	842	0.13598112197624088
40	866	0.13804943564602884
43	51	0.44865114312284826
44	445	0.10013398985646352
44	464	0.10069794070951686
45	306	0.18094883823727084
46	47	0.10334654137680317
47	607	0.13448196788201383
48	466	0.10115217554108454
50	573	0.3279039110465575
50	823	0.1822623177348091
50	824	0.14288036498760776
51	285	0.10797866005486528
52	245	0.1006292736830654
52	711	0.14827662330833538
53	424	0.3193816745378956
53	487	0.1247405916126277
53	856	0.18958270398212804
54	640	0.1960308109805342
54	740	0.14817473987639582
55	501	0.102856719981965
55	505	0.10453333282682664
56	318	0.11095570942335299
56	473	0.12478317697742575
60	512	0.10887143211253818
61	447	0.10836487573477603
63	64	0.20035411283800478
64	66	0.49208467806284095
64	67	0.19695352942261854
65	67	0.11567668264362993
66	67	0.15071657821156728
68	703	0.13693889634063602
68	711	0.1353092544201544
68	860	0.10644720024079109
69	72	0.17107366246963004
69	610	0.19191401350021395
70	312	0.11528656781934171
70	315	0.10434048150691874
70	523	0.36697998977583424
70	533	0.12718160988552252
70	576	0.11458199625611842
70	714	0.13780030599543372
70	822	0.323241091263075
71	649	0.1015267918102768
73	398	0.14466248523063452
73	711	0.1347882376501076
76	200	0.12062449841737481
76	204	0.17825255212998303
76	231	0.13126420011708287
76	549	0.16311912009230717
76	550	0.10269924343148884
76	669	0.1060613459300264
78	865	0.10681054760042179
79	265	0.20831015118082402
79	512	0.10676499658691929
79	644	0.12715492847389523
80	409	0.11985427515916067
80	509	0.13110850398197874
80	674	0.11297498898503358
81	130	0.10929710165912702
81	136	0.10270064864438193
82	151	0.16461952968320806
82	454	0.11167528263765829
82	482	0.43394380532003524
82	487	0.4675701105908381
82	488	0.19884843119409512
82	669	0.10497689193331843
84	465	0.11661581015048438
84	560	0.11655571418269556
86	322	0.17489379972555197
86	474	0.13032902757610204
86	873	0.12050555704907652
87	184	0.10029802394488285
87	247	0.1386999696411306
87	323	0.2169031411333073
87	560	0.12511457471740214
88	291	0.1194515931075066
88	324	0.2620929836099559
89	92	0.28816617202879635
89	94	0.3146108369078471
89	423	0.37830064670189006
89	427	0.21788774674761496
89	751	0.1955047979679612
89	753	0.22566113359239243
89	755	0.16868958965914604
91	351	0.10529045873891575
91	620	0.10998835775472723
92	164	0.10704832667135186
92	423	0.1931053979268636
92	427	0.11192751034882531
92	552	0.110582162101192
93	236	0.10962584729114667
93	338	0.12802893342814134
93	459	0.11794468024495358
93	831	0.13539896400585982
94	423	0.19296898841054114
94	753	0.42724531397008375
94	776	0.10024906328150865
95	134	0.11287094059889875
95	385	0.1055216892959571
95	634	0.13452264617806944
95	635	0.11353949176918218
95	785	0.11137153634546122
96	109	0.11664257595549396
96	115	0.11997647485484987
96	431	0.1629897803171501
96	479	0.123012589131257
97	234	0.19068395369673288
97	734	0.11420197063626784
99	112	0.2100462708997466
99	289	0.2135008338295615
99	868	0.12043024388850283
100	175	0.10699619956119802
101	780	0.13686334794859795
101	861	0.12001834717850783
103	535	0.10480782896612525
105	766	0.19368149815540492
105	823	0.10701974283940598
107	535	0.11310972181105021
107	588	0.23062516668384295
107	593	0.107718271456683
109	112	0.10105369375746474
111	157	0.13583273461190976
111	835	0.1551785422361968
112	445	0.10487640455702664
112	477	0.10739974322269608
114	376	0.17540793345043482
114	766	0.11398300028860386
115	479	0.11448513841859864
116	863	0.10222432898804779
117	347	0.10921416743626294
117	765	0.10164912446612703
118	397	0.1252499080484771
120	392	0.13490382394044936
120	519	0.1191924273127032
122	800	0.10544591336665134
123	832	0.10934078934115292
125	620	0.12728975768515943
126	328	0.12587732178921673
126	564	0.1418443968824689
127	676	0.13184113680050472
127	801	0.10846393627953048
127	813	0.16296203007468782
128	675	0.11401335029372471
132	648	0.11000631660733518
133	283	0.11427802464819731
133	340	0.1313900497111593
133	469	0.11437243756558234
134	144	0.10284054032021901
134	238	0.12161110900635318
134	388	0.2138737414535395
134	588	0.12418999776837253
134	673	0.13223492959953062
135	242	0.10109263124409548
135	474	0.11538597104490365
136	238	0.11213859021178538
136	873	0.10808039317769169
137	165	0.11450841757923758
137	615	0.1255488777597253
137	737	0.114334475599689
138	162	0.11197652507642412
138	282	0.11965728861803782
139	766	0.13269887127766378
140	569	0.10260021810869753
140	714	0.11315205658667826
141	357	0.10483523321186107
141	819	0.11601392613084974
142	282	0.12495879206059722
142	496	0.11557253488561955
142	679	0.13238433085130055
142	700	0.10700187893275244
143	740	0.10458552545979478
144	512	0.13329035985198012
145	536	0.10993607052442526
148	613	0.10640216763357646
149	238	0.11274914303303017
149	239	0.10241981447524257
150	356	0.10032018007350127
150	498	0.13354921515238727
151	420	0.14154917679289675
151	487	0.12593481553310867
151	654	0.11535944457517923
151	739	0.1429610543110524
152	390	0.10696666114201518
153	598	0.10290855270909538
155	495	0.11613838965135417
156	269	0.11845821350376334
156	841	0.11775831718053778
159	165	0.11259249827552968
159	620	0.12699462135421835
160	568	0.10893078292163876
161	320	0.1168088933321275
162	163	0.11321503930848853
163	169	0.12058668309399077
163	412	0.10656222071949369
164	383	0.10393393322173711
164	661	0.10579631464504206
166	522	0.16165227932184426
166	799	0.13732724773067664
166	879	0.13079886331212437
168	210	0.10840346427435503
168	513	0.11756499266479607
169	620	0.11050321746203244
170	204	0.10537270681568092
170	542	0.1424444457405046
170	841	0.12326549591505298
171	174	0.1188263878678532
171	179	0.1239090214541358
171	180	0.13770026191058887
171	183	0.16641238525546045
172	183	0.1510028815594455
172	232	0.17942012522604397
172	869	0.17592008430752934
174	180	0.2723152166827507
174	260	0.11615501428606989
174	722	0.12462485212964011
175	178	0.14018269843318593
175	210	0.10590191591973507
175	620	0.10044625280025786
176	228	0.125085474356836
176	279	0.11426979813398931
177	393	0.10245165147832005
177	473	0.1029887708714421
177	518	0.10370410408388786
178	271	0.24337958002553303
178	274	0.1842499130697347
179	183	0.16763180913544365
179	296	0.1014939722547961
179	754	0.10689176324687846
179	820	0.1375657033930132
180	589	0.11312570302703209
180	726	0.1342270738815745
182	313	0.10248747476881218
182	473	0.16056379440285656
182	551	0.1061916246523438
182	700	0.10140564316122092
184	212	0.1286327730906924
184	542	0.10577210534481007
184	569	0.11781854827578958
185	810	0.15532407731161837
186	235	0.11897037597815696
186	357	0.1305687653360897
186	499	0.10873545978529615
187	202	0.10589489036557088
188	194	0.17925863744578965
188	196	0.11440123541436809
188	199	0.12542002237408384
188	232	0.1176125276875181
188	528	0.11661202752839722
188	852	0.10659624512882805
188	856	0.1283440028346068
189	200	0.11077406249340012
189	204	0.30284335779464433
189	548	0.1122944276716367
189	680	0.10336052939742765
191	215	0.10308333513034082
192	199	0.13842123736820533
192	251	0.19239968840083577
192	373	0.10307769432999357
192	541	0.11931285450500825
192	739	0.13953719323492325
192	862	0.15353118929140644
193	543	0.18080260789936783
193	548	0.16962643691556964
193	646	0.127372148537713
193	739	0.1584216327929483
193	779	0.13555173178402533
193	845	0.16516122488666202
193	847	0.20393370015475726
193	874	0.12357098355313861
194	196	0.21624220749099146
194	262	0.17973033090422896
194	590	0.12034758112086942
195	201	0.32523789787796
195	319	0.10169231010073457
196	452	0.1306703595046911
196	486	0.12719109022028535
196	652	0.11137126688039427
196	855	0.10660356082343322
196	862	0.11061543167810417
197	206	0.26722453402211677
198	207	0.25015171608459524
198	444	0.1101192156064424
198	759	0.11891083490960579
199	489	0.10666129769792958
199	862	0.11228802243322986
200	204	0.2051770428439747
201	206	0.13838685503832077
201	610	0.11429397913510947
203	722	0.1275287675867811
204	263	0.12108180603799162
204	406	0.10774404207987566
205	370	0.12184059683364186
205	392	0.10893844998161231
205	455	0.15779235833054822
205	458	0.15894166393366743
205	550	0.10157849277097215
205	646	0.1498536434688409
205	774	0.11959394981201048
205	845	0.14446030481509237
207	645	0.11107043778468638
209	245	0.10880981939419923
209	496	0.1536950911360852
210	240	0.1314201592807928
210	459	0.10025443064429221
211	787	0.10578167697069123
211	806	0.12850515124119988
212	216	0.1314767019832629
212	228	0.14300579112149836
212	264	0.1306328506726617
212	279	0.16219168723030356
212	317	0.1008169705685169
212	565	0.10835363719337425
213	239	0.10548568666978243
213	251	0.10747421219967282
213	510	0.2182166355291237
213	569	0.11945643820426168
213	714	0.10226901194922698
214	215	0.2968963641307352
214	483	0.17242635883049662
214	491	0.16600308285860563
214	515	0.10863107376759829
214	576	0.10030787972749593
214	587	0.11297439387473383
215	568	0.1372838070102855
215	576	0.11399782760467093
215	587	0.18880594543287613
215	672	0.10688168299587938
215	822	0.11549791934989836
216	246	0.19400281564042085
216	492	0.10689263356539476
217	229	0.2016421551900086
217	777	0.24071783164132704
218	315	0.14384804479572505
220	716	0.11460469844162048
220	735	0.10264202947634392
221	763	0.12173314166794222
222	497	0.10749835022342293
222	859	0.14091368338517288
223	479	0.128330302395989
226	364	0.1126259343889656
227	233	0.19404340696602787
227	722	0.10612735316816063
229	777	0.1468663344058764
230	805	0.1392572687011238
231	487	0.1314974639168963
231	500	0.13239305943349447
231	669	0.15858566128215307
231	686	0.1782055835728697
232	484	0.1975187007910599
232	726	0.14502932572109414
232	869	0.1130594094709767
234	411	0.1033504053802434
234	465	0.27838133409786914
234	503	0.1184412974451272
235	668	0.1381837746976793
235	676	0.10716226951189349
237	833	0.34291381855290093
237	834	0.1163079844874966
238	560	0.11428923767926912
238	562	0.15491353349429782
238	618	0.11399306691163648
239	359	0.10572080078580627
239	536	0.11804970676925436
240	643	0.10910591838377981
241	314	0.10058823299242967
241	557	0.12646613242843843
241	710	0.10013864375571528
243	598	0.13408997718096788
244	444	0.1093163743081392
244	492	0.10442817380412021
245	431	0.12310919338242612
245	520	0.10616911872358598
245	633	0.13006852487557588
246	494	0.13148283281596082
247	388	0.1091698938320002
247	695	0.11343609428545053
249	253	0.21841158754085446
249	281	0.10512979976832917
249	326	0.13579254831380808
251	576	0.12355955190205187
257	264	0.10762629854743985
257	836	0.15519524414428768
258	590	0.12109897245172589
258	630	0.11983178888404368
258	733	0.11478952990470344
258	835	0.121964826658159
261	671	0.11815373531827435
263	680	0.1720494996363444
264	266	0.11782759502539912
264	401	0.12082804400077977
265	493	0.12175692903810059
267	477	0.10713391841773655
267	538	0.174017543103147
267	873	0.10124598146570485
268	538	0.14149233240078785
268	542	0.10621630918526696
268	800	0.16287704620387
271	274	0.2567280991203396
273	312	0.10564277246238626
273	829	0.12872464773000827
274	369	0.1164892803328323
274	373	0.13589276366538328
274	547	0.13966076153086204
275	281	0.11903656446871723
275	743	0.1018939919215759
277	687	0.15047302292632664
278	286	0.10439767092990876
281	303	0.10509129800926739
281	495	0.13250489934449589
285	650	0.19206442089837594
285	798	0.1569920995359729
286	557	0.11367240324393327
287	294	0.16158976625955107
288	299	0.1462467813020278
288	333	0.14144917159661438
288	729	0.10447023395752587
288	805	0.1815605346469599
289	701	0.1269526394472151
289	825	0.16972086411205276
292	312	0.13755722895410966
292	715	0.11803114092614683
293	294	0.24706626894950223
293	612	0.18198565378003076
294	596	0.10243193973577983
294	609	0.12784855331635137
295	863	0.10487441342505183
299	309	0.3839999186912524
299	612	0.147794215768133
300	826	0.10856916220622254
301	302	0.13191738951967708
301	584	0.11001137304715897
301	634	0.10967553427441909
301	786	0.10415473699050591
301	817	0.11900195678949033
302	491	0.12865707520643102
302	841	0.10209794308634713
302	843	0.10553609927402798
303	318	0.13103302507788073
303	365	0.10161233103286312
303	847	0.10466571470395336
305	310	0.13905634322114113
305	826	0.19705660171552247
306	435	0.10349516349910559
306	608	0.107755414944448
308	353	0.10807174759998783
308	570	0.1369539662734209
308	576	0.12493280821982355
308	577	0.17230950070957612
308	672	0.17789840147284658
308	678	0.10590054493123174
308	715	0.10816463962894146
310	397	0.10862959774445251
312	335	0.1121586571124703
312	380	0.11469777542779902
312	471	0.10506869346535722
313	318	0.12947457828524578
313	806	0.11423588876763272
313	844	0.10636399819180758
314	759	0.11259558450165973
315	635	0.11776922693857655
315	722	0.13019429587059442
315	761	0.11418871423225413
316	422	0.10554822558143458
317	642	0.12159082021209189
317	777	0.15330542745444475
318	420	0.14221809600264965
318	451	0.1765075834531172
318	457	0.10075970063716568
318	654	0.11409392720288909
318	656	0.204386047320432
318	780	0.141650420435468
319	723	0.11121523196400628
320	363	0.1038428222327913
321	340	0.11396934283469003
321	575	0.15808848004722617
321	677	0.11590896119012743
322	459	0.1510840504136414
322	858	0.10247241699307379
325	751	0.3284868889860619
326	647	0.14281618832900536
327	345	0.10038381439191031
327	759	0.10622391435996928
329	655	0.13646730322928063
330	804	0.14530268649910716
331	560	0.11164129323903522
331	698	0.1608790961454495
333	805	0.12205630946682314
336	627	0.10684223903917842
343	588	0.10332459894485817
346	720	0.18635720555233176
346	735	0.15375782286400239
347	713	0.14046440830659557
347	735	0.10519006449083984
348	716	0.12095260594341883
352	356	0.11616963690969204
352	363	0.11474831741889625
352	409	0.13084231852144443
352	810	0.10662073810055302
352	850	0.1282147876474398
353	588	0.11001275569027791
354	438	0.12252187351232185
354	592	0.22667747356589668
354	595	0.11781051933949077
354	596	0.13074522905146382
354	715	0.11402988744736509
354	789	0.14432401211583207
355	412	0.10443715018805554
355	769	0.10403734332977659
356	360	0.1301399310405879
356	778	0.10476663828770977
356	848	0.1199299556599319
356	864	0.10531985614154225
357	359	0.12264917334585455
357	361	0.285792536235181
357	743	0.1103381524092557
358	360	0.10145012771393302
358	363	0.2663392502842839
358	436	0.12387764783230577
358	752	0.14115900928717862
358	830	0.15212030756271402
358	847	0.10187213055931013
359	361	0.16984982267818616
359	362	0.34658842167199744
359	466	0.10395855309614761
359	684	0.1407841526351452
360	363	0.19381790582444292
360	398	0.12091831114173392
360	499	0.10860694031396886
360	581	0.11256379969888584
360	754	0.1292524231122285
360	842	0.15265522417020572
361	372	0.11231157140470957
361	575	0.11862824532850187
361	779	0.11381835650132097
362	424	0.11079755201778604
362	494	0.11621629961093541
362	621	0.10900029472854394
363	391	0.13646942886854543
363	778	0.11974265022906197
364	616	0.10225148632333213
365	375	0.18563812387945855
365	652	0.12788334818947342
365	655	0.2879164813023795
365	656	0.15637512660241418
366	380	0.15226110669174797
367	494	0.1051307965329601
369	373	0.35849961688325915
369	547	0.12967099529364345
369	548	0.17433738579472877
369	646	0.11386030655572482
369	846	0.12020099229201882
370	450	0.17473827776812179
370	455	0.13841145809687408
370	528	0.19497642290060466
370	646	0.10785301186457234
370	655	0.15527390390742313
371	420	0.11425869161514747
371	450	0.1477471052440838
371	455	0.13352717227178942
371	528	0.2776924549352395
371	653	0.16016661856406086
371	654	0.12154248192654832
371	655	0.18245294538068166
372	705	0.13090245052042812
372	708	0.12147170436902356
373	374	0.11451666334757052
373	380	0.11735364350590796
373	452	0.1120065754208226
373	548	0.10211520661383361
373	550	0.10202850665125857
373	646	0.1189844321706656
373	710	0.1333583128386051
373	846	0.12519232137718622
374	473	0.118727664267842
374	543	0.15010846221145968
374	548	0.15684774266114537
374	549	0.1255360706242482
374	764	0.11597193529445204
374	815	0.11942561259023737
375	656	0.14336303572995487
377	520	0.13221610999541059
378	776	0.11380936080866264
378	799	0.10949017421637323
378	837	0.353178197413985
378	842	0.17511506881748348
378	872	0.15513021866197238
380	547	0.1185718267119396
380	710	0.10384125431081499
381	665	0.1345770907291128
382	544	0.10735552690578744
384	772	0.10016101241073651
385	557	0.10493042826503797
385	674	0.11118926916664994
385	679	0.13013257966295402
385	867	0.12857929811997243
387	414	0.129868990264222
388	467	0.10146231631553983
388	635	0.38285225193508143
388	727	0.10013846551137477
389	674	0.12156843483167583
390	392	0.24524502924474204
390	433	0.11359755609843736
390	469	0.10680633013186411
391	394	0.21719101772972785
392	519	0.10469074536808994
393	418	0.11265979189517888
395	397	0.13803815003609066
395	404	0.10712573946442283
395	632	0.13885688792754647
396	739	0.10104955737639743
398	448	0.13037706437464847
398	621	0.1250286377427857
398	739	0.14846823302527218
398	866	0.11812535215375397
401	588	0.12823046139411778
402	433	0.13398722743700076
402	580	0.10905896632924286
402	798	0.10026519201046406
404	539	0.10626067535920285
404	685	0.11105888070023176
405	483	0.2178357725334148
406	454	0.15951024077651937
406	574	0.10685952422990441
406	716	0.10663249755027465
406	724	0.11313122383105918
407	823	0.12242678210377744
408	411	0.1841019176623912
408	753	0.10310733974025442
410	507	0.13335288977402238
410	641	0.1473187836188188
411	427	0.1054957952413506
412	769	0.10185581429882301
412	806	0.12546103209275616
414	434	0.10394457709680022
415	443	0.13403321026553947
416	417	0.2143814916295108
416	824	0.25104351952327203
418	543	0.11669739911837287
419	573	0.21897239517413183
419	792	0.11585330826524706
420	450	0.10682968710941446
420	780	0.14801561896469118
421	679	0.12322899056319073
422	745	0.1391048704547514
423	427	0.12405860749606726
423	624	0.411660260988006
423	661	0.10784661364847861
424	488	0.14107853154285818
424	685	0.10368817612422648
424	851	0.11796076151274579
425	640	0.18632642032540334
425	730	0.10670024207854147
426	463	0.14686828091208914
426	551	0.14576529294381257
426	665	0.16895765171761734
427	503	0.11746337223188606
427	552	0.11066818906639879
427	624	0.1333205893530791
427	751	0.10355995008846626
427	752	0.10275285688378209
427	755	0.39414023636524326
428	756	0.3904981366511465
429	823	0.13384367550063345
430	452	0.16848619134540566
430	568	0.10128674791132229
430	709	0.10198470765395917
430	794	0.10350703617166584
431	479	0.10833679656063407
431	493	0.19457382407676582
431	539	0.295859864964907
433	434	0.14673407584065296
433	437	0.17134696386451123
434	699	0.14785273172672586
434	840	0.10640632308546202
435	438	0.16795563505079275
435	748	0.10473747463689034
436	555	0.11217883595287181
436	750	0.11650499024464786
436	765	0.10574092051792582
436	830	0.3216161287568496
438	608	0.12179554268113787
438	693	0.11262507912822278
439	447	0.2070694708649189
439	706	0.18262740769935365
439	711	0.11002965186655925
440	467	0.14109828291820356
441	445	0.15886413942153577
441	447	0.19689880699857204
441	703	0.11565371594670013
441	794	0.13709094776041397
442	492	0.11549816295209599
444	698	0.4173463759199514
444	727	0.1492567085997549
445	447	0.16159249739309106
445	701	0.23337054851172123
445	703	0.1307269791469128
447	711	0.21407729590329466
447	784	0.1071222122454118
448	499	0.10163590548376535
449	691	0.10899363272631186
449	790	0.10792688077005083
450	455	0.19371564621365145
450	528	0.18320168640110807
450	653	0.21357331325866025
450	654	0.22634592516592758
451	656	0.12817733272623727
452	523	0.2541516215480565
453	455	0.14563301441806698
453	653	0.15441364469411273
453	654	0.14198373023075223
453	656	0.1077192069155174
453	779	0.11915615759723112
454	488	0.20211137944859114
454	679	0.10800358767511256
455	528	0.11043930085735329
455	652	0.16967927904707908
455	654	0.1311404879000862
457	487	0.13311280212197124
457	490	0.18654916163114232
457	704	0.10447298056079402
459	671	0.11837657750281665
460	461	0.15344704846510349
460	833	0.1830902927705802
461	834	0.1378689551491272
463	773	0.17323440375933466
467	643	0.14507532749165383
467	759	0.14180481292454927
469	615	0.10600046066373953
469	648	0.10440056023801363
470	875	0.10636711032039817
472	474	0.10930009010723232
472	688	0.10382432521283724
474	481	0.11091179234386733
474	495	0.1116323933752313
474	636	0.11913615753062842
475	539	0.11249889347396726
475	691	0.10406551376585907
477	825	0.12486295893774468
477	875	0.11504682068502263
481	495	0.10289009074110031
482	487	0.10302309275416643
482	500	0.14312009565613695
482	505	0.10064581364782123
482	699	0.10435372145564203
483	486	0.2100102056619078
483	491	0.16828050483080959
483	511	0.10141497995594832
484	485	0.38469821008996485
484	752	0.11822974523248451
485	491	0.13169663907965348
485	571	0.171489351175527
485	776	0.10945089947694736
486	563	0.12165047341584916
486	678	0.19143860563412354
487	490	0.26853601803283844
487	501	0.16664797388329475
488	630	0.11886566676293789
488	862	0.13141132680367743
489	491	0.10443382035485994
489	663	0.12855034173098018
489	750	0.12428269941402371
489	862	0.1600480470232975
490	498	0.18042621831442976
491	523	0.10690161865411262
491	576	0.10356436183700211
492	494	0.14481906529241087
492	621	0.11760589367222038
493	539	0.2560709415212109
493	770	0.1495734948191054
495	841	0.12756099856990927
496	641	0.1759686558409125
497	570	0.10833353116375202
498	500	0.13257338914742992
498	682	0.12135004342014827
499	522	0.2984867710339659
499	599	0.11557759356003285
499	750	0.11598505237304416
499	778	0.1551524439513059
499	799	0.3350462266631845
499	830	0.1514246556046123
499	842	0.1501138152766156
499	848	0.22780983265977175
499	864	0.23601629911862812
499	872	0.4086967246677119
500	506	0.19783564602971998
500	630	0.10071696523282839
500	710	0.108549593310435
501	505	0.14082747118960035
501	506	0.19795815395195454
502	693	0.10244265408192024
503	596	0.10075816642825756
503	755	0.1521393295689624
503	857	0.13239644592956223
505	506	0.156798706564528
507	632	0.114706692447848
508	590	0.11411317903002431
508	787	0.11818878652207572
511	572	0.12794947642298454
511	672	0.14560374106451118
512	865	0.12409504140300953
513	770	0.15402325185481058
515	525	0.10071763336100034
516	860	0.12665364610556282
518	649	0.10955577538483878
519	723	0.10078679875879876
522	552	0.16616797441970635
522	778	0.14940685662545458
522	789	0.1356460603108368
522	799	0.3531346026111956
522	842	0.10767941076733371
522	848	0.1291529872873621
522	864	0.17594212480096907
522	879	0.17861002942384716
523	822	0.1100823185830371
527	544	0.17057181716921663
527	764	0.1244510221035769
527	846	0.10456212831929178
528	652	0.10340344690099
528	654	0.1839773329070703
528	655	0.20672429309276072
529	572	0.11488774893157871
530	534	0.10935488743824733
531	534	0.19890974366770953
532	557	0.12727946948420107
532	618	0.10545606516023426
532	819	0.1277995109263174
534	831	0.10033269947855794
536	579	0.10669164969560645
537	539	0.27245002141181635
537	633	0.11133455438192606
537	651	0.43902954668804023
537	770	0.12096397560808013
537	841	0.10324151032776464
538	621	0.1004048195185269
539	616	0.4757423831065178
539	651	0.1756993747698747
541	863	0.11491342750229784
541	876	0.10379732341245859
543	547	0.13488180010766804
543	548	0.49032961926868407
543	680	0.14476831753403513
546	623	0.11289799828481133
547	548	0.34753195090130234
547	550	0.1669571541893402
547	764	0.12045040955820821
548	680	0.11560396108256053
548	846	0.10054539232425991
549	815	0.12223711835809438
552	778	0.21316217932936596
552	818	0.11131097430584742
552	837	0.1305665830420039
554	555	0.23212026436608038
555	864	0.120589106693157
555	879	0.17692577337355272
557	642	0.11826986155893297
557	759	0.10192122712648896
557	819	0.12749963884468318
557	828	0.11119206219034311
557	829	0.16109763389415774
557	865	0.1797579359633584
559	561	0.3227741201313759
559	705	0.1019607164275767
559	812	0.12913381309482616
560	747	0.10958520355338304
561	604	0.11603911298640066
562	615	0.10967571920549386
563	567	0.1059523489086239
563	568	0.10568515111073468
563	582	0.11099123318326849
563	587	0.125620572646813
563	678	0.14208319842882472
564	816	0.20492241573115688
565	566	0.17171479188599273
566	569	0.11811829223863166
566	574	0.18442050557752937
567	576	0.12791117598728716
567	577	0.13023417377481503
568	570	0.186891839339691
568	576	0.12205883046939635
568	580	0.4025081907476202
569	574	0.281934921863902
570	576	0.3194940658124709
570	580	0.27534235270232654
570	587	0.134127268447475
570	678	0.16668736521260397
570	869	0.11118240674627666
571	604	0.13043657789676408
571	606	0.1252243695695504
572	720	0.11786584343683637
573	823	0.15418492784003135
574	575	0.144212460720269
575	579	0.13809830251903688
576	577	0.25672576631638977
576	587	0.2725685744192771
576	672	0.10753405828374525
576	678	0.11693182666082935
576	714	0.10914996073421378
577	587	0.30707678758382545
577	869	0.13232665016558554
579	666	0.10721702305409098
581	778	0.13559873496914726
581	799	0.12049578666048168
581	879	0.1086372616171592
586	590	0.1018555387272369
588	679	0.10392341088230508
588	850	0.10549237654318397
591	593	0.20044881782162177
591	596	0.14398843458449034
592	595	0.31335731266651845
592	596	0.10876751839500276
592	751	0.10746540354484657
593	715	0.11130158190437936
593	739	0.14157160212680714
595	703	0.13135183074205564
595	709	0.18325669372351155
596	706	0.1420399597815892
596	711	0.13461010917075303
596	712	0.11867427925187765
599	750	0.1337835612406813
599	776	0.17813914420319465
599	778	0.12332054031266172
599	837	0.14778943023411462
599	872	0.15822823269240724
603	664	0.10202952368815058
603	699	0.10912888382579976
604	605	0.11434589468204416
604	606	0.3518266599276309
606	646	0.13220954625263726
609	789	0.107053200379142
613	802	0.10901972545863454
614	777	0.10144841512425744
616	633	0.19364560343171544
616	636	0.10485942092956153
616	651	0.24847493519020403
616	817	0.11596328009690762
618	737	0.10205145404369767
620	623	0.14533612418090402
621	700	0.10343016297409915
624	751	0.24674365727890857
625	648	0.10167285581512912
625	734	0.10262725023113324
625	810	0.12768496001956342
625	825	0.17212464154932938
626	643	0.1689566617615629
629	631	0.2295626563967209
630	677	0.1237230327200944
630	733	0.10560670836947134
633	651	0.11983515562150125
633	673	0.10560904709924494
634	769	0.10914739743222357
636	858	0.12218906325712096
639	695	0.1532373796798608
639	803	0.19824455308768066
644	843	0.16175370123499247
645	844	0.10595755213890633
645	850	0.12231956033486872
646	774	0.16653228433621478
648	702	0.1453695639980072
648	734	0.1427668460363264
651	770	0.10312011409076079
653	654	0.10523931814369065
654	656	0.20995651462301
655	656	0.14276329380023595
655	780	0.11092487630031383
655	847	0.10871073541899402
657	736	0.10691423875522996
659	869	0.11462682692317676
660	672	0.11211441732240941
665	857	0.10399683701063706
667	788	0.12396654950394398
672	678	0.21707030726901422
673	791	0.10150493570960317
674	759	0.11446064401401493
676	813	0.21779215463885332
680	682	0.10724956313903923
680	764	0.11791286934709241
681	868	0.12727266599828135
682	683	0.18134952600610904
683	686	0.11555036416708203
683	749	0.11897895182525797
691	694	0.21224147748407912
692	693	0.41605660084108564
698	727	0.1065222896658441
699	707	0.20035024839573792
699	710	0.12141178093402846
699	720	0.11354307644613743
699	724	0.1477831684616469
701	825	0.11909364927909602
702	708	0.15518750124942832
702	730	0.12088922862908143
703	709	0.20873091274472483
703	711	0.24936210723183874
703	727	0.11873875890936181
703	794	0.12199429245814494
704	716	0.2760592499292121
704	727	0.1809881300230232
704	735	0.19394687679863667
704	763	0.16204340596111885
705	708	0.24049484695618725
705	730	0.16870082129216224
706	709	0.23226532212714984
706	712	0.11696560639410396
706	715	0.1682364968987041
707	717	0.1606266270646776
708	731	0.27825073323777755
709	715	0.4273297638013973
709	822	0.10137704814900195
710	717	0.33210986027370903
710	720	0.2843458570868479
710	724	0.20461497681569737
711	713	0.16104022674836121
712	713	0.14400172820769863
712	792	0.11888077746732609
715	786	0.11155975878029564
715	788	0.11881050917613892
716	720	0.1252079568542317
716	735	0.13783281133814204
717	724	0.5335326889321174
720	735	0.254186388942322
722	723	0.13261563556388742
724	774	0.1015655921917112
725	762	0.10141240916861022
726	855	0.11737827621969434
727	735	0.19372521787384878
729	805	0.11893883172060907
739	779	0.17205001913527074
750	776	0.18987816717831732
750	778	0.12229316716676616
750	828	0.13144641464027956
750	864	0.2196531389397668
753	755	0.13063451167018933
753	776	0.12762847556785195
754	778	0.2133270971092212
754	828	0.11350211179332485
754	842	0.19466442440743756
755	776	0.12636333741575717
759	829	0.11491085771685973
763	768	0.10621706551160003
769	867	0.13236110268844026
770	831	0.17323297416040018
778	799	0.13181153830613934
778	828	0.1374375502573342
778	879	0.11091420020449064
779	828	0.12419189617117374
779	837	0.12754414797799915
779	842	0.10378465900357418
779	845	0.11270194091615444
779	847	0.10582716145951335
780	847	0.11155105923547892
781	792	0.11875803446878883
781	844	0.10664741981475322
784	788	0.12122306928047652
785	794	0.11405730034651441
785	797	0.10239261216723758
786	792	0.1512364179245064
786	797	0.1789424933442844
787	798	0.2776212418409189
788	797	0.28175523087707927
789	837	0.10790443633057033
792	797	0.17171885221156052
793	798	0.11917625264919669
799	828	0.22370004139041896
799	842	0.4657737646712772
799	848	0.18171079846363683
799	866	0.1829356096852084
799	879	0.17358939630931422
801	807	0.14428197320966252
801	815	0.10986499781818435
802	806	0.15892006860864769
808	816	0.17614607616382244
812	838	0.10162195715724393
818	828	0.115454108159005
818	879	0.1039167250548846
821	826	0.11975238787207282
828	842	0.24451918158807928
828	879	0.13710878286910896
834	836	0.10248710885635015
835	836	0.3632397565261106
837	842	0.28716533868660993
837	848	0.11828277598469597
837	864	0.1095545104355149
837	866	0.16080842148850844
842	866	0.11306051941543631
842	879	0.1349893049268961
844	847	0.12699557964909464
844	859	0.13171318973986254
845	847	0.37306066630985785
848	864	0.37024851518410695
851	858	0.19466743998633396
851	860	0.19671985624739224
855	857	0.11552488786572566
856	862	0.11668541722698038
857	860	0.10521355268993723
858	860	0.386746583338648
864	872	0.24327088837824387
866	879	0.14523924618432096
874	877	0.338059718875353
