0	145	0.14739045939964582
0	588	0.11278431009985215
0	666	0.1366420609394169
1	467	0.14459088059141562
2	258	0.10010500207027281
3	700	0.11893317873925231
4	97	0.12012538941260838
4	101	0.10924536510909955
4	234	0.11658410069467078
4	753	0.11124953147252667
5	78	0.11888160844863258
5	744	0.13620367626591395
6	282	0.10471443516234995
7	524	0.12642602354047822
8	119	0.1126228581531752
8	488	0.13354343431579507
8	501	0.1182275259471869
8	669	0.1591787386149808
8	683	0.11418352183294422
9	346	0.11995679433152857
9	582	0.17572549531429738
10	345	0.11503039807945123
10	578	0.12807077731687494
10	732	0.1257739202853113
11	194	0.10335342861592586
11	452	0.3369950434243197
11	463	0.1817589119250479
11	484	0.13417857068036415
11	788	0.10781786354728311
11	822	0.159590001033806
13	841	0.10925274322497845
14	476	0.12260808587078968
14	783	0.10756309777200565
15	332	0.1761691622369274
17	724	0.1396924144030918
17	793	0.12101689506324191
18	70	0.2165979600356175
18	199	0.10082759324891757
18	232	0.10687830177199327
18	321	0.10517298206493308
19	459	0.17433216165982074
20	512	0.10251582981144547
21	278	0.11579689326241378
21	615	0.10692586033537897
21	688	0.12433422418882363
21	875	0.10319873889734399
22	48	0.20707951597660734
22	708	0.10039316137854819
23	28	0.27371604121308035
23	96	0.12727073318582796
23	99	0.11454082301209863
23	156	0.11298462316817166
23	479	0.10954822915395997
24	86	0.10218725598695608
24	159	0.1334978875824898
24	289	0.10968283015818106
25	327	0.10872200948073503
26	27	0.17203130302100414
26	341	0.11797299481781973
26	537	0.10302512029927975
26	749	0.10910852029965268
27	68	0.15145092775129243
27	71	0.2557273910820014
27	388	0.12068653101853927
27	688	0.10192829592901861
27	713	0.1203991901922711
28	477	0.12304090110183831
28	762	0.10524949000261795
29	74	0.17388663270474553
30	177	0.12429509758562404
30	378	0.12251242528925486
30	418	0.16611417998396086
30	638	0.10005739994501713
30	841	0.11095201325069208
30	862	0.11510546223363757
31	378	0.2450870497988205
31	499	0.13194052470811032
31	522	0.1959673088451646
31	546	0.10574230928573745
31	750	0.1175328101760846
31	799	0.12058229463343038
31	842	0.148164373329955
31	872	0.33255296220603237
31	879	0.1145814815887406
32	49	0.11266734298986154
32	124	0.10313939229624866
32	642	0.11541350303095171
32	842	0.10002807835487941
32	855	0.11268562915366034
32	856	0.10164876677571309
33	40	0.10112400739326492
33	433	0.10283661910196432
34	400	0.12832600750827147
34	518	0.1647324158099656
34	725	0.10312285567244112
35	58	0.13638299725433173
35	516	0.1310687051166516
37	166	0.12069351230258846
37	378	0.11509837404570812
37	660	0.11849455481136906
37	837	0.1010623380352407
37	872	0.17911994015066024
38	599	0.10147658436693388
40	818	0.12355889463736155
40	864	0.1510737972156824
41	633	0.11134815246040017
42	533	0.16739741375711154
43	51	0.3232455923113491
43	373	0.10312048180995849
43	660	0.11929564747721681
44	701	0.1300545766209746
45	293	0.10719110176754981
45	397	0.1019021657248377
47	108	0.1616595458005567
47	607	0.13179947583376972
48	369	0.10254142431067208
49	102	0.10567727439237247
49	180	0.10887041269637086
49	184	0.11872154280887515
49	768	0.13187375989673633
50	105	0.13424328790509338
50	108	0.12844959989975152
50	407	0.3787251876896416
50	429	0.14795082628878814
50	797	0.11007147297774567
50	823	0.17053030130447652
50	824	0.20989115943383288
50	832	0.10381863812734302
51	847	0.10043349586148806
52	712	0.104209824878243
52	770	0.10519343826443561
52	809	0.10253548065835599
53	482	0.10256214685292438
53	500	0.10843372320523514
53	856	0.14055898780938955
54	389	0.12286593860025417
54	425	0.24972622559286978
54	499	0.10169719839682725
54	640	0.18238227249788824
55	347	0.10875521189197955
55	599	0.10899030114203459
56	204	0.10348985381354174
57	107	0.10153907460399025
57	619	0.1402231062595541
58	811	0.13614768121273085
60	553	0.10550446387020378
60	819	0.10915985157863667
61	267	0.10278670435471383
63	65	0.3257757481456866
63	66	0.1930182861035491
68	71	0.20035018525959183
68	288	0.10688689848070465
69	72	0.19845657397782696
69	335	0.11227342572441475
70	73	0.13148693861994926
70	580	0.10941856918311345
70	619	0.1049246899418742
71	643	0.1414786315085978
71	715	0.15569669525465343
71	858	0.10870386077993208
72	610	0.14388956997266233
73	197	0.12762992741259757
73	203	0.13401693743671006
73	463	0.14398179009156353
73	570	0.1123454266317178
73	797	0.11220088568193694
74	184	0.12936982084196696
74	588	0.11200475710333431
75	131	0.10287731894104309
75	161	0.13214166148315862
75	603	0.12546533088443285
76	274	0.12099402861672177
76	722	0.10866828667016196
77	877	0.11181634813364795
78	80	0.15566418419265318
78	343	0.19634923990092773
78	388	0.10218414185739819
78	536	0.10535491515293535
78	768	0.11899277935113284
79	168	0.12169546256972452
79	431	0.14160110445598262
79	493	0.2993589959275206
79	539	0.12572048493248564
79	633	0.27820412943024053
80	104	0.15507291019735236
80	335	0.10020815427354654
80	409	0.1415984997542274
81	130	0.12135218765898965
81	618	0.2611692469149829
82	454	0.2525755093221665
82	488	0.22184095832357545
82	498	0.14013272422607648
82	500	0.15173847869606666
82	501	0.12949381444736605
83	744	0.11364980527825998
83	810	0.1086531293307375
83	867	0.13378163215631453
84	692	0.10063389377787552
85	739	0.10910049357354998
86	269	0.10043394754630061
86	470	0.16141566527713497
86	472	0.11929877529151373
86	524	0.10205536320337509
86	532	0.10090096266983639
86	741	0.10430376160371585
87	341	0.11010867637771245
87	724	0.10854803671641394
88	90	0.10581507043242203
89	94	0.1909539572910608
89	408	0.20793407898077912
89	624	0.1396180024154984
89	755	0.21975324281420616
91	459	0.15393731368823554
91	770	0.14458587933005004
92	408	0.4255464408585369
92	411	0.4396568055009609
92	423	0.2475545009551172
92	680	0.11564642644782713
92	751	0.10214760372153196
93	236	0.17025644881348687
93	275	0.14639354259074336
93	770	0.11330038333655962
93	836	0.11572955222338904
94	325	0.1121314360935978
94	423	0.34395243768318023
96	99	0.16155150060858553
97	206	0.1049522530288932
97	465	0.11782818574211688
97	659	0.11869869448951537
98	108	0.17276299477987184
98	139	0.14344164517834088
98	417	0.10218715906012525
99	137	0.14920043348370748
99	289	0.20128468597321397
99	790	0.10487318667836301
99	793	0.11150880330062247
100	209	0.11972952569411774
102	108	0.25526935602683987
103	162	0.11699842355850017
103	289	0.11167677329739609
103	639	0.10627639556633817
104	692	0.11706283325590032
107	844	0.10140653077688075
109	252	0.13333556868812677
109	477	0.1439528417735706
109	537	0.12358443721764734
109	618	0.10112125436444713
110	167	0.14547090455565803
110	774	0.12730048968576316
110	789	0.11657389096125023
111	157	0.13639011278065868
111	237	0.10069828184841503
111	590	0.14110017693110496
111	833	0.17630546266720573
111	835	0.11232180817908201
113	672	0.14004458310245146
113	714	0.10376790880183193
114	153	0.11658739279163649
114	177	0.10637457215973162
114	549	0.10937702542144097
114	764	0.21524488341029951
115	507	0.10210503272663393
117	150	0.13316561664216142
117	844	0.11668370654112058
119	551	0.14603129724361918
120	629	0.10360326336086735
121	210	0.14824969484197498
122	817	0.13850443651596614
123	610	0.1214322125842079
124	554	0.10988974500505504
125	277	0.121045657279074
125	412	0.11228187590910851
125	413	0.14492929044642275
126	128	0.2388973234798579
126	676	0.12213755475772371
126	677	0.12276647483770352
126	808	0.14938856864082925
126	815	0.21331659972100825
127	330	0.2588251271155328
127	668	0.1121011843137653
127	801	0.2154239456292606
127	807	0.19017494440850016
129	269	0.10238743375147341
130	334	0.10029306733876374
131	323	0.11946505911908421
131	481	0.21679620787638196
131	524	0.11489905192596993
131	721	0.11777832189132871
132	156	0.1205349546198605
132	469	0.13731875891848824
132	492	0.15870424182822665
132	692	0.16741159773146258
132	743	0.13719245748625408
133	283	0.1504503445957541
133	324	0.13489145460047733
133	621	0.11323258840679377
134	510	0.10952766180845856
134	557	0.1007321018845317
134	632	0.12750371056475315
134	635	0.3694790868782551
135	138	0.12041274306710437
135	141	0.10387541896670265
135	278	0.14456027819814724
135	467	0.11540727647012998
136	331	0.11732324893917072
136	434	0.16117957415334078
136	474	0.10501488150750495
137	524	0.10764987902358562
138	141	0.2198296886465664
138	359	0.13823989523943953
138	714	0.10671217089754179
139	607	0.10540479935805931
139	766	0.2096494130693791
141	768	0.10721985742423558
142	579	0.10159609695675165
142	840	0.10020655706070326
144	278	0.10634545542835254
145	208	0.1054504220375994
145	263	0.11693771468612377
145	733	0.10512254924646416
148	154	0.1098504194501136
148	610	0.1009017894658568
148	736	0.10105129692061804
149	207	0.12132415927870721
149	350	0.10497962977972158
149	467	0.1457573974009301
149	760	0.11189515475439521
149	768	0.1072998713348146
151	318	0.1620313049183068
151	329	0.10766245122195313
151	370	0.13085309953001867
151	451	0.1375142968388783
151	498	0.13197241907000146
151	654	0.11219423856532315
151	656	0.15083596918494716
151	739	0.1437243466259457
151	845	0.19218608528137154
151	863	0.11369977211443287
153	381	0.10353719684969147
156	390	0.10192981848974969
156	409	0.10437042486663461
156	734	0.1090737718050612
156	825	0.12317762348781142
156	838	0.11254989276508215
157	498	0.12835314833297454
158	391	0.10584575275014264
158	631	0.16226921694726235
158	777	0.11264826910244148
159	165	0.12481776809842693
160	184	0.11202120239700558
160	479	0.1324912227189998
161	736	0.10022666158898937
164	252	0.10118468884708684
164	463	0.12108654834640836
164	546	0.11752632089962745
164	805	0.1475232567154775
166	398	0.10242509291122355
166	837	0.15688497155788833
166	866	0.1477080056435054
167	774	0.101616425849506
168	493	0.12580447819859417
168	782	0.13900509319978083
168	790	0.12302754725867529
168	795	0.12290570331035164
168	819	0.1076063818343378
170	204	0.11031160667331484
170	274	0.11469671604414694
170	556	0.10823700433387383
170	762	0.1044299192689403
171	183	0.23083986159824949
171	395	0.10320506801914522
172	179	0.14497915219674312
172	218	0.10200545319245513
172	354	0.16214084731472111
173	301	0.1030076858979402
173	433	0.10757118750766848
176	179	0.2514979682760354
176	723	0.10027387473338342
176	727	0.11554933385228897
177	380	0.11706145747623864
178	418	0.12415560083708024
178	550	0.1282520141448867
179	183	0.10036497698955966
179	232	0.1989998876080166
180	869	0.11423067777874932
181	465	0.11826093799151587
184	379	0.1040948242242049
184	542	0.11248591645150435
185	642	0.11798272018892866
188	199	0.1092694713910795
188	232	0.11279461659533024
188	518	0.14477003326213292
188	761	0.1067386114368469
188	822	0.17961939283937234
189	204	0.3350708783810877
189	208	0.11463397930961462
189	225	0.11442782193775511
189	255	0.12451734693814868
189	472	0.12240578384829315
189	838	0.11495532443514042
191	563	0.11141625816336478
191	786	0.10498354460447876
191	869	0.1134091158248061
192	373	0.11468404362277769
192	704	0.11217541253770635
193	205	0.1101680528966471
193	646	0.11252947273239212
194	203	0.13039269370051365
194	258	0.10040267621041679
194	831	0.10910480936018609
195	201	0.2059775109114221
195	420	0.11632027179383563
195	658	0.10120966243586917
195	844	0.14219310908851107
196	628	0.117195224242972
196	726	0.10331118688379183
196	780	0.1505421373378708
196	855	0.12467254130928648
196	857	0.12550802310802917
197	201	0.11612453835303294
198	202	0.251024553714736
198	207	0.26217557681535714
198	442	0.10677926064348228
199	215	0.1025556204502849
199	253	0.11725336945451613
199	256	0.1074022084722973
199	315	0.11637422017475148
199	562	0.10316527891744239
199	590	0.1233610205779403
199	822	0.16193950271999208
199	862	0.14392024941573486
200	369	0.1424015016744197
201	732	0.10492112326292247
202	207	0.1708968117119582
202	704	0.12435772994310192
203	249	0.11968152279086193
203	452	0.11636949195074443
203	463	0.12775776043117387
203	483	0.13678680926314873
203	768	0.10619233160728409
203	780	0.1317780327662116
204	274	0.12073749273078149
204	465	0.13238488664361536
205	303	0.13498465397768356
205	365	0.1417417105152481
205	780	0.10941411585097545
205	845	0.2119049306973989
205	847	0.13220013027823163
205	863	0.10239200672173117
206	234	0.11163052142114745
207	233	0.10532025566644489
207	641	0.12283803538399761
207	844	0.13146869255602467
208	549	0.10567979970767155
209	364	0.1113492917834788
209	410	0.1547764808684313
210	425	0.12513580813188602
210	445	0.10952784888154785
210	471	0.1757002643417737
210	478	0.10023766023354991
210	524	0.10483119713622246
210	870	0.16595656673837988
211	268	0.11901935942538563
211	475	0.10191937271830231
212	213	0.1438046328176064
212	264	0.15742314248836542
214	428	0.11690443663231734
214	489	0.1572319757968573
214	576	0.17793719263805235
215	467	0.11382684790762339
215	485	0.13078323223189958
215	570	0.11122857291105555
215	580	0.15529103182341825
215	587	0.1769353701531557
216	246	0.17622526924380594
216	340	0.12188723087283718
217	432	0.15459101554256718
217	747	0.16784846323468147
218	227	0.14065182485265618
218	233	0.15569983330920767
220	231	0.11632642740193101
220	498	0.10430022175812426
220	629	0.11679119618466395
221	319	0.10560906471486917
221	388	0.10558392530779359
225	588	0.11814140012777224
226	379	0.10501462173047452
227	233	0.1936882691979126
229	626	0.14829883517275097
229	663	0.1010646052047276
230	661	0.10164155372791883
230	805	0.11861902915157427
235	330	0.11708706758621006
235	675	0.16994616690030748
236	459	0.16766375181385323
237	461	0.1561940563284694
237	586	0.11211363960058679
237	835	0.248788887813927
238	642	0.13381132123889009
238	647	0.11245227798156206
238	829	0.11876043610858569
238	841	0.11692296012888065
240	737	0.15850035691950942
240	747	0.10169315553143204
240	873	0.10817833955615948
241	470	0.10837930932993511
241	538	0.11457244604484483
243	459	0.10910578227979224
243	499	0.10965010159645475
243	555	0.10035581322249376
243	666	0.10130382856526379
244	575	0.12238441854364249
244	589	0.14283427872584142
245	539	0.23010836862407377
246	361	0.13783939670541484
247	286	0.1089488338894183
247	470	0.13384578429141952
247	472	0.1683609549817603
247	721	0.1321993480134626
247	868	0.21429429814832174
249	333	0.10064638127610728
249	724	0.12431201472271716
249	774	0.10736439055609742
251	724	0.10066264729643416
251	774	0.11701085525035002
251	845	0.10958809284345063
251	863	0.11670879990437862
251	876	0.1157537593875873
252	326	0.10783143973459197
252	831	0.1044199456005156
253	508	0.1517247771796191
253	710	0.1453710161419479
253	712	0.11117392096485124
255	263	0.10067382058738003
255	308	0.11193719278075907
255	405	0.13787042694123133
256	737	0.10253990162009642
257	590	0.10168552444263183
257	835	0.11712550778196232
258	523	0.11228083722276948
258	733	0.12588316087109724
260	619	0.11300893837874913
260	867	0.10670311872004086
262	586	0.14309863311324608
262	859	0.11445702620081025
263	680	0.16223828504654042
263	693	0.11674588756318606
264	266	0.11601053303821718
264	588	0.15361231902187414
265	431	0.1805911658962341
265	516	0.13158179801017572
265	537	0.19520148364308715
265	616	0.2471882220316252
265	633	0.16778946775157286
266	321	0.16652748128562975
267	477	0.11431698964170106
267	533	0.10149364371285943
267	551	0.10456892116231417
269	270	0.20987396181925413
269	498	0.11098821612359235
269	829	0.10837155088003717
270	273	0.2391438119711843
270	487	0.10326289119447131
271	473	0.12909066641249814
271	764	0.12170675556564284
272	800	0.1071222191265862
274	543	0.11715353460619755
274	606	0.10421000413999536
276	277	0.11326456290032
278	413	0.11402224422261946
279	280	0.10393545679502722
279	296	0.15356107830638635
280	296	0.17215038657445936
280	826	0.1608352956340152
281	313	0.2307927823328257
281	615	0.11709347174471842
281	634	0.14514994696206107
282	372	0.10936333250774298
282	838	0.1241578611626146
282	841	0.10104812491822954
283	340	0.15389022620729856
287	293	0.17440160226659318
287	612	0.18665119093688287
288	298	0.24977493936425263
288	540	0.20628460640502275
289	402	0.12089191427999034
289	434	0.11040059616409142
289	868	0.10464178947929798
290	312	0.3037207245595444
290	421	0.10978311703922658
290	426	0.11077842186313869
290	462	0.13095390114119712
290	678	0.1299620775419124
290	715	0.10920561077547876
290	767	0.13003607277362497
291	295	0.17907452313699157
292	312	0.2335563092911797
292	426	0.10381048981050883
292	430	0.13871557103424392
292	715	0.10097059005571263
293	609	0.10519484949473513
294	299	0.16478005856776493
294	415	0.30088332520426964
294	438	0.10696582864041924
296	300	0.25304416583900935
296	310	0.10742653530219957
296	821	0.11359251391179769
297	762	0.12620754118019745
298	540	0.1304096001790623
298	598	0.14981375517203804
298	805	0.14200731449119286
299	438	0.10301113766348215
299	709	0.12497983017142111
300	305	0.10508987465380555
300	310	0.1369968833070434
301	338	0.10410115053446564
302	333	0.14983679089528087
302	513	0.1050598461570585
302	515	0.12825421942717888
302	545	0.11941603141329438
302	735	0.12343172630439672
303	780	0.12770999775845449
303	847	0.1644464159654338
304	353	0.1566186386252796
304	725	0.1298574774378863
306	612	0.1257694004958757
306	715	0.1186007686528897
308	577	0.1642066524252096
308	785	0.10106551334165913
308	862	0.12888436909325046
309	711	0.1261606341151646
311	358	0.10813590918085615
311	552	0.12120510640146887
312	426	0.11353258968851153
312	521	0.14915379261162082
312	822	0.13356474579744515
313	613	0.10193474526697578
313	650	0.12170797560628056
315	540	0.11557391847604243
315	827	0.16314593096059118
316	433	0.1618075793655706
316	664	0.10446642719279253
317	341	0.12196960741886761
318	653	0.10465008936517353
318	654	0.1627469697051537
318	655	0.1271058639871415
318	739	0.15028660150916703
318	845	0.14985968516125403
319	321	0.12537314906984773
319	693	0.10673021430280143
319	722	0.11314528308810178
319	726	0.11204932040676535
320	363	0.1132029970423716
322	769	0.10889857350660519
322	831	0.1443658121068981
323	409	0.13809577217603208
323	474	0.1038697395220223
323	481	0.12320174924815767
325	427	0.12077945865574623
325	750	0.1263011746197719
325	753	0.17880097578218662
326	618	0.10556310660111932
326	625	0.14414598322247635
326	868	0.10844416260381232
327	410	0.1056767685620864
327	413	0.10915037529196225
327	817	0.19450636602629837
328	804	0.1298698933048262
328	813	0.13333233844978756
329	370	0.20976036495922268
329	371	0.10857922819886669
329	451	0.1213907726235279
330	801	0.10041040707032078
330	813	0.1659769822788063
331	434	0.11565675478139739
332	636	0.10747486904789771
333	384	0.1413650687597734
334	671	0.14916166121088906
335	811	0.126581939387382
338	424	0.15694488678819146
339	355	0.1396511732166763
339	639	0.2634242078895919
339	803	0.12218228815689194
340	494	0.17832415456962397
341	673	0.1110346431440486
343	464	0.10723622882600577
343	478	0.11120531750952536
344	756	0.16158418525178217
346	347	0.16432956653910835
346	669	0.12622619366028515
346	712	0.10742923708161037
346	716	0.12404320049720931
347	669	0.10827745438880934
347	706	0.11740014714332488
347	712	0.11887357163283493
348	482	0.12257678147992847
348	501	0.11308904506272024
348	506	0.1980049406490318
348	686	0.15867884459505815
348	703	0.1364788678406503
348	709	0.12726712039968227
348	711	0.10940349287133451
348	712	0.12909382625144664
351	380	0.10819357981780856
351	588	0.10027112666256006
354	572	0.1408353836252835
354	591	0.16657265057323006
354	595	0.17686751592789166
354	789	0.10148075131255624
356	358	0.39661467541279233
356	398	0.12658444049318537
356	448	0.1138727413465799
356	522	0.10301157753641219
356	842	0.13258751294837923
356	864	0.10448631378224812
358	555	0.12565259522262665
358	818	0.13028256149880924
358	830	0.10917157724622412
358	866	0.12903045913893554
359	361	0.12993771209607072
360	363	0.14412943779684526
360	552	0.12314346069594184
360	555	0.14841200427147422
360	752	0.11162016154765408
360	799	0.14480665941078527
360	848	0.1447003513097474
361	802	0.10296055340775637
362	806	0.1355215091208719
363	828	0.10193502934647687
363	850	0.1349045014881378
363	864	0.12053137113157633
363	879	0.20571648027884953
364	651	0.10007172962038915
365	375	0.18330454654927794
365	617	0.11782626615710036
365	653	0.18919751448737848
366	380	0.1478779572911239
367	700	0.10600673869477711
368	533	0.1429889788078078
369	543	0.10494039080253524
369	544	0.11272322911688344
370	371	0.35323396462623585
370	375	0.12184092523568973
370	451	0.12482324793741396
371	375	0.15033753225111812
371	450	0.10479237893115749
372	659	0.13488627141215825
372	802	0.10008028965736145
373	382	0.12876602087389027
373	543	0.10421057269393752
373	713	0.13249830258198442
374	376	0.3065229875265251
374	544	0.14939709176669416
375	450	0.11959898879648316
375	451	0.14465415359341033
375	528	0.1412214315492918
375	653	0.10342675273671054
375	655	0.16490268040401115
376	544	0.18584165814360046
376	547	0.13818978924872335
376	548	0.20818354438304087
376	764	0.13786239425609503
376	808	0.10489036809981199
376	846	0.1064298952243164
377	610	0.11844504158210033
378	499	0.16180862239181645
378	754	0.10593790773420635
378	778	0.1351122379866532
378	830	0.1673101967631331
378	872	0.37201094785268235
379	814	0.10657802516380259
380	473	0.11394241496318973
380	548	0.10762288021638439
380	550	0.13472448769442386
380	706	0.1460434904626401
380	716	0.10275718657289863
385	702	0.10625820114082335
385	867	0.21198956784039474
389	657	0.10090317575222739
390	392	0.32472523259391106
390	559	0.1062855018927368
390	589	0.10512282394935198
390	674	0.10600941841930656
390	841	0.14618758192397763
390	851	0.1733868764312057
391	394	0.12443851043000818
392	846	0.10328458310637474
393	542	0.208772275411642
394	734	0.1300916200088505
397	826	0.11228146865687276
398	599	0.13528490977749238
398	686	0.12279531562966405
398	739	0.10940296898390994
398	774	0.12741331640071074
398	866	0.12583018609045385
400	449	0.10414509198971075
401	445	0.10209766994276147
401	610	0.10578510125523599
401	635	0.11799115379230403
402	434	0.12775487972519992
402	576	0.12863988193365228
402	587	0.10305101135502624
402	868	0.16933070150536103
404	562	0.10874542057297995
405	499	0.10447045970434733
405	606	0.10117110981964929
406	482	0.22136474036826861
406	487	0.1052768009000739
406	506	0.23913755889329635
408	411	0.2999230305977331
408	427	0.1514232842471371
408	593	0.12279026895833457
408	753	0.10244129613849237
409	763	0.12910065493359085
410	516	0.11073324018559867
410	598	0.14127907155249672
411	423	0.20127361012353373
411	753	0.15985669917775525
412	814	0.13787839487300552
413	414	0.1302452391225858
413	433	0.1053525873995253
415	609	0.1301741894953537
416	573	0.2271001893381266
417	792	0.10660128255435038
419	573	0.16656856497806077
419	824	0.1283641166257208
420	465	0.11452665869828899
420	624	0.11019030506624959
420	739	0.1108933890074785
420	753	0.1010629880288455
420	847	0.1423092075885406
421	482	0.12875835210811826
422	760	0.13486771989417262
422	805	0.11067651412539846
423	598	0.1266781442399231
424	855	0.13335656991470168
425	551	0.10896018344417709
425	558	0.13257764467701616
425	640	0.20028769451005177
427	751	0.1559679411785622
428	622	0.1560608471931723
428	756	0.22027174736041966
428	861	0.13375769767201046
429	573	0.18052755962270067
429	824	0.24534197697931107
430	523	0.15170208491364584
430	568	0.11453661382832413
430	577	0.1258239827443268
430	587	0.10884431588158172
430	706	0.11457813960599542
430	739	0.12184814087730236
430	786	0.1659844037608609
431	493	0.15592073805885148
431	539	0.1797814212553317
433	447	0.19080497502596105
433	647	0.1254806926121995
433	718	0.11962727966683946
434	444	0.11288829509557684
434	524	0.11713213917231718
434	698	0.1830046410867187
434	716	0.12191180540589742
434	743	0.12575834640206926
435	605	0.12072090478327938
436	499	0.10792768224412312
436	522	0.24160546440299874
436	642	0.10438699656480281
436	752	0.10718678019210783
436	754	0.1351035942434377
436	776	0.11819864615940437
436	842	0.2520612184546417
436	866	0.16620199027288288
436	879	0.12102143101158946
437	441	0.13862837908622422
437	445	0.32451886435775384
439	441	0.21519270362821738
439	638	0.10928654109367222
439	701	0.2497967092554766
439	706	0.1401950911220054
439	713	0.11471913957886964
439	715	0.12193528407459582
441	445	0.12865548936584745
441	447	0.26748508161763135
441	619	0.10300272356619092
441	713	0.15277076969977113
442	535	0.12147540939948842
442	714	0.2838201839751301
442	814	0.10490692562220538
444	704	0.15663558764121635
444	727	0.2203339756612936
445	763	0.11318789323255767
446	757	0.10755281387972443
447	701	0.3458097691251144
448	818	0.13704070976810553
448	866	0.15951543800858028
450	453	0.33702719456287067
450	455	0.20669316942322893
450	654	0.1670688166939853
450	656	0.11423169282815353
450	696	0.1058318941003292
451	528	0.2652527476890805
451	652	0.1376434114719161
452	713	0.10815949085547619
452	788	0.10986704987147008
453	654	0.11402219205197595
453	739	0.10182214257067833
454	482	0.15861754556415397
454	490	0.18760751168134795
454	500	0.26045550676200974
454	862	0.1237041557132629
455	654	0.11304561867992838
457	488	0.26101291233560375
457	490	0.23637580747222103
457	500	0.1040463628997158
457	505	0.12231063312351906
457	855	0.1432018809410691
459	513	0.118959646732368
460	833	0.46826523940496073
460	834	0.10260531723773053
461	835	0.1735428881928971
461	836	0.11454461466962665
462	685	0.10980012334347043
462	693	0.10138778905680952
464	474	0.10581832077436061
465	829	0.11169174212886335
466	660	0.12029359390232447
466	867	0.10647616832262917
469	743	0.13120234903018638
469	769	0.18346470663386094
470	472	0.10008276207728256
470	481	0.14399431420552458
470	741	0.10633776655123267
470	873	0.134888616265744
471	760	0.10265412088836429
472	633	0.15137860144416523
472	868	0.12274837037329164
473	646	0.1133049907364165
474	516	0.11247312340107217
474	743	0.10286484297179335
476	480	0.14621631474747043
476	817	0.10293730968865329
477	649	0.10870048547015702
477	732	0.12102572526011762
478	480	0.17120309629611635
481	742	0.11821306685999759
482	506	0.17926845510398096
482	682	0.11456089329186246
482	686	0.13253829450590576
483	667	0.13805394527242026
483	776	0.10455002549054923
484	485	0.1836883391872015
484	486	0.36775740521652317
484	491	0.1359203234160227
484	678	0.1300370758416892
485	491	0.11712980293527592
485	563	0.1085612900287899
485	571	0.1340228748899698
485	676	0.10228959508961577
485	678	0.15009860160804026
485	868	0.13190475602012258
486	571	0.10636869312897285
486	672	0.13432301115084988
486	812	0.11353158340861266
488	490	0.17507758906258264
488	501	0.2010860768318501
488	505	0.1440272038482675
489	511	0.16241682929732837
489	523	0.1467816720852643
489	756	0.10600553127752134
493	535	0.10628761909463952
493	537	0.23170503646566756
498	500	0.14750995533840242
498	506	0.15093839992914182
499	555	0.11041196757954837
499	765	0.10070582619753118
499	842	0.2421839144605497
500	506	0.10437389573235671
501	505	0.1189461612996503
503	660	0.1550658959337282
506	682	0.13099218747601873
506	704	0.10002109722582965
507	510	0.12259818331838103
508	590	0.11460858025205035
510	873	0.10474591053431671
511	586	0.1135983611779975
512	513	0.10209322029115776
513	517	0.13001710242434292
513	733	0.1510836134496282
514	761	0.104960499646764
517	879	0.10786054328947815
518	829	0.10428406803728175
519	756	0.11748074608343398
522	864	0.10813083433451115
522	866	0.2777380889282173
523	714	0.12051269878693088
528	655	0.12684392249340626
530	535	0.15787571877286238
531	627	0.10294046106424795
533	873	0.10509163874795256
534	791	0.11664097204959613
535	700	0.10295612725150569
535	769	0.10955493927556634
536	579	0.14596160663261762
537	644	0.11805434194913488
538	875	0.10730842135474634
539	633	0.1556626303042828
540	657	0.22376719788976865
541	619	0.11859129621589971
541	774	0.1111137578611036
542	749	0.11248326553718672
543	544	0.11256427964275525
543	764	0.19776398847204266
543	846	0.16638135996317627
544	547	0.2039743293629082
544	548	0.29437707279996694
546	568	0.10213117258181856
547	764	0.10252540409610672
548	550	0.2933861579766882
549	801	0.1387825421092269
549	807	0.13144384018225172
552	702	0.102181978399847
552	750	0.5590308906327102
552	754	0.11017527296907845
552	842	0.11305619713963827
552	848	0.20488260483525722
554	556	0.14180760171309853
554	750	0.10808616159533897
554	772	0.11000412709891294
554	787	0.13017702379316498
554	798	0.1140577375318099
555	752	0.11822463109622115
555	848	0.13460646042749116
556	771	0.10864272521861791
557	632	0.11916697591086774
558	829	0.11132887219981434
558	865	0.2856965674447984
559	560	0.22571420044075324
559	561	0.2037500403490364
559	562	0.14076376475683167
561	577	0.13121691208431505
561	861	0.11088592405402822
563	568	0.2851221587687066
563	587	0.21685299757450596
564	801	0.11138087365685503
564	804	0.1105927452115837
565	566	0.3278143230514902
565	567	0.1237345187310522
565	829	0.12772859114421423
566	582	0.11792068242554073
567	577	0.13186252957108346
567	580	0.13350392131028635
568	576	0.2908236042945515
568	587	0.3604239524342101
568	672	0.1601912841243789
568	812	0.10383419115141006
569	579	0.10390901717851925
570	577	0.30379224908113345
570	587	0.17435375965532263
570	604	0.112662779531
570	678	0.11143413303828667
571	605	0.11435369638227026
573	824	0.1205865397311213
576	587	0.257671273493023
576	822	0.11596542114496768
577	587	0.16224266738845436
580	587	0.16176356373211967
581	599	0.10469818884181371
581	799	0.10819070685746314
583	737	0.1195195057009138
583	819	0.10398413272641133
587	759	0.11642693979834036
588	592	0.14680055345184922
588	645	0.1490421433948232
589	617	0.11687013522905881
589	851	0.11683829431414686
591	596	0.1400852211079967
592	593	0.22737261010664872
592	609	0.11513255370650434
596	612	0.11356863149965653
596	709	0.1367955472374072
597	825	0.10918458266196465
599	818	0.13530090709837117
599	837	0.10512179236758135
599	842	0.11965289674791896
599	864	0.19523767521809518
599	872	0.11714705160163735
600	603	0.12291395202378341
600	771	0.12042892342237202
600	843	0.2336348040929544
601	659	0.16576953788317955
603	627	0.13154059089419148
603	843	0.11232176578552511
604	605	0.19470811728469006
605	738	0.10010854433524298
606	714	0.10372870472396471
606	869	0.1343110489003006
608	612	0.12523869414323174
608	712	0.10036381190825257
608	789	0.10280033702859841
616	651	0.13384777375455748
617	851	0.11481531873490322
621	647	0.10096838302615731
624	753	0.16390037533388388
624	754	0.1441446994681319
624	805	0.10858478003267193
625	647	0.10452409632099238
625	718	0.1035550683665669
626	629	0.3180070001929062
630	676	0.11844806564095586
630	857	0.10163386772447297
631	777	0.12581965078474305
632	769	0.11797708696498964
632	865	0.16458486815359094
633	697	0.12008553423821675
638	761	0.1189764275050312
638	862	0.1407668871713424
640	771	0.10976229193405064
643	715	0.1781481389175296
645	646	0.14798250983092961
645	844	0.34343130770259905
646	877	0.10737728322902143
647	648	0.155793259198226
647	718	0.10283091245685473
647	732	0.1265765479191878
650	765	0.11061498162877001
651	871	0.128050100240352
652	653	0.14843286714323492
653	654	0.1570792793008301
653	656	0.10823234076134151
653	845	0.12593460770430112
654	656	0.14055738988890445
654	739	0.13363812457168364
657	762	0.10002791733728766
657	851	0.10076547728082216
660	665	0.28139679330163847
661	663	0.15498750820832255
661	729	0.1301964618323645
661	859	0.10715921363547867
663	792	0.12141876020629312
663	797	0.11185680865279786
666	768	0.11495231716946117
667	824	0.10367311935687575
668	801	0.12304808770279595
672	812	0.12146725125888184
674	759	0.10050857609866932
674	862	0.13555514624110124
675	816	0.17748686018249882
675	856	0.11364475716700499
676	677	0.1699678511133201
676	804	0.10138588758518338
676	813	0.11825752892662299
677	813	0.14750653176570952
691	825	0.1115053061358327
699	717	0.1494462064392237
699	735	0.1817940513229373
701	767	0.10369577262103219
702	708	0.1154548248158536
703	709	0.42697320604977756
703	715	0.16092223761962174
703	786	0.1458150431066077
704	717	0.1826162262881343
704	720	0.11274237423505903
704	727	0.3881506235408242
705	778	0.10225994771176465
707	717	0.40865192217589646
707	724	0.17994366914326687
707	735	0.12555075603609414
708	778	0.10874368809139226
709	713	0.2368988241427575
709	792	0.12333202292856435
710	716	0.16843771621241732
710	724	0.2616667147841366
710	727	0.290719995565439
710	735	0.1608302173371429
711	712	0.22906408081669044
712	715	0.1492005083328162
712	786	0.1973680073413149
713	794	0.19319671216656914
717	720	0.1312053491159084
717	727	0.1175602683568799
718	726	0.11012922943525902
720	724	0.22554812781258127
720	727	0.23506096644420812
720	735	0.2484266080910217
722	723	0.11098918629771087
724	727	0.1674141528606936
724	735	0.3359644227353426
726	855	0.10617926907844678
726	857	0.13341399638814058
728	731	0.10032259022871552
734	838	0.14871836029317462
734	841	0.10787639138098466
734	851	0.1524114860195106
735	787	0.11232350966328697
739	797	0.130192754092575
743	806	0.12234217172088893
744	775	0.10307078395080979
747	843	0.20273290082653578
750	753	0.12282358575925022
750	776	0.13997868968323532
750	799	0.14628269259546198
750	828	0.1338095232964895
750	848	0.1133131654539116
750	864	0.15919507421140164
751	755	0.2147654948289731
752	776	0.2882064916524642
752	848	0.21720452709146942
752	879	0.2059005658473431
754	818	0.16735617856550614
754	842	0.20655275691722022
758	786	0.11492628869027477
760	771	0.22798998366180737
761	762	0.18310484755940482
762	772	0.2843720928443033
765	842	0.10397153521782054
767	773	0.17504520190400363
768	774	0.10770463212489585
769	867	0.1408202836228796
774	866	0.11163973402177522
776	828	0.19166190337909664
776	848	0.11412374920628024
778	830	0.16652583522945635
779	864	0.1442673300334483
780	830	0.10944709771142881
780	848	0.12828163091380995
780	879	0.12131948206681761
783	790	0.12318891475322864
785	788	0.120722617935923
785	794	0.2874598574069393
786	794	0.14155973688635307
786	797	0.2265422352979479
789	818	0.11756544427906428
789	872	0.13456720881836015
790	795	0.10120752347898897
799	848	0.14277492226156835
801	807	0.4481901568354496
802	806	0.2131493738394802
804	815	0.17736330493322114
806	814	0.12854676084887268
807	815	0.3023047096027022
808	815	0.24332547070865393
813	816	0.26786148745069466
818	842	0.4433825379392361
818	872	0.35720039386749597
820	821	0.1202321177898155
820	826	0.14695262547849983
821	827	0.153353235538066
825	867	0.11582502660646588
826	827	0.10654333029456592
828	837	0.12023663356906449
828	864	0.15361124290997163
828	866	0.13883336542200708
830	848	0.2731279619902533
830	866	0.10829742183559032
830	872	0.15875522281325288
835	836	0.23365637162342434
837	864	0.12096221344419994
837	872	0.29343880327117566
837	879	0.34210639012220906
841	868	0.14858573723282556
842	864	0.12452641020189205
842	872	0.18418593572439074
845	863	0.14511767320618893
845	874	0.13141169243292478
847	874	0.10223392446125931
848	864	0.11907566963640914
848	879	0.32920604334058523
849	853	0.133954366191526
849	876	0.12977597772817417
851	858	0.1284348012022804
855	856	0.3164203504716341
855	857	0.35068380029107815
856	862	0.32247840394170574
856	869	0.1024112434770539
864	866	0.19467796557199013
872	879	0.2372825414378818
