3	642	0.11175050165774789
11	73	0.11585106843474058
17	735	0.11301987205093895
23	28	0.18687761793071367
26	520	0.12139872943208788
29	145	0.10259200846565696
31	872	0.10822929723443427
32	551	0.11758210641846299
37	40	0.15400034593633039
54	640	0.11131012891226642
56	543	0.10332880631340811
63	66	0.11321278971744836
64	65	0.1584898844182766
64	67	0.16740645498809617
65	67	0.14533013203293693
74	184	0.11999871182328775
76	208	0.12218860916375385
79	537	0.13597974120871775
79	633	0.12954294105220046
82	406	0.13085451407152138
89	624	0.1345787136623347
89	753	0.14876731238090016
92	408	0.18492905032384357
92	411	0.11879952718615838
92	755	0.17837889487526862
94	423	0.12814824071787312
97	482	0.10287732339368835
99	289	0.15738706501827385
108	766	0.15926001605241688
111	835	0.14769443173112226
116	290	0.11008579127899927
127	330	0.10594159950446952
132	469	0.1154168958502128
135	140	0.10237734675668994
135	759	0.11296376935358075
164	288	0.10142443877259967
171	183	0.16873751203953463
174	183	0.11638417567321269
177	178	0.22442900483681277
179	180	0.10854994731085818
191	605	0.13404006683553688
199	491	0.11604164759991403
200	204	0.22865708615839042
204	208	0.11242196229818492
205	528	0.10087428652106126
215	485	0.11126626809745072
229	775	0.16713375377824155
238	474	0.10017461359144501
245	537	0.1756891565404855
245	651	0.2238436004996158
258	835	0.10097487269709195
258	836	0.11480077535562784
265	537	0.1643748183622931
269	270	0.10224293340599407
270	273	0.11562584526100247
274	380	0.10442396564151486
280	821	0.10505622693783843
288	298	0.16594523555765098
300	821	0.1331031081876579
306	438	0.12462217945738258
310	821	0.1503811009445311
347	348	0.20328698870838463
352	363	0.1026278489926235
356	363	0.18657247836216484
356	436	0.1367576800331313
356	499	0.12408289592851368
358	363	0.1357016193431238
359	361	0.21047895879277073
367	421	0.12516556870273896
369	373	0.14942091638725227
376	549	0.100207083853774
386	514	0.10916173866685967
397	826	0.1156943936331088
405	483	0.11514085802098212
407	417	0.11370387219941447
407	419	0.15425290296343355
407	824	0.1065631221193848
408	411	0.11036207899506292
411	751	0.15509883311967673
416	417	0.1771143680903905
417	429	0.1754657107315829
419	824	0.10251434787758101
423	624	0.19373823817125388
423	753	0.19937636308867288
425	642	0.11203521751941017
426	660	0.11555466670445583
427	624	0.16053477413703854
427	753	0.17505697194835937
428	519	0.10400895784588265
430	452	0.15295738213894863
430	822	0.14000684841195318
431	616	0.21977463852471762
436	799	0.10600753685431616
436	842	0.10442936033897368
436	872	0.11042037262884896
444	735	0.11823916744314865
450	455	0.19437624906422904
451	455	0.1146261262665767
454	457	0.18471422032358958
454	487	0.1666262130917764
462	463	0.26905558704459853
465	466	0.15209382945347316
482	490	0.11037778168716365
484	485	0.19238799441262178
484	491	0.1744633673217428
485	869	0.18463844861836068
486	511	0.10445579331236679
488	498	0.1327301183912243
488	500	0.2128414589111535
501	505	0.22613323102044644
508	798	0.1014703317222698
518	829	0.13287086253376632
522	864	0.10420966745876459
522	866	0.1077307483735074
543	544	0.14535654707702453
543	548	0.11702735424203263
548	550	0.2030766567527682
552	752	0.10887453790235292
552	776	0.10855411013447956
552	837	0.10219250498350697
568	577	0.13353721448311895
569	579	0.20937267310921112
571	606	0.12362876865212927
573	786	0.11599033964531032
577	587	0.11253533241067087
588	645	0.10022355312986957
591	593	0.18523706310389876
591	595	0.13169377877485397
593	595	0.1124209980500262
599	837	0.11285478478853675
601	605	0.15487745391786903
604	606	0.1307462020528059
605	606	0.1273261233629107
624	753	0.17721394393565226
626	631	0.13230008960832693
640	642	0.10637466475396061
654	656	0.1683145285113626
655	656	0.11395781627299899
663	788	0.10141447839264454
669	683	0.12469562450596737
702	705	0.12542178027868248
702	730	0.2764458361829938
703	706	0.1998058871188225
704	724	0.18131660006860206
704	735	0.21635398235957584
705	731	0.10159804178371439
706	711	0.15416086229004983
706	715	0.14092538222136713
707	716	0.14801296783062842
709	711	0.11492442699156856
710	727	0.264472904417959
711	715	0.15828903980094386
717	735	0.10004807648551507
720	727	0.133090238587174
723	726	0.20917387875330815
734	812	0.1359910814023518
750	754	0.12270383558449222
752	842	0.10877998699399148
752	848	0.11708595178023837
761	762	0.1009769982971609
764	766	0.10881916683828922
786	797	0.10793703224520579
788	794	0.10526836476792406
788	797	0.1957860670830449
792	797	0.24312758299647438
799	818	0.16950504225444912
799	828	0.10844539641870225
799	842	0.11519018638960933
801	804	0.1175099052630028
801	816	0.1375165033560529
804	815	0.17918030879390476
804	816	0.12293597428332832
806	814	0.11225617059189233
807	813	0.13646950192871263
808	813	0.19964860033688542
813	815	0.14651931402204757
818	828	0.11826700889196282
818	848	0.18376063735463288
823	824	0.1291234775667105
828	842	0.13148156620401066
828	866	0.20553545671427598
830	837	0.1628339568917187
830	848	0.18874600141692266
830	879	0.10396568675731993
837	879	0.15842046612103608
842	848	0.11712433078153162
842	879	0.10830073037007475
855	862	0.11020649947698491
858	860	0.27018146458785175
864	866	0.22242036806698678
866	879	0.12439131946341864
872	879	0.12186071165690832
