0	396	0.11986292335853489
1	341	0.10075257464013994
1	643	0.10281157580307185
2	70	0.2007351289842009
2	73	0.17276382768258153
2	822	0.19155048779386097
3	642	0.13497223182844045
3	740	0.11895692430144249
4	427	0.13487907588884906
4	503	0.19876993828156997
5	110	0.11272847986105718
5	129	0.12369581538970408
5	239	0.11423698728546541
8	119	0.1515151552835738
8	669	0.20546599816135966
8	682	0.18749746792619498
10	625	0.18128828078607928
11	73	0.37180323276858707
11	398	0.10190619169286053
11	452	0.11443796321592932
11	463	0.11276176943630878
12	572	0.11717968734608583
15	298	0.11847062402389609
17	517	0.13854984065648523
18	430	0.11440381402164757
19	390	0.11374854847732728
19	679	0.10668372046766522
21	701	0.10583224982273036
23	159	0.13728270751362331
23	477	0.14032348736864733
24	159	0.13146132600370067
24	770	0.10167053503330455
25	26	0.16481451792297785
26	387	0.18320433680374024
27	71	0.19752243624184532
27	712	0.1384656302391058
28	765	0.11915817149044121
29	351	0.11903874543568756
31	378	0.11401813834329286
31	830	0.1073038750852865
31	842	0.29835661990250245
31	864	0.15450015171870432
32	856	0.15080039959997596
33	517	0.10132981050755067
33	562	0.10643412633449062
34	518	0.2877780885775026
34	829	0.13593400207882866
37	356	0.15670067329743306
37	866	0.15000114301737033
38	39	0.1319986583802613
39	872	0.10408303081404838
40	754	0.12311910252760605
42	387	0.2073050197133575
43	51	0.15159887082712997
43	604	0.10799936642015445
44	302	0.15679420520559645
46	139	0.11171793962672394
47	98	0.14307092468422095
47	102	0.12329788272143025
48	51	0.11853193884554736
50	407	0.18114955125829782
50	417	0.13343056871952969
50	573	0.1152562948957232
50	766	0.10133953385154312
53	111	0.13138792900287408
53	630	0.39448733643440353
54	425	0.18006543326202315
55	500	0.11466895842688221
55	682	0.10694163652010995
56	550	0.13766275318752932
56	846	0.10568520650600818
58	533	0.100718509894013
60	337	0.13029159530077652
63	65	0.2216503564822528
63	66	0.21160440779647371
68	860	0.12597093639601267
70	203	0.11179777190035017
70	312	0.10382237972567751
70	462	0.16275236628971576
70	533	0.10886635008738464
70	541	0.1034235644641504
70	785	0.13483583687970457
73	452	0.2478950013872139
73	822	0.38982270050520157
74	301	0.10186248794820782
76	547	0.168871330729855
79	245	0.2247235047820981
79	616	0.1066837202346207
82	488	0.14926144778386677
82	500	0.16154678570863082
84	693	0.17865919521744997
85	204	0.10148903243188681
86	322	0.24163109056101448
86	481	0.11110263642853083
87	184	0.11439079092366364
89	325	0.2517397406647243
89	591	0.11723084838572448
89	755	0.3230727799860038
91	93	0.11261633960161656
92	325	0.10109719303951531
92	751	0.1907698336306197
94	408	0.11577893662486011
94	753	0.20366090615678822
95	163	0.15200050269837578
97	693	0.13654183263874445
98	105	0.1715067924315832
98	108	0.11823741116142943
100	364	0.10403412582990215
100	493	0.11958297076609375
102	108	0.12506284744902343
105	108	0.13603533145014246
105	139	0.1823770735967186
107	163	0.11197721200772762
108	139	0.17713804971481345
109	112	0.13493248395252694
109	115	0.11494331451977904
110	499	0.10060111670495347
111	590	0.10347958611825744
114	376	0.14394229563008729
115	382	0.1060467288311859
116	312	0.13834879869466912
116	463	0.10942211951031267
116	672	0.12590652986284426
118	284	0.10742682249162391
120	158	0.1926974950845996
123	798	0.1036761634676408
125	623	0.12184163443740118
126	128	0.1331335292837886
126	235	0.16011420612859334
126	813	0.21217694034193985
127	330	0.10633731189066079
127	807	0.10502400449524768
128	668	0.16541768543656557
128	813	0.13075610003542962
131	474	0.10810729374728219
131	742	0.10123423232699769
132	492	0.17421127187738022
133	186	0.1273795891098826
134	769	0.1252707522791834
135	616	0.12069882933765018
135	865	0.11455703003566142
136	434	0.1346447735569863
136	868	0.10325080912790821
137	327	0.10961945683312609
140	142	0.34020844527988925
140	469	0.1395555577957944
141	492	0.10140916672037865
141	760	0.11156076735379869
141	769	0.13605659467721337
142	806	0.10187603719771078
143	740	0.11284280904653446
148	221	0.12191050020521534
148	545	0.10326033335627881
149	279	0.10651638848977452
149	588	0.13763545174199518
151	365	0.113462051398419
154	167	0.10473492083977533
154	755	0.10125499491591612
157	490	0.10566065200022154
163	664	0.13495680274188115
166	436	0.1022796019259535
166	504	0.10522262468817335
166	552	0.11600586594154406
168	790	0.11315535463888168
170	178	0.10170860922133526
171	513	0.12772172000827364
172	869	0.11596044906144222
174	176	0.19796827389010288
174	179	0.11512263778517808
174	315	0.12307953052934217
177	178	0.2540864147323684
178	473	0.11973264771824203
178	838	0.10106218024323418
185	825	0.1356555204245409
186	357	0.11106964130462155
188	199	0.10551894676333212
188	214	0.11896454529637165
189	208	0.21300367704855983
189	502	0.11633425764331304
191	571	0.11454414303798405
192	251	0.22698322500008827
192	400	0.12952105100731776
192	845	0.11124701531237333
193	370	0.10706883659086798
193	371	0.12874189632843838
194	196	0.1170901738650631
194	232	0.1007079463179835
194	726	0.12716552532531425
195	201	0.24363362926981288
196	203	0.10063527724953106
196	232	0.15504982501817857
197	206	0.15698333295566244
198	202	0.294594160246064
198	498	0.13744477129173288
199	523	0.12431857959251848
199	863	0.14062730137871943
200	544	0.14769979581175177
203	318	0.11317538443241056
204	583	0.10045079792619477
205	550	0.12053399199402588
205	863	0.10123043513292293
208	686	0.10166513171036372
210	402	0.14568835045872416
211	701	0.11494496998107002
214	483	0.14615625514534972
214	570	0.11042614112576178
214	577	0.12840231918445427
215	486	0.16002023986829372
215	587	0.1934145831311772
215	869	0.14650008616949303
220	551	0.10204344573061978
220	560	0.12454135886727435
221	829	0.10153558626510417
229	775	0.3614622112850664
229	777	0.10706439579512106
231	454	0.1365927484165119
231	482	0.11182866019319236
232	590	0.12016848401307598
234	503	0.10813343573388073
235	668	0.12841033297849674
235	676	0.10347160720559537
235	813	0.11018284413820363
235	816	0.10530425779784292
236	322	0.13997403460256233
237	834	0.255247882097368
238	322	0.10795850656699786
243	865	0.13126075889860722
244	494	0.14995728667526945
244	647	0.10835782522162009
244	696	0.1416413628946697
245	364	0.11181083299145651
245	431	0.1951948407195658
245	616	0.14885162127027
246	266	0.1152481073209531
246	283	0.14407741588179446
246	321	0.1387523497358837
247	868	0.14638639504538117
249	251	0.13100391349902643
249	563	0.1018474356928411
249	845	0.10314329294563522
251	253	0.11946784685914932
255	561	0.11540617841874073
255	587	0.1250133419787537
257	834	0.11009340399345938
258	590	0.10149248021009943
258	833	0.10253897141512536
258	835	0.1816447767534378
260	582	0.10050514679991461
263	502	0.1753090323019245
265	493	0.19966416730646153
265	644	0.1151431983862097
265	651	0.15892346284841707
266	321	0.10337205960954057
267	538	0.313706642118195
268	272	0.11714620739144589
269	506	0.12684007480706905
270	273	0.12933385894125254
274	374	0.10304063834133316
278	507	0.16855828334398312
278	510	0.11257348095954138
278	557	0.11865092491707901
280	296	0.10938354455966313
280	300	0.20619195866313897
280	310	0.1029369645530473
280	397	0.10551770455723876
282	446	0.12340910131066657
282	492	0.10646889414507511
285	291	0.1032829785289259
287	293	0.10040045717212652
288	298	0.2471801124884449
288	657	0.11730379262420938
290	312	0.17296066371262736
293	306	0.10096416390100603
293	595	0.10708132794624224
293	609	0.11940338048076411
294	612	0.14047164341800156
296	371	0.1042141299801057
298	657	0.17683446165228606
302	635	0.1436465980414684
306	569	0.104049242327091
306	588	0.10093467890311734
308	580	0.12278281200762796
308	812	0.12974234869408047
309	541	0.11261275757022605
312	422	0.19762964777523875
316	772	0.12971436068936812
318	420	0.10343146108528291
318	646	0.12798934007315682
321	494	0.11447392129731852
322	770	0.141600537046192
324	877	0.11783645547662308
325	408	0.13685551053877004
325	411	0.2591962890028566
325	423	0.19375972858037588
325	753	0.18397470471713312
326	615	0.11823077042311385
328	815	0.10203179980982098
329	365	0.1343151503107824
329	371	0.12170292810426321
329	455	0.10493607043143056
329	528	0.24297907577388697
329	646	0.1403088339312758
329	656	0.10947405735399791
331	625	0.10545554726273658
331	698	0.1339733977222761
331	870	0.12476678417533212
333	657	0.14196491294664704
336	625	0.10370656007492876
339	803	0.20702568780304523
344	622	0.10799708955265043
344	775	0.10231905109531268
345	783	0.12502154365871154
346	454	0.1117869228319812
347	720	0.12536250739127416
353	588	0.11007135822878404
354	595	0.1650491823455727
354	709	0.12038815796071613
356	363	0.19282445433148218
356	818	0.11147641722385727
356	866	0.1213287005218889
357	362	0.19784052121788823
358	799	0.13700405133598395
359	362	0.1748709108984086
359	806	0.19339909055342977
360	363	0.20026860327514087
361	814	0.16971767299093055
365	455	0.11039924506387747
365	652	0.14106612715139064
365	656	0.10664222699107478
366	369	0.1790123598643194
366	373	0.1440058536701582
369	548	0.10400422759333448
371	450	0.1620800053050063
371	653	0.10836608309621977
372	705	0.11893921207285321
373	715	0.11567384634465963
375	453	0.1731581205860629
375	739	0.11268010853187178
376	543	0.13269391008763645
376	549	0.17275474209438538
378	499	0.2014657718074509
378	517	0.14930885577223518
378	552	0.1288326205263532
378	837	0.22699638156810778
378	866	0.2757303983224609
380	473	0.1302833076939134
380	543	0.10665060362541341
382	648	0.10065230714033008
388	467	0.1047861408771286
388	588	0.10712317119650276
390	581	0.10960932444860343
392	631	0.10558330502691214
392	659	0.11772505102142297
392	861	0.1409517209978523
394	734	0.1045025196939385
398	465	0.12394176178366145
398	680	0.10324376450674738
398	739	0.11436296703805171
401	591	0.11083201569504514
402	868	0.10508972881099723
403	759	0.10177139227508598
404	470	0.13145055244570528
404	841	0.17941686116943648
405	483	0.13986532134401633
405	486	0.1347429393283459
405	489	0.1341429875528783
406	457	0.18466196734650406
407	417	0.23700815689013016
407	824	0.10880242781566381
408	624	0.21104795421199088
408	751	0.14008921663274806
411	753	0.21096443791404168
412	496	0.11590845258395067
412	641	0.11719503233452955
414	520	0.10250202419490533
416	786	0.1135704876661665
417	429	0.13445571721149546
417	824	0.11736000395222132
418	516	0.1043459745944988
420	780	0.15158314815265428
421	446	0.1165338809519504
422	463	0.11207170669899885
423	624	0.14549569366596912
423	751	0.17078768359109384
423	753	0.10395170302084655
423	755	0.2721213661823631
424	630	0.18085894395362564
425	640	0.2879526290305691
425	642	0.1166230232883038
426	462	0.12257193501565214
427	754	0.10372763623134527
427	755	0.19153909054180068
428	519	0.36532668844156435
429	823	0.1757638949276688
430	523	0.1360511861476416
430	568	0.12118473358277511
430	822	0.2640290338806298
432	832	0.14873979588900343
433	439	0.11090520627111168
436	522	0.13959864594103438
436	799	0.19063021058347793
436	848	0.23898859577634657
436	866	0.10905876345780431
437	445	0.2517185491988271
439	445	0.13414764887635605
439	701	0.1688326530979848
439	798	0.11367972196930781
441	445	0.14914853196801495
441	447	0.11785408199849634
444	727	0.20102777573995728
445	713	0.13931966965153694
446	708	0.14782994234846428
447	713	0.194758169624751
448	848	0.10238061207386051
451	453	0.21810410983075407
451	654	0.16883720486005133
451	655	0.1778272503604091
452	523	0.1532330899720011
453	655	0.10993965449358012
454	482	0.2376087600065189
454	498	0.1292733458600422
454	505	0.10599549450648015
454	675	0.12462833062258123
455	653	0.15089816990369026
455	655	0.11876408240017693
457	490	0.11566376040239197
458	547	0.12423348078395449
459	831	0.22674464170044445
460	461	0.3081503856297533
460	834	0.39601413019461995
460	835	0.14290546977209134
460	836	0.11218120136737554
461	834	0.10431336086027726
461	835	0.1625287283582852
462	541	0.10662665954467157
462	773	0.14253832575876513
469	621	0.16011905855065728
470	495	0.12033669126983786
472	860	0.10436194964909766
474	495	0.14199144637952946
474	868	0.12862344419830654
475	734	0.12376422136846832
476	480	0.18463796501287832
477	479	0.12642203280667505
482	487	0.1707580220974695
482	490	0.3080261539294786
482	501	0.11292055548701586
484	489	0.18077320022439655
484	678	0.11888507061816748
484	869	0.23838659980236712
485	489	0.17767011678320546
485	491	0.15998272637056493
485	750	0.10339508840033075
486	489	0.21563529193245118
486	869	0.37106768239058635
487	488	0.16886967936784927
487	500	0.12571159372045235
487	716	0.13261083137605273
489	869	0.24427502518901772
491	576	0.11881028982467665
493	537	0.18325702594655086
493	651	0.26199626091104433
498	500	0.20415067954164345
499	866	0.11767850105355544
501	669	0.10123212072993548
501	683	0.11866805906724341
503	753	0.1256732183322957
503	856	0.13550022874074136
504	850	0.1085926616396167
507	510	0.1620619096694843
508	660	0.10611580298039591
512	636	0.10720024939570202
515	870	0.10845365379209938
519	756	0.11103087935651666
522	830	0.19330293494850836
522	866	0.11409300403519755
523	576	0.1203151628996401
523	822	0.16402983334891594
528	696	0.15645516276148588
532	620	0.10963744503839726
537	633	0.1672009581020366
538	620	0.10373249733943377
539	616	0.2157183737074759
539	633	0.15450717169437925
539	644	0.10190261445150477
540	736	0.12095162984569235
540	805	0.1175846039195541
543	548	0.1813477506608935
543	550	0.12254250929834164
548	550	0.3102430609509618
548	764	0.1023193369791749
549	821	0.12118727469390567
552	555	0.1011427659843945
552	754	0.10041500234870679
555	872	0.1440304626453967
556	558	0.12263988895403796
558	865	0.1124457197603991
561	606	0.10194269190516993
564	677	0.11743090810171891
565	569	0.12183402279294707
566	569	0.15147504043125198
566	574	0.19815980358213775
567	568	0.13087203698748823
569	574	0.22518076713589041
570	576	0.25548269879346447
571	869	0.10494771326301815
573	823	0.10023631299774291
576	577	0.18657983084122234
576	580	0.23761013400419556
577	587	0.20393945345722128
581	864	0.13776196867916268
588	592	0.11930452067823986
588	593	0.10063116594165447
588	595	0.15864310304656973
588	674	0.11589815124811571
591	713	0.11582683389224467
592	713	0.10366247673138514
599	828	0.16211544416268617
600	603	0.20739543482686776
601	604	0.2324561642687304
603	644	0.10133000767388806
606	659	0.15311582776499535
616	633	0.2161697825497763
621	647	0.11096968053495736
624	751	0.1179240990512771
629	631	0.11326104287791186
630	862	0.10763164755172577
634	759	0.10129883792311903
640	642	0.1911285366877439
641	643	0.10609930029940715
645	844	0.23490984208582633
646	779	0.13378862765508304
646	847	0.30623906905267423
647	800	0.127065816034365
647	873	0.10479186748393146
648	718	0.11818466270610249
650	666	0.1152139152886876
652	655	0.14995368743562582
654	655	0.2951295536271744
659	846	0.10837782734066069
660	678	0.10627653059378332
661	667	0.10016913672554563
667	792	0.16414245006890665
668	676	0.25857560743422814
668	807	0.15176796735135592
669	682	0.20565111848512282
671	719	0.1122485495664932
676	813	0.12290520732446586
676	815	0.1422488039347083
691	694	0.18021278326922952
698	735	0.11228259315588061
699	710	0.14143685333171005
699	720	0.17132467588864556
699	727	0.10791574753674733
699	735	0.13867704509758055
700	730	0.1986383983987511
701	715	0.15062012751298787
702	730	0.2555463997775486
702	731	0.10984625410574694
703	711	0.17515005510667603
703	713	0.2202734217537197
703	715	0.16572744345018833
703	789	0.10316684226237163
704	716	0.11793772150431045
704	735	0.16509847962583457
706	784	0.11312352633590639
707	717	0.17866006781086577
707	724	0.4280941567387904
711	713	0.14613026253304362
716	727	0.3078496933494718
717	735	0.10638887305969082
724	727	0.12683406401437478
733	829	0.11185447997355642
750	752	0.17724695008904662
750	830	0.12897389178879348
751	753	0.12197617609666128
752	799	0.11324916639213137
752	879	0.12363479602074554
754	776	0.15734317942454487
754	818	0.10490897393895596
760	829	0.1134127419988773
761	858	0.11826104270658305
776	848	0.14419810817318884
779	847	0.10563796835714313
781	785	0.11005028947383916
785	794	0.18404397048602913
786	788	0.1013036707725764
788	797	0.2234193482669937
790	793	0.10257336827557609
792	797	0.21906379046693703
794	797	0.13782757213232927
795	819	0.13528572405482284
799	830	0.3226347320669429
801	804	0.2540292342301207
801	807	0.12137272853425055
801	816	0.1377878147352098
802	806	0.2661760852008122
804	808	0.16675415081151262
807	816	0.12744123376273353
808	815	0.1828420474661439
808	816	0.10114275174802081
810	825	0.11826543466889317
813	815	0.15941355368948493
813	816	0.2784197758599391
818	828	0.14742050923351013
818	830	0.14956496576373954
818	848	0.19524245145037514
821	826	0.1789981087851164
826	827	0.10212566422532254
828	842	0.12961093955234868
828	879	0.1637094013684296
830	848	0.31266316673277694
837	848	0.19190423915130722
837	866	0.20794903237599707
837	879	0.21796209013157516
842	879	0.23462099547004497
844	845	0.10247835309181211
855	856	0.14763937953394168
855	857	0.22408256218152228
858	860	0.3451353781366208
864	872	0.13680500192043513
872	879	0.4443257497667673
