0	279	0.14902630998716748
0	301	0.12476305891593209
0	666	0.10790421865681546
0	692	0.12620302481068937
1	19	0.10826784681114904
1	135	0.1030804802112364
1	562	0.11131186017443725
2	73	0.13925324228895006
2	206	0.11339018164468333
2	430	0.21124411919176544
2	452	0.26249243867708394
2	822	0.14947309867453037
3	54	0.35241882098056326
3	110	0.1120114400752548
3	425	0.46051389364384654
3	722	0.10358317676165288
4	22	0.11223511765378018
4	85	0.11638621934130598
4	97	0.179029052515263
4	503	0.14049522305085987
4	665	0.11934102709062533
5	341	0.10542192618987473
5	509	0.10805836263690291
5	513	0.12576074996685532
5	517	0.10312986472615607
5	562	0.10792946380514305
5	759	0.12029594082637275
5	819	0.10642491829274896
6	8	0.1173106074889435
6	72	0.10643868755117125
6	337	0.1498974986618119
7	165	0.10978096371804481
7	526	0.14161843795141638
7	811	0.1719122683593776
7	873	0.1061006844033554
8	309	0.11579167709387013
10	95	0.10519070642597113
11	70	0.4144601799441271
11	203	0.12270061355285719
11	215	0.14317208947094948
11	398	0.11706599314596547
11	822	0.18395916382385125
11	869	0.11247033436886708
12	678	0.10119837712099619
13	168	0.10917348686377461
13	314	0.10460135067612296
13	761	0.1651024366379042
14	35	0.10043667231646901
14	75	0.11159855502811791
14	131	0.11573831741125278
14	247	0.10081616724259634
14	475	0.12629724029908623
14	698	0.107845079398788
15	134	0.10276740816974198
15	598	0.24536698704165047
15	736	0.15239646669778242
16	717	0.17581011058322463
17	238	0.12036384905031199
17	513	0.13000383896607676
17	724	0.16612451528464048
18	46	0.12284072313610693
18	119	0.10116180564561045
18	139	0.1252575861873935
18	232	0.1185427897689509
18	257	0.11399345941717777
18	430	0.1011540945728898
18	452	0.18661547884618016
18	486	0.22985604335146242
18	489	0.11871605545099301
18	551	0.10086838851034617
18	869	0.12888643316604836
19	87	0.1289150813320827
19	131	0.10041937335731235
19	136	0.11016927955704214
19	392	0.10954211982446603
19	404	0.15845262010621325
19	476	0.13060652054970995
19	524	0.11451299479364682
19	559	0.12454214038880213
19	560	0.184000210853683
19	566	0.10544495232797083
19	621	0.17862172771485782
19	671	0.12509858471805033
19	701	0.14070591045293718
19	851	0.2147812788442108
20	249	0.10441398570301792
20	278	0.1075867313710461
20	286	0.10994221435751012
20	673	0.11395066381610738
21	165	0.10786805033718183
21	267	0.10254905634868015
21	402	0.12818713033435616
21	433	0.10230775842936358
21	759	0.10358831999787281
22	285	0.14697044505006743
22	503	0.11771587751543117
23	24	0.11829151427624676
23	159	0.12744346574184445
23	220	0.10543562532841713
23	285	0.10370590201161016
23	331	0.11606082351519229
23	433	0.10960727033704304
23	477	0.17003906268489305
23	530	0.10124454148284985
23	647	0.15458479044248324
23	716	0.11674022310153984
23	819	0.10108398076844098
23	825	0.10105468761503777
24	86	0.13124516313480908
24	479	0.14962868278216282
24	539	0.1042736539653064
24	651	0.10524037340156124
24	701	0.1421649418911637
25	42	0.10523057948845083
25	368	0.12465234364998101
25	520	0.32045526063374563
25	525	0.10103895989135495
25	649	0.1429590910768674
25	719	0.13741915828201887
26	33	0.10751238127532502
26	68	0.16229151654370685
26	387	0.27314382030370066
26	772	0.10018354929697541
27	341	0.10002847117755378
27	467	0.12593213401789913
27	829	0.10078524239193534
28	83	0.10647040974436166
28	223	0.10037867455690148
28	477	0.19098715879711445
28	479	0.10834242315314291
29	198	0.11921386181717498
29	473	0.16403398556314844
29	492	0.11719625946024184
29	838	0.15055808863749637
30	32	0.2263458514953118
30	372	0.1321732952954408
30	397	0.1104490806663539
30	767	0.10033068499295664
30	856	0.13942140441833198
31	356	0.10767083355435388
31	360	0.11530847935138652
31	499	0.15035962242914888
31	522	0.1015635533115172
31	552	0.10580541643288507
31	750	0.14689604444567572
31	779	0.17068754814720408
31	818	0.1591900257036017
31	830	0.21335136369522284
31	837	0.18707261279898357
31	848	0.23434499171513043
31	864	0.2520422428259218
31	879	0.4734171730770628
32	426	0.14683933051134876
32	551	0.11649374032276553
32	638	0.10322265982668147
32	640	0.12646878649699914
32	855	0.1484919230352326
33	39	0.16040895280991951
33	316	0.10197354348311123
33	517	0.11177085955136308
34	341	0.10639962508818868
34	395	0.10962811305598698
34	666	0.10784143297604583
35	131	0.2265786735896568
35	472	0.11123214903386154
35	621	0.14884265327208915
35	868	0.10102330893007025
35	871	0.1396607644252557
36	585	0.1262018352034572
36	790	0.1176824887130008
36	829	0.10734148961254401
36	860	0.13864518697268174
37	40	0.2221615946887376
37	214	0.14015147923796004
37	378	0.10278165546065532
37	398	0.10923965712158169
37	426	0.12336676782498972
37	754	0.1068970503508141
37	876	0.1000125972024702
38	39	0.26893674306726933
38	40	0.33004079534862546
38	378	0.2105630082662799
38	398	0.1562955704470783
39	436	0.1184440727377351
40	378	0.14271010708273227
40	436	0.11739170896674964
40	499	0.14201132126804236
40	605	0.13123738560899922
40	665	0.1270073470979865
40	879	0.11849587117314639
43	51	0.38284005846461233
43	798	0.14688749569022125
43	847	0.11321878397180939
45	309	0.11016219275137584
45	354	0.12002540135876191
45	593	0.16418642642500192
46	105	0.10321837514156927
46	186	0.10410287438150412
46	801	0.12198583642708655
47	98	0.17136986409609975
48	369	0.11986274229147381
48	380	0.14037880660744753
48	874	0.10766325394673305
49	147	0.10952116978224424
49	149	0.12284587827066279
49	733	0.13243353484869913
50	102	0.10407172716453716
50	114	0.10131894237360706
50	416	0.1837845399208516
50	417	0.2334137383476962
50	573	0.2321021869138455
50	764	0.12307605867803273
50	824	0.35024342110215084
51	97	0.1505063504559607
51	703	0.10189243710256293
51	713	0.10127332661466332
51	845	0.20023675706472377
52	712	0.15751319717046683
52	863	0.10516628065838832
53	82	0.10639972796551743
53	133	0.1313355758174731
53	157	0.2271799230942378
53	258	0.11075674361055564
53	291	0.10644834640211477
53	338	0.10868588069281607
53	424	0.3179387949447346
53	469	0.10479324073805688
53	503	0.11280164475935825
53	630	0.16181445330005306
53	677	0.10660389799827161
53	857	0.12945230194111482
53	862	0.18327284425605953
54	144	0.10058535096119384
54	269	0.14113622715652738
54	425	0.16848481325707065
54	484	0.10909213610012736
54	499	0.1024876427742404
54	551	0.15856949783016724
54	557	0.1024814102093615
54	558	0.11415977049723679
54	642	0.1785323614324073
54	722	0.10353499734246528
54	740	0.1605743481742175
54	762	0.10483818160285022
55	291	0.12502022572661942
55	346	0.13622965336250795
55	372	0.12790832233420638
55	435	0.10192829444332288
55	501	0.12854076703528922
55	669	0.10022537458393703
55	724	0.10732951658446445
55	750	0.12294852336475719
56	114	0.1365881562176962
56	374	0.13214676868909675
56	473	0.10590621737866304
56	544	0.24697435432692857
56	548	0.10057439156500082
56	846	0.12638463663827393
57	104	0.11529438007290434
57	397	0.10606464716357838
57	552	0.11239355737292718
57	599	0.1340997303194781
57	715	0.11510389786121365
57	750	0.12174220676990193
58	465	0.1362002309995935
58	782	0.10522778333947252
58	817	0.1151119549917678
59	210	0.10788212638361938
60	91	0.12159182697298355
60	143	0.26121545606833996
60	553	0.1264847366556769
61	449	0.10998963407528992
61	839	0.10423798665147702
63	67	0.2294993549075601
68	71	0.16700751618694218
68	286	0.10928022573144085
68	386	0.11607192424363917
68	412	0.10282625426842897
68	576	0.10780833424375054
68	611	0.1274335937739013
69	163	0.12451074289345876
69	335	0.11777325101842098
69	377	0.13182001916341424
69	588	0.11634915914539852
69	840	0.10375167896206261
70	73	0.14008861552565077
70	116	0.14165073724300797
70	203	0.17464921571007422
70	292	0.1051673714366788
70	308	0.11104979178975355
70	398	0.10782508623193789
70	430	0.3421003758674973
70	462	0.24427708362944212
70	466	0.10126465167588332
70	523	0.15233257613277745
70	568	0.15686406363102542
70	577	0.11530286276098355
70	587	0.10232766969892572
70	713	0.11772750408699095
70	822	0.3195894610333798
71	298	0.1008835610662569
71	433	0.16618076851344504
71	515	0.1014732833468732
71	587	0.10323311085348079
71	664	0.10312573844045038
71	686	0.10039975822616334
71	715	0.139407533334477
72	323	0.11100370363134333
72	426	0.11193289038269448
72	693	0.10647977298782992
73	117	0.10665849021551305
73	430	0.13018847682248255
73	452	0.4036322740312032
73	711	0.16811660963755343
73	723	0.10421390332011952
73	822	0.24237244241631217
74	95	0.12727794197292677
74	149	0.14726995451264163
74	292	0.1018703839249251
74	302	0.10890933565799717
74	393	0.11544300710817343
74	401	0.12741024555999136
74	588	0.16202801544938972
74	600	0.107674321012809
74	634	0.10820021130481917
74	733	0.1917175340462271
74	760	0.15123023200565144
74	762	0.2800114699059579
74	772	0.10231353867693115
74	846	0.11269474287773727
75	161	0.11393539672380003
75	441	0.10681163809403965
75	791	0.12849363560462132
76	376	0.12943501201687058
76	502	0.10190272931077937
76	604	0.11680344984690569
77	874	0.1448719966605022
78	80	0.25177519266883547
78	134	0.12380653268212653
78	218	0.10680396369659625
78	355	0.12185075711547128
78	401	0.13140099606174513
78	666	0.1013594570999178
78	829	0.12211020402192915
79	245	0.1019113987509801
79	265	0.18262479137758675
79	533	0.1039641872600054
79	651	0.30054489974131976
79	697	0.11491931755779623
79	840	0.10792335412719832
79	871	0.1122300857743894
80	317	0.14090956210523173
80	400	0.10473305677960393
80	409	0.12473041743581822
80	422	0.10070003922588212
81	137	0.12025151085003188
81	600	0.12138937483589834
81	618	0.13360785120982036
82	490	0.18494566870135398
82	669	0.14610593062616078
82	716	0.11073136820192932
82	862	0.10488332907148033
83	104	0.10600311903354738
83	164	0.14351488232257256
83	308	0.11176430620407309
83	343	0.10672829262736423
83	431	0.10174448440186996
83	610	0.10313964765330748
83	781	0.10422960393000481
84	104	0.14775857610141427
84	290	0.10960859510118427
84	521	0.13312177662228383
84	613	0.1316686261046348
84	693	0.17286203666920433
85	255	0.21812569667836587
85	610	0.10698629960323414
85	693	0.1422949229197302
85	789	0.13927676149028384
86	91	0.1346940296524192
86	236	0.1823129197369703
86	512	0.11172501400497963
86	615	0.17155569481319735
86	620	0.10108509255774283
86	634	0.1204853669110952
86	865	0.11042008712439745
87	532	0.10113010441178553
87	588	0.1094003237732764
87	716	0.1050616487841344
88	90	0.22255158102772518
88	752	0.11904974735747084
89	325	0.4034773625022632
89	342	0.12062271579226762
89	427	0.3790029872939922
89	503	0.1257946506106503
89	595	0.1098177916757159
89	624	0.1729543095707139
89	682	0.16311659991489752
89	751	0.28442881676933746
89	752	0.17790947669655885
89	755	0.17994347667216498
89	778	0.13109935853387017
91	143	0.10085466962434232
91	513	0.10614425038522617
91	741	0.1269522447955277
92	94	0.14628940474870672
92	408	0.2098453188177421
92	411	0.22966663895498624
92	427	0.2151190869205315
92	680	0.16204430755953522
92	751	0.19882071869498463
92	752	0.11812952903496442
92	753	0.22196993567985543
93	111	0.12469672183859294
93	177	0.14004708761637014
93	257	0.10351621112599901
93	262	0.15743511522908815
93	668	0.11319746702081619
93	752	0.1104432386360779
93	833	0.1423794977316594
94	263	0.11071421064992121
94	325	0.13215393592202923
94	333	0.10875864380907661
94	423	0.11951737115363119
94	599	0.14214950294955453
94	624	0.161750056689786
94	657	0.10412308608508489
94	778	0.14125739685371316
95	107	0.12710385584679817
95	122	0.10717355939693199
95	327	0.11293753612147941
95	350	0.1287980771851873
95	385	0.12283626864983557
95	588	0.16837109079598359
95	673	0.10657253956666568
95	865	0.10580026910118034
96	99	0.1094358516840235
96	109	0.10000988953602859
97	630	0.1130612872593351
98	139	0.22202876782698552
99	115	0.12320915601710487
99	272	0.13597916464093388
99	326	0.10719833109289358
99	476	0.11404038232174175
99	698	0.13123213204774106
99	825	0.11911391173738957
100	112	0.16789103684269252
100	245	0.13587046035802194
100	342	0.12090582956352573
100	349	0.12611297267596477
101	630	0.11503820161571006
102	608	0.13493441859642907
102	764	0.15168519479081433
102	766	0.15179112146879567
103	414	0.10872260817204836
103	620	0.12860804307641163
103	868	0.10148725715430212
104	262	0.11288311276744084
104	289	0.11214072380665485
104	693	0.15364929425844767
105	766	0.16191933861682792
106	742	0.13127831229423034
107	125	0.15306433729317293
107	851	0.10471110340320754
107	857	0.1383422577212697
108	766	0.35688322902769
109	115	0.10261723359469226
109	268	0.14376717681070256
109	281	0.12340603851597089
109	618	0.12161822767769312
110	311	0.14440883820629172
110	738	0.10593778315644747
111	151	0.10146100796871921
111	237	0.10368309280090227
111	257	0.13788159440526143
111	262	0.14642793492380987
111	571	0.10007437180421225
112	115	0.1264829964172451
113	174	0.10136349118112913
113	255	0.11780138534270751
113	570	0.12282700294821684
113	601	0.1043809758417942
114	527	0.10428389877538735
114	550	0.12662263355448938
115	281	0.11268739652211211
115	524	0.10121881940430047
116	192	0.11093339897287244
116	292	0.1841830589384193
116	426	0.115234870044277
116	523	0.1025020794987663
116	672	0.19239877806919323
116	706	0.135430327087759
116	760	0.10675669622180343
116	771	0.10909310277958752
116	773	0.1031318944609694
117	533	0.11430575053385074
117	672	0.14069704186076032
118	158	0.15772850306934966
118	167	0.15199277447024956
118	846	0.10129119532566647
119	150	0.12688489108243942
119	761	0.1122147715477532
119	765	0.1775741500147803
120	158	0.559294478111914
120	756	0.11665431070813943
120	846	0.15808317768932537
121	210	0.12266099444876978
122	553	0.12884490595952522
123	252	0.16792263071143396
123	681	0.1351914094658109
124	284	0.1350205620793629
124	551	0.14527874828992957
125	476	0.11665512841015462
125	532	0.28347851513794464
125	746	0.10914096965196618
126	128	0.11332514796878938
126	564	0.1680037228669198
126	675	0.10639550966332853
126	804	0.2562960379887147
127	801	0.10361864660628389
127	808	0.14117939621070666
127	815	0.21672728281729095
127	816	0.12325749066580673
128	328	0.20486335944476158
128	330	0.11560129487996089
128	668	0.10724116761467158
128	807	0.16990170203266552
129	471	0.11465387688504287
129	647	0.10846769976678451
129	700	0.11396181147628996
130	507	0.10757952436999187
131	326	0.13398014676747957
131	404	0.10789643536884727
131	434	0.10355662239631017
131	474	0.11417828702593215
131	621	0.316987239654413
131	649	0.1003076649968706
131	701	0.1405226303513514
131	851	0.10707089282512953
132	261	0.10259886514485762
132	357	0.12204343786851164
132	390	0.1345253767428758
132	474	0.10494276979977953
132	562	0.11331951421568386
132	648	0.18487100850964538
132	693	0.1287610483369059
132	743	0.14060333444244283
133	154	0.10872102837163221
133	234	0.11053984618967543
133	283	0.11209821417168421
133	324	0.10736605110923858
133	630	0.13034876163658599
134	184	0.17220824679621802
134	238	0.11724508739648115
134	301	0.10107522559032474
134	315	0.11312348704524944
134	401	0.1547325075281451
134	512	0.10726068866846779
134	600	0.12622836319647893
134	694	0.1023422765261531
134	733	0.17037893158752418
134	763	0.15073133498449967
134	829	0.12154022094362454
134	865	0.10699684307339516
135	322	0.10089368854084217
135	418	0.10702699901426956
135	516	0.14519299245244274
135	565	0.1473640659991567
135	695	0.1218940915387309
135	759	0.20701698728115947
136	269	0.13834950910619329
136	610	0.10277151652971818
136	681	0.12840629921455993
136	868	0.13260547295968877
136	873	0.11661949494972879
137	477	0.11223498979029181
137	562	0.11769598902057626
137	641	0.1535628564446599
137	691	0.11332245307134095
138	213	0.12078987914914857
138	308	0.16386720416397743
138	588	0.1492379455361799
139	766	0.13504347250505194
140	282	0.10948195019875127
140	446	0.12207260331479472
140	469	0.17021235477034907
140	530	0.11059777843712405
140	535	0.11105531043253994
140	575	0.11107209428187237
140	621	0.11016466271153638
140	671	0.1287515600424714
140	700	0.13776916454418678
140	714	0.14231098760408212
140	757	0.10173311442721483
140	769	0.16827756322131865
140	802	0.13202502265537935
140	814	0.11006312984914857
140	841	0.12668100386929837
141	204	0.1085214380024782
141	480	0.11171201975356194
141	759	0.10081293873796122
141	768	0.12006133262878155
142	157	0.14288146543183733
142	184	0.1555269290194519
142	315	0.12241018140562905
142	410	0.13108501360144253
142	737	0.1135203796296175
142	743	0.1643615052887693
142	806	0.15013208623320798
142	814	0.10482538731988365
142	825	0.10052647343906022
143	163	0.10658335947151105
143	247	0.11746456882680087
143	289	0.1002997937551434
144	388	0.10109409689255917
144	425	0.10764574939703561
145	264	0.11454096838908989
145	388	0.1125913946272116
146	351	0.10025619094585432
146	352	0.10673490135361602
146	493	0.10325798828160043
146	695	0.12271176980198534
147	858	0.13093026724118423
148	260	0.13752553009640678
148	319	0.10513234085371821
149	198	0.12242196148249906
149	292	0.10325256898732497
149	404	0.12223208927051843
149	588	0.2041871331555386
149	760	0.10220298513663048
149	865	0.1109563522592774
150	571	0.12607460294113843
150	578	0.10554889350923254
150	598	0.10057423013679553
150	765	0.1584287337992989
151	313	0.11742990452256495
151	408	0.12603254016153673
151	420	0.11043916287890407
151	453	0.10126890275318592
151	500	0.11659507136467438
151	656	0.22214675959294083
151	739	0.1762385593185803
151	753	0.12306380151435246
151	761	0.11812097419572565
151	845	0.26517921600349315
152	350	0.12908760493072535
153	178	0.1384041862700782
153	543	0.23249808821573295
153	828	0.10697917550047935
154	411	0.11708701167077058
154	669	0.12548276123765695
154	682	0.15048847049306277
155	389	0.17008249910349535
155	514	0.1408135488114004
155	768	0.10814432804140889
156	210	0.11786735045836795
156	228	0.10079466441106896
156	240	0.11926335363034395
156	241	0.11087018754434959
156	402	0.10361081132138797
156	538	0.10367058649462373
156	625	0.10422361117088792
156	637	0.13578973106802292
156	698	0.14032729988401155
156	825	0.12736724218665146
157	315	0.16926447838465397
157	412	0.12793034334949732
157	424	0.26354300901942795
157	851	0.18209621815586866
157	858	0.11288979628786469
158	229	0.10227356572671825
158	396	0.15540485295821732
158	428	0.11398730957758517
158	626	0.11020245351738946
158	679	0.11927760260841043
159	225	0.11378552101347814
159	477	0.13426548803715355
159	632	0.10300240882020457
159	673	0.10109307363657592
159	831	0.11072345206861521
160	470	0.10148123745419699
160	516	0.10217480692464158
160	720	0.1035653068864021
160	728	0.10308571743331721
162	316	0.11735725331897269
162	345	0.1601495199139042
162	532	0.16172057137814688
163	185	0.11155924669463385
163	209	0.10696063230883376
163	316	0.11815193646431142
164	256	0.10648501464776695
164	423	0.11255790353574002
164	463	0.12056604442549279
164	509	0.10494278026477492
164	670	0.10812803416927406
164	745	0.10769112163348198
164	805	0.19059049773342993
164	857	0.1121295558907917
164	860	0.11095877451676452
166	360	0.14716405781913255
166	436	0.1561570354763029
166	541	0.1607958114872873
166	555	0.11734659067844495
166	723	0.10403255718154071
166	789	0.12032627030263778
167	598	0.10056228199450028
168	171	0.14031161273639334
168	209	0.13673098186283153
168	493	0.20210595606695292
168	509	0.10015191329413113
168	539	0.10300220580441108
168	633	0.1345007498214648
168	644	0.17211262127748087
168	787	0.13658068129574447
170	253	0.15290672646175532
170	418	0.1305400959854268
170	436	0.10350626327984228
170	516	0.10397839808795162
170	522	0.10881802096587866
170	556	0.12286848973219262
170	762	0.11893473492199153
170	811	0.10369480731065135
171	174	0.2596806349979789
171	176	0.4610421527335733
171	183	0.2681480292710191
171	256	0.11000835914514627
171	513	0.12413654642927156
171	740	0.101883441272371
172	174	0.1631914616824788
172	176	0.12798374332025442
172	183	0.11801489945099795
172	232	0.12338150722723294
172	257	0.13290272920902016
172	315	0.10717730012546818
172	397	0.16382985680659287
172	485	0.23558745934386055
172	489	0.11643064581796214
172	491	0.12025500454528884
172	599	0.11441855641950624
172	722	0.12115735394148795
172	869	0.18718368456694814
174	176	0.34592323817748505
174	180	0.2345462897807732
174	228	0.1538638149869158
175	178	0.14341097642217626
175	383	0.11210510432290251
175	520	0.12034287738138785
175	866	0.11200524318260825
176	183	0.18530996785699375
176	228	0.1282081940049164
176	288	0.11937555579462188
176	819	0.11322134044241376
177	178	0.25767389326712137
177	182	0.2446063372683751
177	274	0.10336462590059511
177	418	0.10868363619423534
177	548	0.17650279554270543
177	838	0.1896104825513802
178	182	0.14655711660891635
178	271	0.16066186415474046
178	374	0.1192322420087174
178	772	0.11236663963947291
179	180	0.20743497769198196
179	354	0.117424915908794
179	483	0.13003010005166088
179	486	0.12433111126303449
180	679	0.11428603267768532
181	251	0.10053971378048579
181	253	0.1584341679574151
181	650	0.10189429192747945
181	798	0.10553000712787484
182	542	0.12661445410589334
182	548	0.11590348493293678
182	549	0.10594518588299566
182	764	0.1115993189806447
183	232	0.10927485148171881
183	722	0.11735650357307936
184	315	0.10267864411207363
184	321	0.1021835154482381
184	401	0.14907533365666348
184	558	0.1071443675212247
184	733	0.11347400676973668
184	768	0.10306628918104953
185	625	0.16447137845735996
186	189	0.10387856708204259
186	266	0.12572500910180986
186	283	0.16492408630992952
186	469	0.11169030614545508
186	536	0.209023301303813
187	698	0.11438097634815321
188	456	0.10157581913310121
188	655	0.11382142471763117
188	722	0.10444074071729893
188	851	0.11659985429840262
188	862	0.13203248153337346
188	876	0.1097176321923816
189	208	0.150666058548667
189	373	0.11532999849149073
189	527	0.10748080073376008
189	550	0.10760454260688417
189	779	0.10710027595919007
190	291	0.11278298626869138
190	442	0.10457194914601245
190	572	0.1253802789626255
191	215	0.14790037041156034
191	445	0.12707235486817473
191	447	0.13348009739620206
191	604	0.14074439764042543
192	253	0.10285189330538451
192	400	0.12948405782228892
192	524	0.1003697909202338
192	556	0.10473563822624588
192	699	0.13520760562394823
192	716	0.11520031115460198
192	799	0.1143552343607514
193	318	0.17387398123788558
193	365	0.18353069134753452
193	392	0.10246109794638475
193	547	0.13860462020359587
193	654	0.13883600336489996
193	774	0.11530955698167687
193	863	0.14192757988866503
194	257	0.19704702548383915
194	308	0.10414143860627574
194	489	0.12596223075060156
194	588	0.12063529406832658
194	635	0.11573060902579084
194	722	0.20323845106660987
195	197	0.5012554824173111
195	452	0.10931838733943941
196	249	0.112849007471595
196	400	0.14139338462278253
196	497	0.12191954838214841
196	779	0.12958752179032793
196	822	0.14044803208824203
196	856	0.1787432891930264
196	857	0.11352022229812044
196	863	0.10277671477331088
197	427	0.1186260123614779
198	202	0.12695208973296632
198	207	0.307221890062676
198	462	0.11768599716589959
198	732	0.1183153683329348
198	841	0.1045168770028657
199	463	0.10424774022692593
199	628	0.15202739106928975
199	780	0.10852754926907059
199	876	0.14654711258255051
200	204	0.44518027549927686
200	208	0.19074738354049195
200	263	0.12245370157314284
200	582	0.10294920078722927
200	680	0.17879988795316995
200	780	0.1096385406707974
200	846	0.1039686745991884
201	420	0.11016103261455312
202	381	0.1282976794037204
202	554	0.1295564787603141
202	618	0.11250064857154349
202	641	0.16251386713200341
202	704	0.1139106312049123
202	735	0.10008267126669312
202	844	0.10048887282942079
203	214	0.11815628504099782
203	315	0.10823803187417394
203	430	0.11961155433939466
203	455	0.1084713924326845
203	491	0.10304802059689604
203	523	0.14281559352690862
203	672	0.10165450278172965
203	734	0.12658238792422996
203	761	0.1010720192078373
203	780	0.12794738120666388
204	208	0.3580884212304647
204	225	0.12235567528256026
204	263	0.1618216206313372
204	529	0.13197406523552319
205	303	0.14077768916009822
205	371	0.1787147316155052
205	458	0.22995415041941833
205	654	0.13782610436140802
205	655	0.11348838847406824
205	847	0.10854667726017411
206	263	0.1379435292817334
207	459	0.10561344987901589
207	498	0.14804180763737024
208	263	0.1445319494057461
208	373	0.11352792770892088
208	402	0.1022632363122059
208	502	0.15441256920844945
208	547	0.1066954195476962
209	243	0.11474534095832957
210	517	0.11115331216079742
210	870	0.10109282106163447
211	226	0.10935493287396295
211	475	0.10802276801785994
211	615	0.12151964399008783
211	694	0.1379480473689685
211	701	0.11595542211518699
211	767	0.10302924717475562
212	216	0.11956515766624655
212	244	0.17766555685723628
212	635	0.11436045606315072
213	216	0.11339873637599208
213	510	0.29642251017945975
213	715	0.10039247151396687
214	215	0.10183254778931065
214	430	0.10288368482727417
214	491	0.27196162608969937
214	580	0.10427987721815803
214	672	0.15230505683986115
215	255	0.16940212532954083
215	309	0.1101616670572827
215	471	0.14116488652084264
215	483	0.24424011042562327
215	491	0.19647661777355674
215	570	0.1204701477401446
215	869	0.11475835741120485
216	266	0.1261734361389593
216	357	0.12858841994095205
216	494	0.311736341757519
216	579	0.1139630934788779
217	304	0.10204562033353475
218	319	0.10458035041288057
219	351	0.17952047844287
219	497	0.13335765590597218
220	551	0.11646155668641288
220	621	0.12376162324035259
220	629	0.13162561508950313
220	705	0.1361036391958527
220	708	0.14724550388874305
220	749	0.15106196549575426
220	841	0.12599030271510292
221	320	0.1301056284455441
221	516	0.10500859634030718
222	260	0.13498142416213657
222	472	0.10551439751873502
223	598	0.10696081374194666
223	873	0.11013872232806642
224	744	0.1475157897155578
225	382	0.1161859352724597
226	334	0.11908677810946808
227	315	0.12248866676561737
228	302	0.11274430523846436
229	338	0.11247201632288543
229	440	0.11019954771075563
229	629	0.1595503977545113
230	805	0.14742027184343456
231	506	0.13270150934896027
231	659	0.12636675253596558
231	682	0.2309515304935016
231	686	0.14787802838119737
232	310	0.10428000721191523
232	319	0.12113209966908885
232	348	0.12368668063514797
232	485	0.12263694698824011
232	489	0.12651599114946802
232	726	0.15949906310908737
232	826	0.1394305195240745
232	857	0.1324341255308915
232	869	0.17563016808658888
233	319	0.1027392830877981
233	535	0.12508064813806172
233	540	0.1067328193763993
235	564	0.3117733169880543
235	676	0.10800968671827633
235	807	0.11451451322654523
235	816	0.11856129510135284
236	459	0.1350076813951991
236	512	0.10538636059925399
236	679	0.14310822122491096
237	461	0.16759229397421624
237	834	0.2802315685949922
237	835	0.10653290089829041
238	247	0.17755003252606075
238	477	0.10699179721336134
238	481	0.17862738307780995
238	538	0.13693694401169287
238	557	0.10246405618084022
238	600	0.12333593558885651
238	642	0.16943166938463247
238	740	0.13705435438150132
238	841	0.11510096744093799
238	868	0.12905319983985403
240	449	0.13749873830386947
240	637	0.13831755752951722
241	247	0.10609572227174009
241	470	0.12293709992817059
241	538	0.12750594693823203
241	638	0.11622742841708693
241	727	0.11051728510794433
242	254	0.11427253398993145
242	516	0.12951828667149876
243	378	0.10343335895843364
243	554	0.20028323330471362
243	666	0.10024718763972831
244	560	0.10916664695214667
244	566	0.12421264800114648
244	579	0.11039760083588684
245	352	0.10033783006287382
245	431	0.12703133388966162
245	493	0.27086882246845123
245	651	0.2909115235386931
245	843	0.10983430354949743
246	321	0.18323561539781327
246	492	0.14937122390132243
246	529	0.10328698645198238
247	323	0.12485348955023182
247	342	0.16365020159616814
247	481	0.10675655508831797
247	495	0.38294361165975704
247	516	0.1395377453784123
247	538	0.13046642980504494
247	640	0.11450071784260776
247	841	0.10064529127384234
247	868	0.12350471044248001
248	520	0.10356979027824419
248	532	0.10618275116575066
248	858	0.1213891970789261
249	253	0.43018798148664744
249	289	0.10710428871370871
249	373	0.10975227281835921
249	425	0.10344740967597052
249	439	0.1591179614088343
249	449	0.10128811783348875
249	774	0.10205061078524777
251	253	0.2220758024080074
251	541	0.15340072526593565
251	562	0.11377547110799416
251	570	0.17365529866621776
251	638	0.11826205701767381
251	704	0.10254158535825901
251	822	0.11711769965256057
252	685	0.10722711123030718
252	831	0.1360097901795137
252	832	0.15933818095763372
252	867	0.117708279663367
253	709	0.12052448052587407
253	780	0.10213093070888497
254	410	0.1253450439322685
254	796	0.1094888432272474
255	359	0.12802531411767662
255	405	0.11108559623431649
255	420	0.17658610577047884
255	483	0.12006239421362422
255	598	0.10211732094434559
255	629	0.1017928119891198
255	788	0.10868135683342595
255	797	0.1452469774287471
256	338	0.13198908625687453
256	388	0.2199711975354619
256	400	0.10916473504924999
256	472	0.11141252046282063
256	860	0.10196120434874731
256	867	0.10873967652656256
257	424	0.16032862177309906
257	722	0.17729900078042873
257	833	0.13776790044583634
257	869	0.10324457290283766
258	338	0.12685725216456428
258	862	0.16240734388292774
259	539	0.1379402767336834
259	871	0.10825971590953745
260	585	0.12642100644902887
262	503	0.12869656571264546
262	510	0.12152157431167575
262	693	0.15232068640176605
262	751	0.10243684840410151
263	274	0.12009020386771932
263	547	0.12207564454487267
263	692	0.12759053517326896
264	278	0.10485181277571595
264	340	0.10093844722914315
264	388	0.10708138148193938
264	536	0.4122664838397183
264	806	0.13089914781835058
264	814	0.12852113268450954
265	537	0.17224098981317681
265	539	0.1785032283170822
265	760	0.11274817645572426
266	283	0.10834677780235216
266	340	0.1245441829172844
266	536	0.15281174238808543
267	316	0.10724670915365603
267	349	0.1689134088811211
267	472	0.10982113119472836
267	538	0.15238037592916553
267	539	0.10005869066832239
268	274	0.11548850976557534
268	402	0.1276935097136859
268	418	0.11492348964334788
268	470	0.10354643511881788
268	870	0.10801400379114734
269	270	0.26013699547415414
269	273	0.1015539908663403
270	506	0.10638511950924946
271	369	0.13199807283352052
271	374	0.12311804592964143
271	543	0.1330994090292477
272	538	0.11158001624360504
273	406	0.10515418244727903
273	704	0.1270446995504768
273	738	0.10094368612387165
274	373	0.10270365093149908
274	418	0.188676262527748
274	547	0.18265493356715176
275	336	0.13607637643174536
275	562	0.12563412851641673
275	647	0.11047269222933549
275	705	0.10195902627735216
275	718	0.10673153567803283
276	817	0.14676799490116424
277	278	0.10552230121981647
277	292	0.1138225349665207
277	434	0.10517778083899089
277	642	0.1180980439989693
278	412	0.10463495612705034
278	470	0.10047742906626694
278	557	0.10691290923563387
278	673	0.15986082719492814
279	280	0.17982331031000034
279	315	0.1062880194056181
279	467	0.15277781497732718
279	768	0.11804962111166034
280	305	0.13590379980023073
280	310	0.1069319371757688
280	370	0.15829719736208742
281	563	0.1406595262254131
281	648	0.10780032510275124
281	825	0.15434479239584908
282	469	0.15162372406723254
282	492	0.12108014986208608
282	721	0.11569252712381115
283	612	0.10175772318527361
284	828	0.11055455336236818
285	295	0.17919046817567594
285	496	0.10901998177284554
286	301	0.10563137926674133
286	712	0.11581417034392051
287	293	0.20989469196059687
287	307	0.1215807979871116
287	593	0.11438881523616608
288	309	0.31118582981222914
288	540	0.18750336929582165
288	657	0.10799539048479248
288	729	0.10917019647357562
288	805	0.11480861853774778
289	524	0.16718985176855647
289	562	0.1564428880613779
289	698	0.14972308601305215
290	312	0.13567768096272587
290	422	0.19739329427256616
290	489	0.10519716490651305
290	672	0.15529434558054142
290	773	0.14723859173967183
291	372	0.11410785203786467
292	308	0.11630118426548722
292	312	0.23121819498227228
292	523	0.1383383868295814
293	307	0.11232916151783581
293	593	0.15638351485727847
293	706	0.14712941943787866
293	709	0.12004442378676575
293	713	0.12325541723418194
294	415	0.11112468176995487
294	609	0.14257098194277568
294	703	0.10863130061913093
295	454	0.13664139012398577
295	863	0.15436068220284374
296	310	0.28132298000052547
296	589	0.13302338835573282
296	594	0.19693489683797247
296	723	0.11639280068190044
297	680	0.10266749619482139
298	333	0.21621488659963317
298	384	0.13013241447974688
298	515	0.11283794352376718
298	587	0.10072284530239645
298	725	0.10258373453459392
299	443	0.10430774066520858
299	605	0.10216268410722487
299	711	0.1680045438963856
299	713	0.10751505225209831
300	310	0.26536869730801604
300	723	0.11541564826835149
300	726	0.11173578653302817
300	826	0.12128921468731499
301	308	0.10468785682548641
301	584	0.11934942756347289
301	643	0.10158985324934422
301	701	0.12934788945258655
301	733	0.11989129489035619
301	781	0.1527134694936512
302	635	0.10202599192783637
302	666	0.12447452475278879
302	685	0.11149467483218135
302	724	0.10955745235851365
303	646	0.14618529878832098
303	654	0.12815011272649143
303	847	0.19734149613518365
304	425	0.1035515352078278
305	722	0.13191971631062357
306	401	0.13212702060916157
306	591	0.10496719267482543
306	612	0.18864480959421362
308	315	0.10111241379336751
308	484	0.11475961093036832
308	491	0.10323743144793891
308	523	0.176255816673964
308	559	0.10082363291208668
308	577	0.11718510755786317
308	587	0.12734995543299735
308	635	0.11473889053208651
308	734	0.10684696828960778
308	869	0.11270063444556094
309	462	0.11406564379878942
309	789	0.2073161092637206
310	458	0.1341203020795599
310	594	0.23779652781894442
310	723	0.1317922465726199
310	826	0.10936197418563472
311	599	0.17643911117138217
311	693	0.11130316428345313
311	700	0.10377271628304566
311	708	0.1369944918339766
311	752	0.12546878165876943
311	754	0.1445352320325771
311	778	0.14158664516040526
312	422	0.15210923439227267
312	430	0.1327261589816548
312	521	0.18577412712572983
312	672	0.10256415468591129
312	678	0.12226471446503948
313	696	0.10978287868425606
314	687	0.14861257928674085
314	694	0.10114118263039963
315	489	0.10121640049568145
315	523	0.18132378545988156
315	556	0.13449064900422678
315	588	0.17674347271238233
315	858	0.11526427229776463
316	390	0.11421376932570144
316	785	0.10891362914573761
317	467	0.10715617544247115
317	644	0.12242763667358214
317	782	0.11490295851056062
318	653	0.10612141444586136
318	655	0.2391377053647292
319	610	0.12424239461863208
319	692	0.1232636777195025
319	859	0.10111994538005373
320	356	0.20138871350005233
320	729	0.1399704278824722
320	843	0.11013301342192429
321	489	0.10208840072134835
321	494	0.11303546737640542
321	730	0.11401198674659108
322	404	0.10432729597578512
322	459	0.18967316946861676
322	472	0.108763145621997
322	474	0.10315993558789407
322	513	0.13897715545961792
322	760	0.11025819944342882
323	504	0.1360837020390305
323	597	0.14781875893693583
323	742	0.1334137787032088
324	874	0.12405288130260117
325	423	0.1465895125090984
325	427	0.17474684774930369
325	593	0.10651339894330661
325	751	0.18266260929090677
325	752	0.12649684146212326
325	755	0.3928540339351356
326	615	0.13899720979707675
326	625	0.11265743510135415
326	637	0.10291811630231952
326	649	0.10775065076492873
326	796	0.1119801482522686
326	825	0.1062623501031034
326	851	0.11314271395494815
327	337	0.10274841082215284
327	467	0.10014946410140989
327	530	0.10127617034212633
328	330	0.11304099457449526
328	676	0.1661546112092112
328	677	0.1619560766842139
328	801	0.12662611797732293
328	807	0.15373009253716777
329	450	0.17377796416103997
329	455	0.24515516820503153
329	541	0.11898060975372496
329	646	0.12049787904289005
329	655	0.1217354168814628
329	739	0.1291787317431086
330	676	0.22410699752140775
330	816	0.21322979238895962
331	402	0.10189274787783391
331	476	0.13566378321098976
331	477	0.14392461047383626
331	524	0.16104302541040727
331	740	0.10128962393148007
332	427	0.12367778775715353
332	598	0.12827247070964515
332	610	0.10635969286829716
332	661	0.1369849033040484
332	744	0.10265035394392712
333	384	0.16469715096052157
333	540	0.12215999477977472
333	729	0.1330601585412943
334	341	0.11917239423929235
334	671	0.21919932751107327
334	770	0.1081658170655019
334	859	0.15997669364642386
334	861	0.1143987037993289
335	695	0.1060674010729063
335	771	0.14772147666566918
336	625	0.11438879677016933
338	749	0.1018337244042447
338	775	0.14357656743557448
338	835	0.10948239739726344
339	639	0.1691286240135349
341	467	0.22693222770412283
341	644	0.12670548975400947
341	670	0.17411458983125425
342	613	0.1016228437015653
343	518	0.12150170702341734
343	635	0.10041201360882454
343	672	0.10073406029060153
344	485	0.10859799365571704
344	486	0.11459648020036212
345	817	0.1097248760809083
346	348	0.1795596087837098
346	498	0.1533042599681057
346	590	0.14382289284411162
346	709	0.11960884976819029
346	717	0.1128125080187844
346	727	0.11637641746480377
346	773	0.12872156477997607
346	857	0.10016200172331426
347	660	0.142150362047504
347	682	0.13337866332218426
347	706	0.13407942984787138
347	709	0.12092834913792128
348	372	0.10105609812784198
348	500	0.1248076003480917
348	727	0.10216119074649123
348	856	0.15686435449082545
349	355	0.1742582983940803
349	368	0.1020537704406147
349	476	0.22295015293135897
349	478	0.14335422518044955
349	695	0.10025603664894117
352	355	0.12605448304546363
352	442	0.11605584283156743
352	493	0.11361809992862983
353	432	0.10646013941601615
354	443	0.1547594030279968
354	593	0.2835751544633662
354	709	0.18733725933860051
355	359	0.1175959267505303
356	358	0.18779601125380269
356	360	0.11937857036695199
356	363	0.2726622061543668
356	750	0.10166688622856236
356	818	0.14119539214737714
356	830	0.10392748215569049
357	359	0.3679398117492825
357	362	0.15092554205448
357	862	0.11596990285273949
358	360	0.5988223579714044
358	552	0.20848366084538478
358	599	0.1173770800484694
358	864	0.15434461019672893
359	361	0.5257022911237835
359	362	0.2031490531671732
359	420	0.12822451419105727
359	424	0.10487543097880367
359	621	0.11932105789526651
359	684	0.20283264680863175
360	552	0.15914244240046774
360	599	0.1345568794904294
360	750	0.11190672080681345
360	754	0.1735746362863099
360	778	0.18396031754238976
360	818	0.11063597738260658
361	362	0.5421840676313702
361	424	0.13187751694911037
361	684	0.11547118961170559
361	806	0.12265062036935212
361	856	0.113043724962923
362	379	0.1041508267752166
362	579	0.10621697801370578
362	806	0.16474708394366494
363	381	0.1273069588780331
363	517	0.16097783038338564
363	837	0.13052692980170721
364	633	0.14028914472119175
365	370	0.2738912683874955
365	375	0.39613925209922846
365	451	0.22467517071553347
365	628	0.13847380307962456
365	652	0.12666640133690868
365	654	0.2649818332229007
365	863	0.11183612172883381
366	369	0.143466546520124
366	636	0.1326562994837795
366	643	0.15128653953482757
367	385	0.10640740598603261
367	421	0.1535597585642694
367	722	0.12015297204054165
368	414	0.1508190990288265
368	520	0.1373069437443593
368	649	0.13287805494088667
368	732	0.10132178420312898
368	762	0.10621778799939886
369	430	0.10741427227120082
369	699	0.1575106446448263
369	703	0.14911759071875694
370	375	0.16913245040308392
370	451	0.28154577805094333
370	652	0.30802650999837744
370	654	0.11142494559095452
371	628	0.12722091085815065
371	652	0.1436545199068998
372	730	0.12611421596987354
372	738	0.1242716935640082
372	806	0.10342034330128315
372	814	0.12088407308681855
373	380	0.278989962852361
373	458	0.164182527659784
373	547	0.11816218805048101
373	788	0.10357100520631818
374	376	0.10237290296881947
374	543	0.10741391366030234
374	550	0.1120816425326407
375	451	0.2170058770472096
375	453	0.37817443684576496
375	541	0.10188421451864653
376	547	0.10404802076233026
376	764	0.1910150076025009
376	808	0.12352517833647626
377	384	0.1262195584503679
377	390	0.15371613344657759
377	647	0.11189513516875406
378	398	0.1290015498357838
378	436	0.19037418907797088
378	499	0.2550740664045199
378	555	0.1596549755126028
378	789	0.1009118263813579
378	866	0.15072496253784695
378	872	0.19897729553564028
378	879	0.3005933872367731
380	382	0.1068776762657035
380	715	0.1455328204293522
381	725	0.1328404876968093
382	527	0.1153229753672846
384	729	0.12116261367725513
385	481	0.134460176168168
385	557	0.10994220861137088
385	588	0.11945773031697583
385	683	0.11664167599219198
386	632	0.10135233380970653
387	520	0.11422616655928074
387	798	0.1018781103183239
388	769	0.1504005755286169
388	790	0.1033574572679046
389	571	0.10320853270502102
389	642	0.1427073829452189
389	729	0.10272598775255748
390	469	0.11182562754774983
390	617	0.1341373321129411
390	648	0.12424783649031913
390	696	0.15422396848143463
391	465	0.13530459755078525
392	428	0.11195207067520543
392	622	0.11548584470285943
392	671	0.11042979231298308
392	774	0.15042043650824
393	542	0.13467721500518215
393	651	0.10039380576979864
393	768	0.12387032437291773
393	782	0.10348054591492845
394	466	0.12069569106411428
394	557	0.12023885663900118
395	512	0.1059206659671569
397	599	0.12069293303544645
397	722	0.1245009945298015
397	726	0.10647241730852519
397	842	0.1289998283975734
398	596	0.11457889893592577
398	739	0.10627877038678131
398	822	0.20542529457133452
398	872	0.1271089812997037
400	524	0.11745859528274138
400	869	0.10502870228694465
401	447	0.10018664339122214
401	733	0.13240486250912578
401	763	0.16199570147640152
401	829	0.10073662955162228
401	841	0.1147716667656236
402	570	0.11420707882688996
402	841	0.14921262407319444
403	844	0.10555986035825282
403	875	0.11371165790080089
404	405	0.1405918874266863
404	621	0.11467707122148715
404	721	0.10423030824695706
404	851	0.11247622141583866
404	868	0.1378291897126908
405	483	0.1162611433526724
405	485	0.14661620036971684
405	511	0.16733472172619807
405	659	0.1172528014385468
406	457	0.12457788645831241
406	488	0.11553200273852016
406	506	0.25027370108716585
406	527	0.1084819106455451
406	704	0.16230765605092418
407	416	0.26927060624907073
407	419	0.24208685836044463
407	667	0.11404508801424036
407	792	0.1415540342965481
408	411	0.3369659722922803
408	739	0.13705062608906068
408	753	0.3671171714437868
408	776	0.11669293629734526
409	636	0.1031312422424719
410	412	0.19463936340589386
410	479	0.11015615747058823
410	633	0.10209329472376392
410	763	0.11188522316734875
411	465	0.1150732706312905
411	751	0.17952804771399966
412	477	0.11565807007026563
412	581	0.11599814416720716
412	630	0.11095555905489644
412	814	0.13161053647854973
414	639	0.11719203680593598
415	612	0.11248505925726152
416	417	0.17260582976319455
416	429	0.2723258372355492
416	788	0.11146441728471079
417	573	0.14333820803854916
417	824	0.27328907125949264
418	425	0.11986940589529999
418	516	0.11020214329172222
418	772	0.13427349957600096
418	798	0.1172965265027427
418	838	0.12669982705431693
419	429	0.27881004636819595
420	451	0.13241369090006574
420	656	0.1285919299597831
420	686	0.14114193137421058
420	779	0.1418183693968603
420	863	0.14668299958410935
421	558	0.13152546268396617
422	518	0.1516235919889639
422	521	0.10453985047397266
422	587	0.10712033390956446
422	709	0.1579024103692781
422	773	0.10246273123753027
423	591	0.10767727097460036
423	624	0.16938700739206408
423	750	0.10480528260969509
423	751	0.2578075215625369
423	753	0.24882542286130338
423	754	0.1265989459607221
423	755	0.18540961563272407
423	779	0.1121946297373557
424	586	0.11902607301740409
424	856	0.16649662453431724
424	857	0.11438379427839311
425	522	0.10395515299920487
425	556	0.1172774395769256
425	722	0.1518392342695924
425	725	0.11518396336371797
425	741	0.12192714964159672
425	830	0.10370816088569451
426	462	0.16233138124543722
426	463	0.11029894035676607
426	502	0.10032341766923379
426	660	0.2178574205753941
426	771	0.12295059873175453
426	857	0.11855108196041994
427	599	0.15564395861700267
427	624	0.461687558288854
427	755	0.31686235675058255
427	778	0.10785629405489071
427	805	0.12968605196424327
428	519	0.10868601643351669
428	756	0.13332477765308298
429	663	0.17167795909607453
430	452	0.17958381233518594
430	568	0.11610921849324661
430	822	0.14600899047980184
431	493	0.22765535108807947
431	616	0.4095359341937444
431	633	0.1869969808851404
431	651	0.3991970118210664
431	843	0.2032314468657747
433	437	0.11476709723536307
433	469	0.1180631412498773
434	474	0.15291581929544878
434	524	0.12221306651215678
434	698	0.19389987098315317
434	716	0.20647507913093263
434	735	0.17154041234945644
435	471	0.1474377601240041
436	499	0.32374435586870814
436	517	0.13082343068055022
436	546	0.172522088575455
436	555	0.1831613061190552
436	642	0.16612489111790824
436	778	0.10181636851597785
436	837	0.11595264105569297
437	439	0.14134290357266155
437	441	0.28334954915658533
437	444	0.12907102294636383
437	445	0.15566664844803824
437	447	0.16911360416233473
437	706	0.1380633884216513
437	715	0.13091206329614463
437	763	0.10705992752654583
438	443	0.34715927590779955
439	445	0.19848024539338502
439	698	0.10748553886274613
439	703	0.13148349807486487
439	709	0.18123407513259418
439	711	0.13580087759671935
439	715	0.11563242544639155
440	713	0.12625895116978197
441	444	0.1384736921279228
441	445	0.16407820220083083
441	638	0.1502644001517739
441	703	0.12040586859614888
442	530	0.10311536201446565
442	571	0.11256009348247191
443	572	0.10994841919535639
443	711	0.10288731522685428
444	720	0.11484492572262912
444	724	0.13686283153159837
444	735	0.14194391516104582
444	763	0.17064580065686324
445	447	0.5922326613525506
445	703	0.10919015943463095
445	713	0.14635316201873264
446	621	0.11243408091368307
446	700	0.5489907264845942
446	702	0.13974022520527601
446	708	0.1997969561403515
446	757	0.1153497786366264
446	841	0.13715444544519523
447	713	0.11687215461745476
448	750	0.12205015062046623
448	765	0.10357567211281436
449	790	0.15444937401742764
449	878	0.10323252137106503
450	451	0.10492838119138953
450	453	0.1124129857808771
450	455	0.4270554759453981
450	617	0.15254050125728952
451	453	0.15658146527428507
451	455	0.1257578325453657
451	652	0.2969803825678576
451	654	0.1577708670164671
452	523	0.1604375498996182
452	709	0.11489166051139142
452	735	0.10303392104708192
452	756	0.10226323453165663
453	528	0.2036987736777265
453	656	0.10763956016207168
454	457	0.3979884441223412
454	482	0.12245914376693746
454	490	0.1638152508093754
454	505	0.17457444469154984
454	675	0.10837534513896098
454	682	0.1345803853264905
455	655	0.11317645241851454
455	656	0.12513419137663478
456	668	0.11158846276591838
456	805	0.12662893356389232
457	498	0.1706719886594242
457	630	0.10661502600016823
457	704	0.12265024958700141
458	547	0.10186367378114969
458	630	0.11963635299533769
458	857	0.11842283093227653
459	513	0.10302720586328958
460	835	0.3456819108878607
461	834	0.12478375526034625
461	836	0.20837324333486199
462	541	0.11302847299336984
462	577	0.12513765462032908
462	619	0.10702718829113074
462	714	0.11977134436141035
462	822	0.14770310368236944
463	576	0.10404225449725632
463	773	0.12718787770636839
463	789	0.10799142925538666
467	775	0.11554212461041476
469	589	0.10421650343152858
469	621	0.12460589224433022
469	743	0.1054724019685324
470	516	0.12939949723332617
470	851	0.10839555427290626
472	474	0.1704589837696981
472	841	0.10903781748266564
472	860	0.1017201779284219
472	871	0.20094613349075255
473	544	0.15002179668962032
474	841	0.2885088860394301
475	539	0.10209094515132368
475	615	0.10669389033217691
475	625	0.11827505116392624
475	787	0.14982405571126717
476	478	0.11074692454889146
476	517	0.11358243475561258
476	524	0.1463175950356718
476	562	0.10233506097344582
476	701	0.15808615397479606
477	658	0.10333851016546258
477	819	0.15738573354496496
477	838	0.10638738198717101
477	873	0.14541267866803398
478	681	0.11455934312492554
479	679	0.12869415904917653
479	692	0.10828090369297479
480	565	0.1022836442822956
480	620	0.10256122429840792
480	638	0.11589610731639702
480	687	0.168909852540383
481	538	0.11373125944237622
481	725	0.10742896174463738
481	740	0.12507078662837778
481	868	0.2338655872206953
482	490	0.3518252988675547
482	500	0.14364469339940122
482	505	0.10790846177306691
482	855	0.17901422926197785
483	491	0.10730211320541139
483	570	0.1333452576859144
483	663	0.1096219940449786
483	678	0.1853781509608566
483	776	0.10445584249811943
483	852	0.11947301467775122
483	855	0.10100902944554548
484	577	0.14115796352822793
484	663	0.12063741648386221
484	754	0.13009854554151187
485	486	0.39383144024296024
485	511	0.20062666003079463
485	525	0.10162556278193188
485	552	0.10636372178681272
485	571	0.11288729672222182
485	576	0.13362013425066604
485	580	0.12332731699208506
485	660	0.10000173864720936
485	869	0.46332436503036367
486	491	0.12135527880820844
486	540	0.11812898397215922
486	552	0.1488638908243195
486	869	0.2024147283450966
487	498	0.19007054110203603
487	676	0.13508082841627328
487	707	0.11556075324378921
487	727	0.12456508377150048
488	500	0.3827578489707002
488	506	0.3114422436360062
488	720	0.11871029235109967
489	491	0.21001708281706813
489	571	0.14820316298164932
489	576	0.11570663163476241
489	748	0.10383734752641006
489	812	0.1114494929940248
489	858	0.10290082387490879
489	869	0.2521996597154237
490	505	0.13064867260451646
490	686	0.10898990604315587
491	511	0.19721858493633804
491	521	0.10826048801444012
491	659	0.11439168425917835
491	676	0.10799097311116032
491	869	0.3717229081240285
492	743	0.21940827468615814
492	838	0.2615897067997113
493	537	0.16328873508678582
493	632	0.12183363611458382
493	644	0.10570668388283516
494	575	0.11658424786226176
495	616	0.10276876798694402
495	619	0.1030054240010895
495	694	0.10855800266399318
496	769	0.13743975274340545
497	844	0.1111785332622166
499	517	0.17163929326229352
499	555	0.10318343333010112
499	830	0.10790794260936035
499	837	0.19518417904663665
500	749	0.11646703027477194
501	579	0.10179100983478573
501	686	0.114475022144533
501	724	0.11233926262858579
502	772	0.10755500118428697
503	660	0.21602472795758504
503	666	0.10580715605183716
503	693	0.12420474513123769
503	751	0.20299491653981447
503	857	0.10135360485024666
503	858	0.10872892089752241
504	597	0.12051576237025324
504	857	0.12278835710730973
505	506	0.29058612569405085
505	668	0.12033703201995519
505	720	0.14349001266509792
506	720	0.10272959298889033
507	738	0.10180597996395649
511	676	0.10429542921403619
511	699	0.11567332913407603
512	759	0.1248641604134808
513	517	0.10895811373589656
513	537	0.1037895272956518
513	557	0.10128652659356914
513	769	0.17141255699028346
513	817	0.11738062599602751
513	871	0.10767174205466941
514	634	0.10385336737989642
514	790	0.10151804988181466
515	664	0.10208646757205819
516	565	0.10594792002047812
516	858	0.11995052169526384
517	522	0.10049859680373928
517	562	0.1271993576270247
517	873	0.11231203599115233
519	756	0.1318882433691181
519	861	0.1513193645739921
520	581	0.11531016399481661
522	752	0.22660602927241094
522	799	0.2607553225312485
522	830	0.3614225137426277
522	837	0.10798394687685178
522	842	0.11075813088880127
522	848	0.29417118586857754
522	864	0.19367957053078685
522	866	0.378838060035567
522	872	0.17516736346380096
522	879	0.16358198207836808
523	576	0.11548331828003652
523	588	0.1120476049704636
523	734	0.12953210282692115
524	562	0.16928016116318895
524	621	0.12003004137677589
524	696	0.10256269160783343
524	701	0.12765069682930422
526	529	0.10451425767083726
526	760	0.11167049331898898
526	793	0.1069291888576378
526	873	0.12569498961913966
527	548	0.13746497525661505
527	550	0.11745109296285919
529	781	0.12369367714309046
530	535	0.44562270444121
530	700	0.11587972470032558
530	701	0.12877689743490778
531	534	0.35982765511391523
532	746	0.14649124183374806
533	649	0.1818362675333334
533	701	0.1046489460654592
536	762	0.102510373500521
536	802	0.1448568675541301
537	539	0.16170009300204147
538	633	0.10150743205832048
538	740	0.10818827194161003
538	838	0.1299889205580544
539	633	0.21117969456360236
539	871	0.14558733338424218
540	757	0.13064487535809277
540	805	0.14169039628014526
541	568	0.1155986049574559
541	646	0.10045231107612701
541	739	0.1886477718305903
541	845	0.1443734309834007
542	647	0.11278694002653
542	768	0.11980991888209076
543	550	0.3057400850722419
543	680	0.14750197234800227
543	684	0.10248987070273456
544	548	0.2665833101361067
544	749	0.11245315828561908
545	640	0.11216978622213068
545	657	0.10302418422413459
547	550	0.11954426104867917
548	549	0.17368402705762415
548	874	0.1431148957504525
548	877	0.14607173388783695
549	764	0.16303629962845098
549	813	0.1268044501993675
550	662	0.12487206119863238
550	846	0.13511863377841368
551	841	0.11517496996227475
551	868	0.10273141623972917
552	750	0.26394663834122906
552	752	0.10045560412766102
552	777	0.13266472541437752
552	778	0.15778692050758297
552	866	0.145002446675621
552	869	0.13876935574824567
553	868	0.12058325707457457
554	798	0.10395394148760707
555	828	0.10324448841606071
555	866	0.1291403635174537
556	762	0.10161044606482557
556	767	0.10660340317810998
557	642	0.1810203075690659
557	868	0.10940631818196211
558	679	0.10637044520605307
558	865	0.12295588454787647
559	591	0.10997752164165986
559	621	0.12668792022873376
559	734	0.2117817708210263
560	698	0.11049023915698068
560	851	0.11317771649036339
561	702	0.10647792515065918
562	810	0.14242796038745617
563	568	0.11501367021226436
563	570	0.18089666379910835
563	577	0.1540108565422497
563	580	0.3575589739278107
563	647	0.1578643680350331
563	825	0.1269137457201119
564	675	0.2506297357470815
565	574	0.15766542503527697
565	579	0.15124454481178096
565	585	0.21912782144958662
566	569	0.29582573538243656
566	575	0.12672633616956736
566	769	0.12221635037736073
567	580	0.13435151277877966
567	587	0.12359906421147127
568	672	0.12631581539537484
568	703	0.11035009600260406
568	822	0.10148819318568625
569	574	0.14340017209271894
569	575	0.2838094208628688
569	579	0.19472538418468655
570	580	0.20437943454976432
570	606	0.115640084670828
571	576	0.1753536150837725
571	604	0.11285123353628596
573	824	0.28362787285029734
574	575	0.1741864436475398
574	579	0.3088704459561147
575	757	0.11164064258933667
576	580	0.11803643972350886
576	631	0.12187120924344248
576	781	0.1231827141779488
577	580	0.1553341144013374
577	587	0.33707013083833837
577	601	0.10462808803974338
577	645	0.1011398490653141
577	647	0.10695430468877024
577	706	0.1050082322847402
577	729	0.16318711195272734
577	745	0.15133884995084107
579	684	0.11476200186344364
580	772	0.11478175815976104
581	806	0.10516525643149517
581	818	0.11365216084159871
584	620	0.12116713292959683
585	590	0.10217811511287192
586	835	0.13510481765433588
586	836	0.1534338336685352
586	866	0.12538436287545904
587	604	0.1317914752003692
587	729	0.10492982438182927
588	591	0.20467939882816064
588	595	0.16140301332697574
588	596	0.14900765498788926
588	635	0.1567136371301323
588	760	0.10781361719876575
589	594	0.13031724683616347
589	648	0.1271227617562118
589	812	0.12740867837512435
591	612	0.1277781279517032
591	703	0.1644926976105278
591	706	0.13035021251740825
591	715	0.1368867751066992
592	596	0.10402997940662144
592	789	0.1360442488165213
593	709	0.1456841558134766
593	745	0.10036415629393813
593	755	0.12442743188976749
593	861	0.12046055295318059
595	596	0.13190391071231822
595	682	0.14464201121099582
595	706	0.1275809863952869
595	709	0.10384976454000587
595	751	0.1274313661566481
596	609	0.16995738779836012
598	844	0.1016639282294886
599	730	0.12433367684476714
599	750	0.20304044954726586
599	752	0.25737515687911755
599	754	0.3482303659757791
599	776	0.11861917635221599
599	778	0.599601053348725
599	842	0.31303409504262786
599	869	0.11142172605440294
600	733	0.12490149127122527
601	605	0.24268885624100167
601	718	0.12766207698997312
603	644	0.11696188451469398
603	718	0.14735073154057188
604	646	0.11596724519686219
604	672	0.10337261856004623
604	714	0.11225607395401205
605	606	0.19088860085422416
605	659	0.12657412968880755
606	723	0.14285843125237185
606	738	0.1176595524276517
607	612	0.1407333292048222
607	617	0.1286076036521445
608	789	0.1074303494738802
609	804	0.11145090136573131
610	613	0.18151680505706627
614	743	0.11906459485843998
615	625	0.10434524745252816
615	627	0.10514994236739733
615	696	0.10213218472409936
616	633	0.18412200683184393
616	644	0.15109181025978777
616	651	0.31376327223694844
616	770	0.18341204399778557
616	843	0.14285364223683744
617	696	0.18165686138098713
619	703	0.10453068219829104
619	713	0.13534374437513091
620	623	0.10816546257006558
621	732	0.1353891320578753
621	841	0.11823563948772557
622	626	0.1285082071002858
622	777	0.1043533257755003
622	861	0.10864861232884866
623	705	0.11349798266917131
623	758	0.13184754489864906
623	781	0.11578828139645034
624	755	0.2108509246593383
625	637	0.1267352339357004
625	694	0.10421157431412327
625	746	0.11727952677774521
625	865	0.10327565739195436
626	777	0.10886977905310094
628	774	0.1450452212424661
629	643	0.12914631528806325
629	788	0.12811498621985093
630	668	0.10732674176277353
630	833	0.14618280337376344
630	857	0.14484717941026273
631	643	0.1167408768135057
631	788	0.11648680257974481
632	795	0.10697507411858456
634	760	0.1197486643713714
634	768	0.14069983961905255
634	865	0.1417935534265056
635	769	0.15068693023203936
636	679	0.1138256910195673
636	695	0.1261113089482976
636	761	0.10613649143408006
637	771	0.1005783037443824
638	700	0.11415850125006008
638	729	0.12580481167334875
641	709	0.10050217976767253
641	817	0.10413627005512409
642	718	0.12048032476427192
642	740	0.10214244930024836
643	695	0.12298493683920796
643	707	0.11214629823284356
643	710	0.14043465617426132
643	711	0.11314341907251652
644	806	0.10147407437889926
644	843	0.33696233164408235
645	647	0.10631979361833349
645	666	0.13955666039962647
645	719	0.13139984624005754
645	844	0.3310302418021011
645	867	0.13411137584081076
646	722	0.11075330509222701
646	779	0.1312364988034691
646	847	0.2117889646501367
647	737	0.10686397571512225
652	653	0.1843860171684628
652	654	0.30882187269936356
653	654	0.43374968084572674
653	655	0.18424279286887163
653	774	0.12387672001770482
654	655	0.15492544917457135
654	774	0.12061689294861445
655	656	0.2091341735591332
656	845	0.15442852992402653
657	729	0.1919168067138083
657	767	0.10573054230089872
657	822	0.12712761953357904
658	725	0.12616199638676404
659	738	0.11486129467801004
659	799	0.16340031012275605
659	828	0.10435483452304595
661	869	0.10944411358984188
663	667	0.2222323114288845
663	786	0.1374545437202378
664	812	0.13499997649665213
665	774	0.13397865623221267
665	855	0.17735613625215052
665	863	0.12481763874456366
667	788	0.14296462721207204
667	797	0.10855221955751271
669	682	0.23890889603999393
669	716	0.10395740726102255
671	770	0.15613564714870776
673	770	0.11145865412541797
674	679	0.16412788323508942
674	729	0.16521354351187023
675	813	0.11083611569505826
675	856	0.11875081493283506
676	816	0.2185315360513281
676	862	0.1297296093301276
677	801	0.1875121141455003
679	759	0.13345270391683486
680	683	0.15605593376134727
682	683	0.13102491777254185
687	829	0.10719156269428386
688	763	0.10758102608395081
689	803	0.10828721161158282
691	693	0.12093768969677884
691	860	0.10894715645997534
696	739	0.10487839125803945
697	759	0.15330638615150607
698	727	0.20119235504431443
700	702	0.12192766873516633
700	705	0.11384247189511022
700	708	0.1719767566016601
700	841	0.13090465071507257
701	711	0.191432624934517
701	784	0.10051675243365618
702	705	0.22776438025182552
702	708	0.44121670700607796
702	731	0.36957207195300307
703	706	0.19767049712970022
703	711	0.13002556030070217
703	712	0.2771487952173741
703	713	0.2958376700506363
703	715	0.3223451672839061
703	727	0.10183091536506973
704	707	0.1214661320893014
704	710	0.14581409407921264
704	717	0.16231868752483297
705	708	0.5821329732490109
705	731	0.1581188982960327
705	752	0.13308743771378861
705	830	0.10199555205863844
706	709	0.3545972588792335
706	713	0.18831416599642048
706	715	0.49362740318694726
706	786	0.10598162213698684
707	710	0.42607913041810636
707	717	0.2219671203683844
707	720	0.10886709611823378
707	727	0.24676252036958782
708	718	0.12087927284890473
708	731	0.12036136528684495
709	711	0.179629257925914
709	715	0.304249400108511
709	786	0.1095270165479565
709	851	0.11717708072192215
710	717	0.3389411917695363
710	724	0.22987020854709375
711	727	0.1081469682332245
711	794	0.1313619813371317
714	814	0.14790298777680966
715	863	0.14476110618530771
716	720	0.19446808604965793
716	735	0.11516112804424303
716	749	0.11362704540900162
717	727	0.14931512453326706
721	873	0.1274991455810243
722	869	0.10445977663267553
723	726	0.40978143334435463
723	856	0.1738420262958051
724	727	0.13606610840788913
724	763	0.2742607157746384
726	856	0.10712854002858434
727	735	0.15227416799309568
727	763	0.12971617347497463
729	785	0.10534736107163566
734	839	0.10762260819143697
734	851	0.13146203729321307
734	858	0.12282384908403214
737	825	0.12536273631596964
739	845	0.12119221269483864
740	838	0.10459122148491183
743	838	0.10126061760893645
745	829	0.11288392023157279
745	850	0.11060362156577097
748	811	0.10950889184008872
750	751	0.11765229354960635
750	754	0.35690243935677646
750	776	0.34150566343492395
750	818	0.22521495524815704
750	864	0.10986385145203033
752	778	0.24582639394921021
752	799	0.22820710690014126
752	828	0.1413791208393038
752	830	0.22355952963737183
752	837	0.1186107514510643
752	869	0.11663167241484776
753	755	0.16047825531074975
753	776	0.15168891453289254
754	776	0.25298238847583404
754	778	0.2917357593056439
754	842	0.13133380803236902
754	848	0.12457514441099801
754	879	0.2073324950164913
755	805	0.12783656607033073
758	781	0.26665597708720346
758	784	0.15516407394484552
758	788	0.11428566111883473
761	762	0.13450238212008417
761	811	0.12427299429236827
762	772	0.22227676189541923
763	829	0.13928268273911754
764	766	0.11042478439540353
764	824	0.12889431880000546
765	830	0.101663405150308
767	773	0.14775745378903385
768	769	0.11122747094188556
768	802	0.11627580188657936
769	803	0.18111348857357498
769	840	0.10067347880728907
771	772	0.10949058953307124
774	830	0.14823161857186468
774	848	0.12425405294280245
775	777	0.24699446327686586
775	872	0.10236826019278833
776	842	0.18202942774568232
778	842	0.14753672371650994
778	869	0.10344416266353433
779	879	0.13076924842746132
781	784	0.13837481632030418
782	798	0.11155310435935574
784	794	0.10269925057987436
785	792	0.13745198623067986
785	797	0.14508863395979543
787	790	0.12070933378057948
787	793	0.16417050870242847
799	818	0.10264294748844328
799	828	0.37256656198799676
799	848	0.12377089009276784
799	866	0.1297970456867013
800	838	0.1153811565240843
801	808	0.18627299385617824
802	803	0.12614642378525828
802	806	0.2741941704279832
802	814	0.21306967437382318
804	808	0.29633902349947394
806	814	0.4718229484736483
807	813	0.29436326341568786
807	815	0.10265706635530293
808	815	0.5483952029047822
813	815	0.2875074592197036
818	830	0.1466040407117583
820	826	0.1525058878082681
823	824	0.15351535425143853
828	830	0.10377015014157119
828	866	0.4140282581812219
830	837	0.25382931904375056
830	848	0.42539432288680235
830	872	0.33702399430972146
830	879	0.42642856403796814
833	834	0.2750400960893091
833	836	0.14151687206794536
834	835	0.17008585874065216
835	836	0.24720842578511068
837	872	0.2402396930020826
840	841	0.12631260858019777
840	868	0.12446039488804354
841	868	0.15131286982979433
842	866	0.33617965934674826
842	872	0.14309573519586993
848	872	0.23026069363793183
848	879	0.3809248217387082
851	856	0.1966415499454413
851	858	0.1098486912610726
855	860	0.10832828753942825
856	857	0.29721020788772917
856	858	0.10790387933172538
856	869	0.11220164908246544
857	860	0.15326965616731375
857	862	0.28204748470390084
858	862	0.1304592677426423
858	869	0.10357317817239511
864	866	0.3723198031174916
864	879	0.3317120204431007
866	872	0.12987351500828526
874	877	0.18240098213127576
