1	341	0.12696062442094916
3	54	0.13058249586198173
3	432	0.11571940933633995
3	642	0.15597130706626208
4	465	0.13801420152554494
6	474	0.11456538809223231
8	682	0.1610663991224112
11	18	0.10735403792611395
11	786	0.1124683005143473
11	822	0.11107036020539886
18	484	0.1464674502814341
18	556	0.10313018067160835
18	869	0.10541214327946075
22	165	0.11550144207053405
23	24	0.18879854007712438
23	28	0.20837407131763408
25	26	0.13161508093600544
25	71	0.10778087510977073
25	368	0.10390652688424185
26	68	0.15193565639900078
29	393	0.10428014960250344
29	418	0.10449730825906609
31	837	0.12152444973152872
32	378	0.10427025098448076
33	40	0.12512128306530135
35	409	0.10636462116124869
36	157	0.11627744513499366
37	38	0.17079280639960487
37	39	0.1863246666174512
37	40	0.278722656831519
37	360	0.1179588022591532
39	40	0.18416950898965956
43	51	0.17976784854691605
48	51	0.25771655536126536
48	847	0.10187811060377157
50	429	0.10232577552266293
50	786	0.11814097053878053
50	824	0.17198535339769142
53	424	0.24379333999704544
53	508	0.11044458597064662
54	642	0.1226193076590739
56	153	0.12753997850395446
60	86	0.12382864582770645
61	545	0.10467531772269159
63	64	0.1329461102892854
63	65	0.13001797477591587
63	66	0.11013043524205457
63	67	0.14476638154795501
70	822	0.12139079137091446
73	398	0.12397530121071934
73	523	0.16097650959601448
76	151	0.13203304649189854
76	263	0.12724276867799073
78	80	0.10050132389728986
78	144	0.1442360104955303
79	539	0.17146143645055562
79	651	0.1339889706167901
81	130	0.12460155404212216
81	621	0.11089595666215939
82	457	0.1628748935266166
82	487	0.16829008483190566
82	669	0.1071998327854059
84	693	0.11739138216912469
88	324	0.39933906809183306
89	423	0.3100502783307988
89	753	0.10273699741477231
91	236	0.11139459990175488
91	831	0.12542376300737734
92	408	0.22687401064267396
93	236	0.12801335076180395
93	733	0.1077006883337207
93	831	0.1124325477400377
93	835	0.12565555603705422
94	408	0.11160202213036396
94	427	0.12144628027644973
94	752	0.13510876603004396
97	503	0.11272242552339021
98	105	0.12318083922437006
100	539	0.11067855078658033
102	105	0.17229290095024727
105	139	0.11998522794031596
111	590	0.1568886749104311
114	764	0.25786363076547664
117	150	0.10039609139821226
117	452	0.12506128641116163
118	167	0.11269136514111128
119	852	0.1517972152675941
122	538	0.10283175909578007
123	211	0.10449465738383057
123	832	0.128659168743137
126	127	0.16438290742802403
128	804	0.10053338883314204
129	841	0.11486783352598455
131	282	0.10819948248735992
132	492	0.13082070046322622
132	692	0.12767335152391576
135	213	0.10182765056392733
135	247	0.11475712399302798
135	469	0.13515592990405623
138	141	0.1735097069153408
138	768	0.13464870884842975
139	823	0.13087056083692936
140	469	0.10026391951933818
141	342	0.10347589079885763
143	873	0.1000204030740458
145	298	0.12840002242500437
151	653	0.15176727640037502
151	779	0.12494290624983821
153	378	0.10042785801602776
153	842	0.1002488135754249
156	560	0.10441265405942657
162	163	0.11403664398956068
164	462	0.1112128513712888
168	431	0.10068295827506869
170	178	0.17312929534693253
170	393	0.13259651683376297
171	172	0.10716319384124659
171	174	0.11098810191181226
171	176	0.22509668617276724
172	176	0.13442738689005418
172	179	0.3503166900574657
172	586	0.11539771890710977
174	176	0.10894434368178607
174	679	0.10089023185475321
178	182	0.13177579097148712
179	180	0.21681266827134907
179	183	0.10365090504710435
179	232	0.13336827155359068
181	466	0.12167323643164184
184	239	0.10628190659750947
185	825	0.2244583065876984
186	246	0.13449047949652512
187	207	0.1129933473797811
188	196	0.14724833883119806
188	199	0.18618919338811712
188	203	0.20188226479375587
188	876	0.10025887843762465
189	204	0.18204553082564373
189	263	0.10796779074548216
189	544	0.10292826655182016
193	203	0.1024652985684252
194	258	0.20566432897725306
194	857	0.11885810569459541
195	197	0.155821570770423
195	201	0.21701489846130986
196	203	0.16878593580400503
197	206	0.1152507660559176
198	202	0.28647572130608695
199	203	0.19977022344459539
199	258	0.12076033297071642
199	862	0.114423473554135
199	876	0.12850579602311585
200	208	0.11509913281944516
200	846	0.125630867146552
201	206	0.2228924554286321
203	780	0.11377727331648511
204	208	0.1800869268481675
204	564	0.1055237537307639
205	303	0.1343409255507012
205	318	0.1656458256273107
205	420	0.10581725730755681
210	433	0.10894530333171829
211	213	0.14224028436130962
211	737	0.10625664482362487
214	471	0.10229624791117689
214	485	0.1518211132146125
214	570	0.13264272882445752
214	869	0.16444199690592043
216	492	0.10497294675287794
217	432	0.12780718446347125
218	227	0.13500064223329084
222	260	0.17138680925932354
222	708	0.10535675888095958
227	233	0.1332313590224803
230	598	0.14597299892417237
231	682	0.25103725576210467
231	683	0.10613038796485758
232	397	0.10156401501988244
235	564	0.16751692339984975
237	461	0.11148194921711613
237	834	0.3802716077890821
239	421	0.11129394251438869
242	474	0.11635827415543033
244	492	0.2179306085346866
245	431	0.22987698812624477
246	494	0.1427008303534908
247	282	0.12897460785924203
247	469	0.10307892535154577
247	481	0.13211513444151207
249	313	0.10016390700252316
255	559	0.12624863490174704
257	258	0.2017825935884148
262	859	0.10652304012585517
263	544	0.11473791619021477
264	266	0.10708668546602931
265	493	0.12066180381655915
265	537	0.244461340527736
269	270	0.20842225638147796
269	273	0.12460335071815219
270	829	0.11311748151450934
271	274	0.2089625141781797
271	373	0.1657459498129633
273	829	0.15433459991077927
274	373	0.10887209545415463
278	557	0.12407148096638407
280	305	0.11536952672277297
280	310	0.10264427019945313
282	492	0.10867874528902437
282	700	0.12873450283219737
288	298	0.18099270024773378
289	825	0.11770530281033308
290	312	0.10045980098681764
290	463	0.11249681565820971
290	767	0.1021734637113084
292	312	0.16369870059697333
300	821	0.13028878727553422
302	724	0.10533390819107614
305	821	0.17789350959507888
311	731	0.1051725543493882
314	478	0.15412712143410867
318	375	0.11125752107991746
318	655	0.10677985746948232
325	753	0.2877458005182736
325	755	0.23362870099918248
328	808	0.12069154365634288
329	450	0.12226087643671597
329	652	0.1450062338051034
329	656	0.29795734235038346
330	801	0.11891048762368622
330	816	0.13377055168625973
335	463	0.11342714374569951
346	347	0.2551378685214005
346	696	0.10451103654947305
346	699	0.10166354872248078
346	713	0.1096841647245747
346	717	0.1270568317542306
347	561	0.11042842992911125
349	351	0.1088847982305084
354	595	0.2021884674406577
354	596	0.1983945311355312
355	806	0.10900069116425953
356	378	0.10924111947198892
356	555	0.10227588237634923
357	372	0.12335733019878449
358	360	0.2956295515143856
358	363	0.21713541615133727
363	848	0.11086486056442534
363	864	0.10934050152305701
366	373	0.11886437420793533
369	373	0.1672488587886793
370	375	0.23353601273078106
372	708	0.10659909895762464
373	380	0.15252259473707871
373	735	0.12861491828825852
378	436	0.14378086489468364
378	842	0.2538139923545504
394	734	0.12360068972319782
403	760	0.11905248299722833
404	621	0.10495536244442899
405	869	0.10233999694191537
406	501	0.24474687046524826
406	506	0.14805142014635084
407	573	0.26811684496971744
407	667	0.13134124560008395
408	624	0.16604741617187072
408	753	0.10513146779107645
410	496	0.10233703833138058
411	624	0.1491911543314363
411	682	0.10193996196058694
411	755	0.15404287338677788
412	568	0.1030447513011419
415	612	0.21135316621301242
416	417	0.11669153135758453
416	823	0.11714524553396485
420	466	0.12040042044175432
420	654	0.10901766903022615
423	503	0.10289659696325325
424	630	0.24090122585375506
424	855	0.10262635782043217
425	556	0.16314604836809754
425	642	0.179832183853447
427	503	0.11081607558076427
427	751	0.1912084172448492
428	519	0.1274531508070121
429	663	0.10782001648274281
429	792	0.10846309678174333
431	477	0.13403038488216587
432	832	0.13628693457147772
433	439	0.1441908884075843
433	441	0.11127016759310084
433	703	0.14375891674940508
436	828	0.14316024188127874
436	848	0.13330266933642193
436	864	0.11988074070885364
436	866	0.24315411654847885
436	872	0.1703241244647786
437	709	0.10699445233300345
438	596	0.10231568987065255
439	441	0.22452770609700162
439	445	0.24567854768183708
439	701	0.10923252823978381
440	679	0.10711852239947404
441	445	0.1926982826177962
444	567	0.1318043765744645
444	735	0.1579663576685622
446	700	0.12290837676614957
446	705	0.11904697864727269
446	731	0.10976245614701723
447	703	0.10298352926150933
447	709	0.11413370993093598
451	455	0.20484503580498228
451	652	0.12419318347379295
451	863	0.13005823850425344
452	462	0.10142174946842292
452	523	0.41806640916923893
453	628	0.11580827891007786
453	656	0.20918896575168214
454	490	0.13416575801365235
455	652	0.10942389700089396
455	654	0.19486266532108645
457	500	0.20941452619221712
457	668	0.10331484046312826
459	770	0.13245049196650963
460	835	0.2754559508095489
460	836	0.1613835804543158
461	836	0.1564485192827394
463	850	0.11485001678290724
465	666	0.10495436931349844
471	587	0.10613623654509338
471	870	0.10120762734329583
473	845	0.11783217397466014
477	538	0.10808070498870619
481	721	0.16665317830366058
482	490	0.24780038859000697
482	500	0.1369557794325045
482	686	0.12958376895659404
483	489	0.2700386272300203
483	571	0.10920191719128612
483	726	0.10337775919009345
484	486	0.28495303553970064
484	491	0.16560008629130288
484	672	0.18042381289389653
485	489	0.19241308399827398
485	822	0.10086451416966637
485	869	0.21696298508690562
486	489	0.10292258936170692
487	506	0.10301311033813879
488	498	0.19181633813312343
488	676	0.11099343401019258
489	604	0.10097276797406567
489	869	0.1350387599498259
491	570	0.10948277193187472
491	672	0.14953454783976838
491	869	0.26225034586636237
493	651	0.17773258070920045
495	742	0.11256996294870468
499	522	0.16187358579398592
499	799	0.16252490697129604
500	501	0.11473707134563853
500	686	0.1050244168839523
501	506	0.27529941462351765
503	692	0.11992705370851019
506	667	0.10494356598740386
507	510	0.15394878303245202
520	533	0.1516104189724644
522	818	0.1951369424629297
522	830	0.17102842053040868
527	550	0.12294500023646629
529	705	0.12391864800391046
532	644	0.10125350600863567
535	714	0.10304576148134381
537	616	0.15946337091591017
537	633	0.2387186137504016
539	651	0.11654670017386559
543	548	0.24620785514939708
543	550	0.14491458395722043
547	846	0.1848242021449966
549	826	0.13437394696727617
550	680	0.11289871802632893
552	776	0.20772052700412613
556	772	0.10544286751858593
557	634	0.12969205955437826
559	647	0.10935784473816038
563	570	0.13122784981201968
563	580	0.17693157697329634
566	574	0.12041726051014912
567	587	0.10841012865278087
568	580	0.15863752056751196
569	574	0.10299149539355916
570	580	0.21553303041247507
573	824	0.16740490833902336
574	575	0.11387287284214066
577	580	0.17953151261960462
577	587	0.3277332764971583
588	596	0.15274179498859225
591	592	0.18553859440188816
592	593	0.37127444618579364
592	595	0.15499974863909516
593	595	0.14790669152762317
595	596	0.2121849717191928
599	778	0.3275720795288039
601	604	0.10587829084404081
601	812	0.10538631110969728
603	770	0.12262147230245747
622	861	0.11402761826055219
624	755	0.14659022305392852
626	631	0.1940236057981824
628	654	0.10019284309310103
630	836	0.11891336315988747
630	856	0.12483186465798193
634	865	0.15303883465211918
635	759	0.10195407058314608
645	844	0.15356488843421287
652	653	0.1382125975329192
652	656	0.27035136918772246
653	656	0.13816333293575503
654	656	0.13215042386123177
663	792	0.1741886549053724
667	797	0.1617368606184569
668	676	0.17889439281301098
668	804	0.17457023379457412
674	679	0.20088506952425303
675	676	0.14445209738189613
676	815	0.15632567637014827
678	812	0.10313239320283749
695	841	0.10660225967176103
703	706	0.1679108289735098
703	709	0.20175288522895446
706	712	0.11642256922236693
706	792	0.12259374765748504
707	710	0.22373689095625313
708	730	0.10895979398782693
708	731	0.10006599030252421
710	717	0.25651808673881565
711	715	0.11669655049290771
711	786	0.10875492724642043
713	786	0.10011289638371801
716	720	0.19168096190184813
716	724	0.13857402884487757
720	724	0.1118816373196211
724	727	0.19672102792192073
739	863	0.12220746217609794
750	755	0.10662824980873004
750	837	0.11021608413986174
752	776	0.15552860225047083
754	837	0.11671128640266437
758	781	0.16839853092264148
760	768	0.22004055146513588
760	771	0.10966712481513213
761	762	0.1606671816319242
767	771	0.22295727076662047
776	778	0.11131765108704204
782	793	0.21327695242754388
784	785	0.21146534985152537
786	788	0.1542788800414147
793	798	0.14014454719992145
799	837	0.10569409456181708
801	807	0.2190706466587968
801	816	0.25376559766185924
802	806	0.2826776676420025
804	816	0.3069216548525495
807	808	0.14636783877680623
818	828	0.24681537849841545
818	848	0.20448615530567615
828	830	0.17128755485378427
828	848	0.1434083451676362
828	866	0.16559673902544947
830	837	0.10787479706434469
834	836	0.12007180697705216
835	836	0.14846217613674104
842	848	0.1639131031948472
842	864	0.25197348724081736
855	857	0.1589986368252423
855	860	0.10343942547860153
856	862	0.14891718156441403
858	862	0.10179305658099974
864	866	0.19532865807618735
866	879	0.1293759283347624
874	877	0.23518536253701716
