0	465	0.1315207149077588
0	733	0.11109663697905092
1	27	0.11569998216388526
1	467	0.19790102178420352
3	167	0.10564802955918909
3	640	0.12898555128817515
3	642	0.1648500358276065
4	97	0.11835315040434752
5	350	0.10096412139642813
8	406	0.12565437285248335
11	203	0.1180126752309718
11	452	0.10247857889595655
16	720	0.10339340966514259
18	73	0.14061629896083908
18	196	0.13285035707465967
18	203	0.1405070611792266
18	258	0.12281768544475899
19	774	0.12095532192381155
21	106	0.1146846434494882
21	691	0.10030704544003949
21	762	0.11764722279459003
23	24	0.10719120930139713
23	115	0.12381329827780709
23	267	0.1008585787788988
23	382	0.1018757454808586
24	159	0.20755704880812387
25	26	0.13263135596864475
25	537	0.11350888690834718
26	71	0.1462287036506857
27	71	0.12255608840579746
30	638	0.12315296631061365
30	856	0.15111944032297697
30	857	0.12522929191446106
31	166	0.13675946343905096
31	378	0.19188413475579785
31	436	0.13614543208980043
31	522	0.36420902623705614
31	837	0.10143729641980592
31	848	0.21794838809888356
32	170	0.1022619641325233
36	53	0.1033694325983121
39	426	0.16370555101365522
41	399	0.11573638401974937
43	48	0.21249506136932023
43	51	0.13547148285010924
43	845	0.12245092424424725
44	192	0.10324794673393721
45	287	0.1375685507179302
49	718	0.11876657861235553
50	419	0.11036548843119817
50	429	0.15633541593298636
53	194	0.1217035218995739
54	640	0.13642571337667603
54	642	0.11588528170023639
55	346	0.17500276887640606
55	500	0.10934670918487392
55	501	0.10330117639901733
56	318	0.11676333727898638
56	374	0.15771018703250786
60	143	0.13557105306709605
61	320	0.1135608075373434
70	563	0.10013060789500894
73	462	0.10355747761908253
73	822	0.2887246630288018
78	343	0.1133695634196258
79	245	0.11666216825973802
79	431	0.13915558770431935
79	539	0.17915919296554098
79	651	0.22394688528423556
82	488	0.10258596676169832
86	247	0.10123794025804929
86	831	0.11036958926247048
87	323	0.1914924062505371
88	324	0.1219120214114977
89	92	0.13734872559773212
89	411	0.3558465236720192
89	753	0.3274102719100063
91	479	0.10276334059657813
92	408	0.15345280616864704
94	752	0.11416890495978033
94	753	0.11196617678648865
95	385	0.1109931024413612
99	109	0.11082698674709267
100	112	0.1267884985636984
100	644	0.11729748200445995
102	108	0.2261815953601007
104	116	0.1216990167353028
104	462	0.10096238512817032
105	108	0.10143814858036951
107	530	0.1063030443155898
114	549	0.10484647855857578
116	462	0.14867640593494783
126	127	0.24082922284565747
126	564	0.11290780717308899
126	801	0.1259386269424193
126	807	0.12304690665035241
126	815	0.15074009903920893
127	330	0.13621228665308413
128	676	0.10086534618429084
130	873	0.10951026866840527
131	481	0.1207620668769214
131	701	0.13199736439753817
131	839	0.22095219636483382
133	359	0.10192009104564449
135	140	0.1216348781397361
138	442	0.10580363952624625
139	766	0.1546629687069517
140	496	0.1289916255955881
140	803	0.11306708852103937
141	806	0.1120296737065748
142	469	0.11845773839652482
145	271	0.1056234730852464
147	697	0.11109774285146799
149	184	0.13242340897663485
151	528	0.12662949958002553
151	655	0.1464841786037205
151	656	0.13897392995930793
152	809	0.10844814427753681
153	550	0.10311337877735488
168	174	0.1218497900943775
170	378	0.11191103937988041
170	638	0.10920105669819108
170	875	0.12748765510266294
171	174	0.22581889214777792
171	176	0.16929365789919346
171	183	0.19559080583792435
172	179	0.19230246053280273
172	183	0.13456921568931357
172	486	0.1301312736550759
174	180	0.3419356818253971
174	183	0.10123725268087083
174	315	0.10045333200347331
176	180	0.14547376917514682
176	228	0.11321636738792705
176	722	0.10912837029614762
177	178	0.1193626402189271
177	182	0.24212933607358167
177	274	0.1365967788368225
178	182	0.15835774055307586
178	274	0.12640767335219713
179	180	0.23157323717205433
179	397	0.16126533033837928
184	212	0.11176289142637302
184	806	0.10611365013255887
186	361	0.10232287701071871
188	203	0.16516562510079316
188	484	0.10212070584392356
189	204	0.1401775614011058
189	263	0.10516573402966652
189	297	0.11584158899773074
192	251	0.1031295644444512
193	205	0.10882603152185624
193	303	0.16293707263175955
193	370	0.13752225276511998
193	528	0.13376523790339145
193	656	0.11003333731485253
194	258	0.10471098164095315
194	630	0.11633296372910291
195	197	0.15606896244853793
196	199	0.1571492350690189
197	206	0.42659346906220486
198	202	0.22032806456807277
199	249	0.12028403579954611
199	862	0.16148375588269398
200	846	0.10456297995968064
202	207	0.30347406075103794
203	541	0.1171782059582963
203	876	0.13336838372692542
205	365	0.11687333095896295
205	646	0.1085198008724661
205	656	0.10676125582130415
209	496	0.14082645940789873
212	536	0.1430639347961146
212	575	0.1004122579860935
213	507	0.10575225542607507
214	462	0.11473728619437279
215	344	0.10619028959990709
219	758	0.1194058279364955
223	230	0.1099564222113945
229	775	0.23234632420121554
230	332	0.11714008395773069
231	669	0.14242088337870515
232	726	0.1241792103625742
232	869	0.10299601330375877
234	500	0.10466586458490261
234	503	0.13805430695935234
235	676	0.10403861516877959
235	801	0.14464235221305502
235	808	0.13735518615030948
237	833	0.21191632010575878
237	836	0.2036192496739528
238	481	0.10402096708395843
240	697	0.11983308052654576
241	557	0.11758979982666415
244	246	0.16087172378200051
245	265	0.14994598423372973
245	431	0.10739500799098442
245	539	0.11922593137842864
245	633	0.17852648901352003
247	636	0.10207379252446613
249	253	0.17289684012088893
249	347	0.10106950360221276
251	541	0.10316288121967292
255	466	0.11362801751417047
255	561	0.18175992211792058
258	836	0.1095348392218574
262	420	0.10249346173406249
263	374	0.10290540551917655
265	493	0.21217384588752808
267	385	0.13284045534986258
268	838	0.12304974136267588
271	502	0.10826501226758921
273	518	0.12695167723162257
280	300	0.14588351827206347
280	305	0.12546852278728388
281	313	0.14704687124004914
286	495	0.10169679169035756
287	609	0.23611710215058515
288	298	0.3118595946930287
288	309	0.11621345400528374
289	825	0.12990247314914158
290	767	0.12132683971082772
297	311	0.1042808384269252
297	319	0.12413194599961785
299	619	0.12176175950837428
300	821	0.1086605394364719
301	784	0.1242653679496688
301	785	0.12315596748684793
302	634	0.10265225374405133
302	710	0.1005354398090924
302	749	0.10154258388453813
309	592	0.1094927702081631
309	703	0.12351027865508082
311	708	0.12813613399465354
318	420	0.13251945987871472
318	739	0.12555506480628328
321	575	0.11776619550984174
322	512	0.14936582450472577
324	877	0.10342843728327156
325	755	0.36781023614574493
327	817	0.23828378677522932
328	676	0.15697491897803692
329	528	0.10043451032020279
329	653	0.14792965020241086
329	654	0.1262535676238763
333	540	0.21830949047299714
334	674	0.12757858381507292
336	858	0.11100395489696145
346	500	0.13265403965236292
346	704	0.1016615604331359
347	709	0.11775597905828884
348	856	0.11223265759735758
349	538	0.1394123934116891
351	516	0.1097352545302467
352	360	0.11198193141018734
355	802	0.10049891051810271
355	814	0.1711923582670431
356	358	0.14236019788014698
356	842	0.10179885592583983
357	359	0.2731777954308252
357	361	0.17098631939683742
357	362	0.12855468507827217
357	630	0.10373404366216851
357	684	0.15963259590986204
357	802	0.15656465323391364
358	363	0.20879624889202633
360	872	0.10836356784629782
362	802	0.10271078047763671
362	806	0.22891281649255274
364	493	0.10871473908077663
365	370	0.2966504608040759
365	652	0.18085538451332642
367	421	0.10835680477362791
369	380	0.14634571263933238
369	382	0.1230641521894559
370	451	0.1008871823018068
370	528	0.16871706910087386
371	453	0.12999019226428174
371	652	0.1117441758492143
373	380	0.1384841157651475
373	712	0.13310399973805273
375	451	0.15403004673392479
377	517	0.10171698608983305
377	658	0.10760320153725408
378	499	0.16378194476347258
378	522	0.17373677404575136
378	789	0.11662282165925535
378	837	0.2071969179139905
378	848	0.39139244642857635
385	867	0.14535622517501398
387	649	0.107858478696267
388	634	0.11236138211800947
388	635	0.28824566425792075
390	617	0.12228591043063282
397	872	0.10633927803194157
398	448	0.15474404838933178
398	680	0.16327772879773803
398	828	0.12329743586623852
402	403	0.1078342245471474
403	787	0.10196984695876184
404	474	0.1406218611410461
406	457	0.13044733495405159
406	490	0.16794954410700538
406	505	0.1316552316538993
407	416	0.3155582180379509
407	824	0.1338835999807525
408	751	0.1545547120241599
408	755	0.17339510404013195
411	427	0.16759984181567106
411	751	0.12616977911396351
411	753	0.12859579116824746
416	419	0.11925887464747806
416	823	0.17842432449698545
417	429	0.1520884944870712
417	797	0.11572126557271267
420	739	0.14294517908814797
420	780	0.156069427246002
420	847	0.1158482563700617
423	427	0.16933788214539533
423	624	0.10989954427730292
423	751	0.16526620095535227
423	755	0.17091921142217414
424	677	0.10203770249995553
427	503	0.12303920618825158
427	624	0.16565152173241282
429	663	0.10428907582844957
430	715	0.10801651659091631
431	539	0.1128834955613612
433	445	0.10658961229732922
434	698	0.1575186613453277
434	732	0.10816932197800282
435	443	0.12422606097684605
436	830	0.26607169333805575
436	837	0.1398397887841489
436	872	0.18105251103527145
437	445	0.1553662318111725
437	701	0.16170009950771871
439	447	0.1692927886459747
439	703	0.163366441169249
441	701	0.10030777104813822
445	701	0.12776748759807327
445	715	0.10722312201891603
446	731	0.15907053338857802
447	706	0.13075282820613993
450	455	0.19011306169138453
450	653	0.1990940855078071
451	652	0.10801809063328356
452	822	0.13603377815499718
453	528	0.10777921724431454
453	696	0.10353214573940629
454	457	0.1730399246305637
454	482	0.12539728892644544
454	500	0.11399467501204401
454	506	0.11163104663359522
454	720	0.10679706358566059
455	654	0.10921252191671453
457	488	0.2034341123380258
457	500	0.1906928289277987
457	501	0.13360688366115478
457	686	0.1418361677350573
457	855	0.1022070369648765
460	834	0.19551447105234657
461	833	0.20329039767766144
461	834	0.1440736057784082
462	463	0.23375968602706323
462	523	0.10137158453372222
465	466	0.23398360076886288
465	503	0.15011419608649398
466	503	0.12329104820393812
469	566	0.15047901811784692
476	800	0.11671028818212689
477	479	0.22347906460754474
482	500	0.16950939639173745
482	668	0.12492532152457475
483	491	0.21958598973034815
483	570	0.11109629457909112
483	571	0.10012803894788602
483	778	0.12437363038949545
483	869	0.1213394040059336
484	485	0.11969690082736034
484	521	0.10123075942317115
486	491	0.1005416497644649
486	659	0.11534926254647636
487	488	0.11123340651201315
488	498	0.19752257893981762
488	699	0.10317021402526419
489	491	0.1955256492991717
489	678	0.12223761345113614
489	862	0.1148972785242856
490	505	0.21825463969511197
492	806	0.10173116820321233
497	619	0.10931194022493687
499	799	0.28657976491422826
499	842	0.17902134803149491
499	864	0.13475050819047615
499	872	0.284701770978179
499	879	0.16688888341508948
501	506	0.195227035383118
502	859	0.14470644830794105
503	660	0.16986568246891617
509	721	0.11221419909077146
512	513	0.14223700390770047
519	756	0.1319372970433036
520	732	0.1214755018785337
522	837	0.24024734217886093
522	866	0.1375176886047976
523	788	0.1104554096250845
524	698	0.10841300317887247
524	873	0.10781699250783355
527	846	0.10268699227963232
531	534	0.30905760619731276
533	649	0.10594099706276092
536	575	0.10888672802015509
537	539	0.1371772337889714
537	651	0.14926755338455813
539	633	0.12198422443820588
539	651	0.2155086299643683
541	779	0.1242881457070503
543	544	0.2032720238413065
543	548	0.17658674760557325
543	550	0.1572868034931854
549	764	0.20760839812697035
552	750	0.17189687413739457
552	754	0.128717452774633
552	837	0.17365541930491282
552	869	0.10733266506331118
554	798	0.15822137651964902
555	837	0.1334722511153323
555	879	0.1124233908804082
557	588	0.10972031524117552
559	621	0.11825347785142508
563	576	0.22467953290646425
564	677	0.1522946923714282
566	743	0.1268364300218588
568	587	0.10777175949775473
569	574	0.21047746508978943
569	575	0.1890682654002705
569	743	0.12366928665877581
570	580	0.12529683979891248
570	587	0.11155895157124013
570	672	0.11622820891119852
574	575	0.12367040872915719
575	579	0.2310550236675624
576	781	0.10662886603251731
580	587	0.12694482829176018
580	772	0.10446804113797922
587	672	0.11593354692818289
588	596	0.1650870363947356
588	671	0.10926742531333092
588	759	0.11124487088814167
591	592	0.315500663483375
591	703	0.13208036709365187
596	739	0.13243099168001846
598	601	0.1371671096581438
599	750	0.22065011739446982
599	778	0.15522822684883766
603	644	0.1196695650190413
604	606	0.11515577676807666
609	612	0.18444965410386335
615	875	0.10699305417084161
616	651	0.11419072620695256
616	871	0.10490454829336274
617	774	0.1128121042040235
620	623	0.14951992546374007
625	691	0.12373467307469656
625	825	0.1684181191443441
626	631	0.17931022898580679
628	655	0.10608023079462117
632	634	0.11525624174474176
633	651	0.23584779412485016
634	769	0.1369326037883073
638	761	0.10124779860610887
638	857	0.10342003240668647
640	642	0.17860288630947208
641	712	0.10335597250522165
644	843	0.12741573346131008
646	774	0.10392343863741746
652	653	0.1905643503908684
652	656	0.12438320500247255
654	779	0.10449311584551997
655	656	0.2576803642810869
665	857	0.1460375199217564
671	679	0.14224275962782218
675	676	0.10789445690540726
676	813	0.13084044709501794
681	701	0.12886164743636935
688	695	0.10979927360270801
688	791	0.10794497827738755
691	694	0.3232854248123642
692	693	0.2386486224777213
695	840	0.13876238500778515
696	734	0.10920231623367498
698	701	0.13548831026573677
699	716	0.17488744663520306
699	735	0.12043796070019443
701	715	0.10575799947588418
701	784	0.10675815041093296
702	708	0.38095601834427517
703	711	0.19990827901945962
704	707	0.33100398524179386
704	735	0.1753303434411553
706	709	0.36394421036062713
706	711	0.3401957914720229
706	712	0.13384743329874257
707	716	0.2542764846048531
710	716	0.2099866431052488
711	712	0.34065941829631174
711	713	0.10062502985864298
713	789	0.10203392454074511
716	717	0.25302943149221135
717	735	0.11190616619296788
720	724	0.1630791195051897
720	735	0.33520489431790346
722	723	0.20540203842300744
722	726	0.14046319967309542
724	735	0.24833021748496192
729	805	0.197165768920159
733	829	0.1481545057360386
750	752	0.10835513247546308
750	869	0.10524807710533657
751	755	0.15127292939200002
752	864	0.12479915994498689
752	866	0.12393508314470167
754	778	0.2725004310726541
754	828	0.11906564517536672
754	864	0.1434609547179507
754	872	0.11056694730394526
760	771	0.18116981589787587
761	762	0.10116984818783185
767	771	0.1676767783718777
775	777	0.10721648445735613
776	828	0.1271138891569069
776	866	0.13258775684109192
778	872	0.14338905811430636
782	787	0.1562702148646391
784	785	0.3048299423128729
784	786	0.13430210720817592
784	794	0.2628204234113254
786	797	0.12642742382302558
792	797	0.22927418432667065
799	837	0.20148975061831312
799	864	0.14156606750345585
799	866	0.11757100249026428
799	872	0.340532621875745
800	814	0.1253839348300753
801	808	0.1643925769971041
802	806	0.1320800166790251
804	808	0.2928199143774174
804	813	0.173334933262864
804	816	0.11900067123573566
807	813	0.1573394662397469
807	815	0.260656116094685
808	815	0.2677398953614435
808	816	0.1510912529875451
818	828	0.16288980557042199
818	830	0.3322824889639456
818	842	0.3286708738568005
818	879	0.1708431112234284
821	826	0.13417257162066298
828	879	0.10726525501192131
830	837	0.19196114595561864
830	842	0.1752772747691488
834	835	0.1829407114232557
837	879	0.21120510773840204
842	879	0.10921637199427595
844	845	0.11300127385411518
845	863	0.10445275372141972
848	864	0.1302863229763096
851	858	0.12528125100256657
856	857	0.17006175484789088
856	862	0.17054017451055611
