0	4	0.13394397721505144
0	74	0.16030444557033613
0	262	0.11758030786272713
0	693	0.11926052050230128
1	649	0.10104552214708216
2	70	0.10473891149597174
2	258	0.1198308428812312
2	519	0.1180524146747596
3	284	0.10382446816729718
3	421	0.1095838918432136
3	425	0.1569673099431891
3	459	0.1227487800452349
3	545	0.10490844898043071
3	702	0.1343937415004096
4	43	0.10135158739531229
4	53	0.12173900585255695
4	234	0.2129234784947521
4	408	0.16880902143962712
4	660	0.20578460708091573
5	78	0.16339503022809893
5	562	0.12507174822633418
5	643	0.12123802526235027
6	514	0.10064410342808691
6	721	0.11155261847253785
7	9	0.13986805040127642
8	406	0.15721600239098615
8	544	0.15545214805654753
8	686	0.25939612913036003
9	190	0.10898526072361178
10	14	0.11918575485588502
10	61	0.12013635489656715
10	625	0.23677573461416979
10	691	0.10855787679877266
10	783	0.11500714279029593
10	825	0.10673692361487697
11	214	0.12651331901081134
11	308	0.11386957595599043
11	463	0.11184349464481054
11	523	0.38985485719746754
11	619	0.11890398269355916
11	715	0.11838952562361013
11	822	0.3459111313518849
12	623	0.17336500632108523
13	95	0.10224310336636477
13	638	0.11162657412789381
13	695	0.10262021855223939
13	860	0.1021704357728154
14	350	0.12837042058634615
14	433	0.11671153464542493
14	641	0.10201426351478622
14	644	0.10336906669777543
14	783	0.1067433719743652
15	16	0.10812290778312487
15	94	0.11324526435449471
15	230	0.14654475030017317
15	298	0.14836731518275723
15	492	0.10378645246441753
15	598	0.13850052525398715
16	874	0.1251290906946657
17	109	0.1118789967835871
17	406	0.11041504179488928
17	514	0.12611232800253677
17	554	0.13832144855201395
17	717	0.1724553503835864
17	720	0.10943024161382144
18	73	0.1047180081670473
18	102	0.18119267281408785
18	172	0.1226885531187641
18	199	0.13866513492723834
18	203	0.11990870389811403
18	347	0.10349947107764433
18	430	0.1433161444364768
18	483	0.10908046089652854
18	638	0.12614457446923094
18	761	0.1298760556022946
18	855	0.2121015611073766
18	858	0.10639965354040369
19	320	0.10324782941317347
19	440	0.10013372280352982
19	774	0.10873952553535951
19	851	0.18873837587267292
19	875	0.14550644387568337
20	95	0.13748616101921532
20	301	0.12195946503923813
21	281	0.16528001961877606
21	433	0.11104621384815529
21	434	0.1231217898922902
21	475	0.15226000739940404
21	576	0.10831096966662195
21	771	0.14814368721439733
22	43	0.10341961536248129
22	48	0.18079722509008447
22	650	0.10619720370405589
22	731	0.1001981195651253
23	281	0.13933409925404244
23	382	0.10390158516779278
23	479	0.15975908124916943
23	501	0.12083585873161125
23	694	0.10138999326866573
23	732	0.1000680459383594
23	825	0.10101515855701004
24	79	0.10607568742862071
24	479	0.11025697285957695
24	647	0.10740682592927883
24	698	0.13227792553556056
24	770	0.1097605575821092
24	825	0.10511662301562612
25	42	0.2565508303912413
25	68	0.11669536204730682
25	265	0.11183076661433868
25	316	0.13690797517306058
25	493	0.12725371128651775
25	520	0.13886508538576756
25	679	0.1132721747221833
25	795	0.11804275978080248
26	79	0.14599251341843786
26	317	0.1261375034258312
26	414	0.1615746394992776
26	649	0.12617630638080068
27	68	0.1172949926683125
27	228	0.10408732398041266
27	248	0.13803697366174458
27	664	0.1625604507641395
27	703	0.11701769879935423
28	112	0.11033960098554968
28	434	0.12236809777934922
28	475	0.11940448171535299
28	477	0.1271388957856303
28	685	0.10662379181671487
28	765	0.11628600940210383
29	685	0.10750457213317066
30	32	0.3512435724139716
30	555	0.1004127216415356
30	658	0.10162306163133933
30	855	0.1346832781031553
31	284	0.1319779405643738
31	436	0.2117063050941228
31	522	0.21393639626654387
31	555	0.16103532728057623
31	799	0.13061220194113074
31	837	0.15613765765724466
31	864	0.14161926229227645
31	872	0.18057018841660102
32	124	0.11180246521813639
32	499	0.12470113947536801
32	687	0.1006559180619803
33	517	0.2056245149765673
34	173	0.10538443506140961
34	193	0.10130759041140285
34	449	0.13454919023879197
35	99	0.134402474170177
35	143	0.1125263580790437
35	209	0.10668916057312107
35	245	0.11205799276719072
35	297	0.10919179127156822
35	621	0.11233930206025046
35	858	0.10307855738861768
35	868	0.1135474573101753
35	871	0.1587521975469388
36	666	0.14462774611891246
36	739	0.10462726220533342
37	398	0.12475186083191768
37	428	0.10997373637544393
37	521	0.10377550721163642
37	799	0.12481217241180614
37	847	0.1002567721238406
38	39	0.20274894403278604
38	448	0.12483201119377675
38	665	0.10178682601708093
38	845	0.10153461035338658
39	40	0.28425983107286973
39	358	0.15637696561324704
39	660	0.11266584695227397
39	876	0.12652787557641093
40	62	0.10560621246335714
40	360	0.13449877944438748
40	363	0.223856915341174
40	818	0.18105338659768344
41	224	0.10097304306221101
42	551	0.11833455962189267
42	829	0.10120712472276505
43	48	0.15153085833904545
43	51	0.23122348419939265
43	234	0.18523370391454985
43	303	0.15421637576481947
43	571	0.12277796902444887
43	660	0.14478390052761023
43	665	0.11480145674180152
44	123	0.1338237082899025
44	162	0.11856224097286383
44	188	0.10265793000878437
44	249	0.10912989800867996
44	252	0.12668479437464555
44	400	0.4946764957192732
44	504	0.11199856087023585
45	57	0.10918509023264657
45	354	0.17811937150646112
45	378	0.11890926089854656
45	443	0.17664632514657358
45	612	0.135697663760719
45	703	0.1336308723108093
45	818	0.11320763761364436
45	828	0.10658542463071943
45	830	0.11470595103198675
46	47	0.14580884393984056
46	856	0.11189091154713278
47	766	0.12328483911920211
48	845	0.11910819062004394
48	877	0.10394330578018042
49	107	0.10472018339820172
49	264	0.11806106475595918
49	768	0.11275962201049351
50	416	0.11101360991385008
50	429	0.3306499482709346
50	573	0.12304896884550784
51	303	0.12384165572680814
51	369	0.10251171913982401
51	665	0.12096439942566707
51	772	0.10115991103815698
51	845	0.1317793093585911
52	79	0.15693643003339636
52	703	0.12056509836936156
52	711	0.1172651543400005
53	361	0.10937713916860015
53	362	0.11896497460804924
53	424	0.15632892752700442
53	500	0.11824380887943456
53	668	0.1033591069751931
53	834	0.11749321517969831
53	856	0.15931596736512796
54	425	0.10015532518433795
55	348	0.13491325981901883
55	372	0.10844954648447815
55	488	0.14337219442205273
55	552	0.10728403142405958
55	716	0.10275375245350216
55	727	0.14388499312084177
56	76	0.10736890910189427
56	153	0.15035700112520142
56	318	0.12719390580051723
56	680	0.10552887075379709
56	764	0.13656822299347898
57	104	0.13444853145173638
57	284	0.12126540156809282
57	293	0.1272951149062754
57	463	0.10880094845346722
57	595	0.10372401527158995
57	596	0.1397242291999502
57	643	0.11225875016634214
58	69	0.13508559923244767
58	247	0.11413712674972794
58	439	0.10807849138911714
58	681	0.10079500738966693
60	236	0.11125451895839125
60	664	0.10022762096847346
60	770	0.1037318660362447
61	811	0.12897061817831215
63	65	0.4065621155306853
63	66	0.18158712691046536
63	67	0.18323825196668275
64	67	0.24475218778658336
66	67	0.3459736212492705
68	437	0.15878096072786868
68	447	0.1107368155612989
68	706	0.10463871393498408
68	784	0.12177724694500952
68	829	0.11817525082762806
69	72	0.24345630567838078
69	637	0.10948960787431372
70	369	0.10017899816681124
70	398	0.12371448620953424
70	452	0.26146938384011287
70	706	0.10610382602896944
71	341	0.13907108795704232
71	568	0.10460929538097252
72	123	0.10391952039869223
72	230	0.10358608818042218
73	203	0.14248843100099434
73	377	0.11259280300561834
73	398	0.1124967426677829
73	485	0.10505101696531689
73	486	0.10466554158247769
73	523	0.11541531374119533
73	713	0.10517895349320122
73	822	0.17383115549527223
74	145	0.12400265591968453
74	470	0.10290563874872469
74	762	0.18102090001422388
74	841	0.14823250083699818
75	223	0.1096871131047676
75	437	0.14994687808678314
76	84	0.1018697519795636
76	94	0.10996479138115628
76	200	0.14268001721274065
76	373	0.12676142884892955
76	604	0.13621700027473368
76	606	0.10704118641651948
76	723	0.10899174671258341
76	764	0.14644971451622543
77	668	0.10747509630538322
77	877	0.169181214287421
78	91	0.10601224375707087
78	95	0.15351086281243068
78	138	0.1431303968896919
78	149	0.12542804636014981
78	223	0.10171837910680141
78	239	0.12297830036026482
78	335	0.11008215885941175
78	467	0.11465651500379592
78	532	0.10262759063126461
78	632	0.13585568503183434
78	733	0.1034417279263844
79	254	0.10540244833155324
79	265	0.2875899393773595
79	414	0.11571945950213368
79	431	0.2952885996496382
79	532	0.11908392608292849
79	616	0.18791493560457567
79	633	0.14776424790204168
79	651	0.5481711623262479
79	697	0.12079297483327459
80	85	0.10545592055805995
80	433	0.10949118034552396
80	509	0.10962903756694166
81	122	0.10601057331069325
81	618	0.5640821183673804
81	763	0.10385251986504669
82	157	0.13911634391178712
82	234	0.11070839509304578
82	269	0.11795516477313675
82	270	0.12577875124601665
82	424	0.15596595871668037
82	454	0.28144218166414936
82	488	0.21421565352469196
82	498	0.1110529115637153
82	675	0.11347579244203408
82	755	0.11150273351208653
83	245	0.10612052355758057
83	292	0.12107430498713773
83	297	0.11089409197134834
83	426	0.10297962844280727
83	446	0.10574285279210685
83	512	0.13107184628271384
83	559	0.1059213330480364
83	858	0.13034885792868406
84	104	0.11686484266807255
84	521	0.11759657142832969
85	123	0.11746557285301772
85	174	0.11374883122971065
85	252	0.14534976021908902
86	135	0.10431624289118034
86	238	0.11458443574933139
86	302	0.11005967193544298
86	322	0.46275004175489737
86	513	0.12236681129915702
86	531	0.1206442004915266
86	562	0.10925558347866025
86	635	0.10393422440854132
86	875	0.11836044421472781
87	250	0.1000430073385135
87	393	0.1293781145529839
89	92	0.35095492926253175
89	408	0.17022618699400893
89	598	0.16824391784127943
89	599	0.11751345901660852
89	624	0.36787342914454296
89	751	0.46874932436037453
91	322	0.12206676922065551
91	532	0.13117587181759613
91	770	0.1298956822835435
92	423	0.21874867373726062
92	427	0.17929085696176328
92	624	0.1556221395618493
92	739	0.11120529547015459
92	751	0.23187785017196916
92	754	0.15022996313489845
92	755	0.1369733701199935
93	177	0.12005442380480581
93	262	0.10269864469497382
93	372	0.11155765102519109
93	405	0.14537587090646534
93	551	0.11038330737688332
93	770	0.10387039192765403
94	408	0.2914633597547803
94	411	0.2866830941375207
94	596	0.12793124871431155
94	750	0.1397870869307681
94	751	0.24406090127960148
94	755	0.3084005559509632
95	149	0.1154448450154203
95	162	0.16754381169002572
95	183	0.10738710344717545
95	301	0.32376951629115935
95	302	0.14992002554176256
95	345	0.14032420139145654
95	470	0.10748463188665164
95	513	0.16674120961563393
95	532	0.13105493829619047
95	557	0.10678429957130028
95	632	0.12245578951676461
95	785	0.1058748080594356
96	115	0.10197897885613644
96	620	0.13431726393873578
97	234	0.14963842642459607
97	285	0.1141642867072374
97	391	0.11090068436773179
97	488	0.11119689069162983
97	658	0.10187499812706813
97	734	0.10777256160778771
97	856	0.12185170405162629
98	102	0.161549909540581
98	139	0.13124010266987915
98	766	0.14944568273926523
99	109	0.10500915678224404
99	130	0.13554297891923806
99	282	0.11747857084000612
99	326	0.17491576891081625
99	327	0.10291302329468664
99	545	0.12491396056742504
100	334	0.10079950072117892
100	633	0.13137432031042914
100	644	0.1202472257986684
101	167	0.12288902015012314
101	861	0.11021776569534951
102	105	0.3615947524140956
103	131	0.10130212569522386
103	516	0.14011636008106057
103	534	0.11001399057099137
105	108	0.19462700545645567
105	766	0.37443158693557715
105	823	0.1092179248368349
105	855	0.10083676925472355
106	268	0.11532481927162949
106	459	0.10466684324003478
106	469	0.12461267816253002
107	350	0.1015176168765788
107	516	0.10945237883813126
107	588	0.12592824352414553
107	666	0.13791995094386889
107	763	0.10206755577872433
107	857	0.1263668227811095
108	114	0.12283382720041108
108	766	0.18794583030637682
108	857	0.13811085329585973
109	112	0.18083184441170605
109	130	0.10155014424374272
109	192	0.10895918986049888
109	817	0.12525164667605898
110	221	0.13293869798624075
110	262	0.11419831996314357
110	613	0.11547955357359635
111	372	0.12138799507221944
111	461	0.16653108783780765
111	833	0.12899118893048725
111	835	0.11307983249803108
111	836	0.1166195370306049
112	276	0.12254810659191308
112	793	0.11368675664997299
112	798	0.1501913360555925
113	491	0.10004979056795255
113	748	0.1600007439349594
114	543	0.11324818803632578
114	547	0.1757258593862674
114	764	0.14355473862623322
115	131	0.10294864612319858
115	137	0.11168089309055595
115	477	0.1909403681145153
116	290	0.20433870586080866
116	292	0.2183374219859301
116	426	0.16365924229137438
116	462	0.11605177489863314
116	463	0.12107829661939212
116	485	0.10327661878857712
116	693	0.10766948323949815
116	710	0.10252031430231458
116	725	0.10159003051270368
116	773	0.10919596064955231
117	119	0.1509805644698339
117	150	0.21246308450254894
117	195	0.10205245729020417
117	672	0.11538280990372297
117	713	0.1116533843087474
117	722	0.10312963353450322
117	844	0.1288200461077142
118	396	0.11453226256741932
118	836	0.11524937377385175
119	613	0.10448388157338923
120	158	0.15095442183923735
120	392	0.18509772565236554
120	519	0.13803833905035134
120	631	0.11203133800520047
121	640	0.10382634112153079
122	618	0.11147494161104246
122	875	0.10277872806957754
123	211	0.11916188592396923
123	252	0.43803837491026004
123	332	0.10463264652275574
123	400	0.11919361735002243
123	432	0.11808882821437484
123	832	0.11622441082679365
125	236	0.10859183113497645
125	277	0.10140063332175504
125	289	0.10446925903027325
125	413	0.1509073335500803
125	831	0.10597495318847489
125	865	0.1175843642404469
126	127	0.1519727899929446
126	128	0.1390942240833189
126	235	0.11366039241030797
126	328	0.146055120929917
126	564	0.13400723422643981
126	676	0.2250224131801221
126	677	0.18384951923188647
126	808	0.13896400279233426
126	816	0.12322597807754393
127	652	0.10276507462710342
127	668	0.10356731310973145
127	807	0.23820806951144305
128	656	0.10653672983280763
128	677	0.1509843124443109
128	801	0.16684490694587856
128	807	0.1491800984968619
128	815	0.17967035848280907
129	212	0.10312974388630196
129	269	0.11151143756481763
129	435	0.12230566406815632
129	841	0.10596555950819947
130	326	0.1557922264578261
130	644	0.13701609394132824
131	495	0.12182299769801984
131	701	0.12571738024847978
132	133	0.15426865055224417
132	244	0.24384401494971297
132	275	0.12075730573672144
132	390	0.20172841325030513
132	524	0.1797516676698586
132	617	0.18108335525676955
132	802	0.12500730186577605
133	216	0.1627784754270603
133	362	0.11677084484456772
133	421	0.10675841411971819
133	494	0.1485784853271378
133	802	0.15083196391398174
134	253	0.10028718594194432
134	388	0.3286965211878997
135	140	0.1823721856438519
135	184	0.10147233586462942
135	418	0.10572679431900454
135	481	0.10261216510110245
135	493	0.11155589550616636
135	679	0.11514817708391974
136	322	0.1339852532145044
136	385	0.10534762200702312
136	402	0.18596911019488485
136	456	0.10729886136060512
136	470	0.11124719330115587
136	841	0.13677890957730124
137	698	0.12719717177189405
137	770	0.12970896225726838
138	149	0.12444284892482023
138	244	0.10547330346227457
138	357	0.15006717333797254
138	492	0.10310600730487662
138	632	0.13778659394353399
138	814	0.143340846067315
139	608	0.13446919836944476
139	764	0.14006677282567823
140	245	0.10105970579500477
140	361	0.10498125303006656
140	441	0.11439230693052665
140	469	0.16294615628284115
140	679	0.11190554225809457
141	264	0.11854029496667813
141	317	0.10131343353151262
142	574	0.11102689381977696
142	674	0.17742972854790795
142	803	0.11895231836998961
142	806	0.10977962702186957
144	198	0.10577736569496723
144	301	0.12251484592009106
145	149	0.11676457812630169
145	353	0.10809924296584893
145	388	0.14673013962181025
145	398	0.10064615777246533
145	550	0.13118954605279215
145	631	0.10250101731021961
146	616	0.13244707504250736
148	319	0.11015605824547502
148	613	0.13608601251518349
149	199	0.1248593136627899
149	279	0.11162486493258408
149	301	0.15942177087484674
149	467	0.12131130828245373
149	558	0.10578979946800787
149	628	0.10414856040669015
149	841	0.13599241842160895
150	363	0.12632748179749623
151	367	0.11205461878082693
151	420	0.1848336910918923
151	755	0.13298374181597783
151	779	0.12000430859207942
153	200	0.18284569647201085
153	373	0.12787370883942145
153	498	0.12613109310171222
153	596	0.13594878535523514
153	780	0.14326989791372954
153	830	0.10299451265784196
154	167	0.19593888077172472
154	624	0.11864871725631021
154	682	0.23874027677470044
156	433	0.11000144947780795
156	476	0.1326056675961265
156	562	0.14128243203751484
156	691	0.11321673393757824
156	734	0.17432038538292732
156	875	0.12877416474643644
157	338	0.10092472888822657
157	358	0.1001892893273382
157	424	0.19744008700476678
157	510	0.1016806901006497
157	674	0.163799264994415
157	727	0.11854634592475083
158	284	0.13003434840078268
158	392	0.15194269111051248
158	622	0.12988526144495532
158	629	0.10649684615597863
158	756	0.14714721343832377
158	834	0.10056238276008987
159	162	0.1050488992601277
159	758	0.10364351057267578
160	516	0.12888347659813848
160	547	0.10331530688108147
160	638	0.11321150727870903
161	441	0.10326472908314893
162	163	0.12853537604732995
162	504	0.12567457376233843
162	531	0.14009747555649923
163	534	0.10814245503062686
163	772	0.1076027877681643
164	306	0.10054240937543886
164	408	0.15933825407302363
164	611	0.10231896460462969
164	745	0.11109901097902995
165	734	0.11285351504729581
166	799	0.10184265349687557
166	830	0.173124347660929
167	378	0.100893262974398
167	557	0.11240663532475792
167	842	0.11161383520215967
168	171	0.14351707904308023
168	210	0.12025598896021393
168	537	0.14200189065375324
168	554	0.10860929936937287
168	782	0.15456739800074
168	790	0.1066604625994307
169	181	0.12889576811990153
170	208	0.14922359089795825
170	286	0.10421417676172873
170	436	0.1280629444168368
170	638	0.17034492704972573
170	687	0.1261557600215453
170	715	0.10223520801451852
170	772	0.11356105232216251
170	832	0.10451095292551255
170	838	0.10102743263945516
171	172	0.10038268727603249
171	279	0.11859763026513619
172	174	0.17233532631611412
172	179	0.18724982339252852
172	183	0.20416047721060443
172	232	0.13698315874281267
172	391	0.10576442957252899
172	397	0.13260525800066342
172	486	0.1203721072026494
172	491	0.1199087985462841
173	749	0.10319893793630296
174	183	0.3185433999372171
174	395	0.1215259622923375
175	182	0.14097094011039268
175	532	0.10075850635981481
175	661	0.103104284736867
176	183	0.11481542254357281
176	722	0.1135473547623618
176	819	0.12733847999063796
177	271	0.12738540226456677
178	274	0.10893402213095511
178	418	0.15424291965698428
178	542	0.10337328832873813
179	183	0.10655446149079291
179	232	0.1280434688944372
179	485	0.11859901083273675
179	590	0.18479844566502365
179	776	0.12380006130956203
179	869	0.19328024960838056
180	232	0.13537930077729624
180	581	0.10921707903665316
180	620	0.12300066289221095
181	253	0.11053445220227892
181	404	0.10245971788352222
182	274	0.11775606759719923
182	418	0.11501276645946129
182	473	0.16511874007961624
182	543	0.14865832149394245
182	550	0.11577627928222475
183	395	0.11305665014269226
183	513	0.16342590791013248
183	583	0.10142412579738361
183	869	0.11336516329458199
184	239	0.15055656755951577
184	536	0.24510455004150955
184	557	0.11987943336553511
184	569	0.12002429978816645
184	590	0.12766518878979358
184	763	0.10172370096726854
185	825	0.15855590407366882
186	212	0.14145835530972123
186	264	0.11743292738303154
186	266	0.107240077442415
186	340	0.1400165578264898
186	367	0.10581605338474448
186	494	0.14929176559766688
187	202	0.32024106973026495
187	238	0.11786911918538148
187	526	0.10236482592401194
187	685	0.12056707680182352
187	762	0.12296151926322227
188	193	0.1757881105335738
188	194	0.15691626407498288
188	196	0.1894393341062351
188	205	0.13615184931663876
188	256	0.11607165601589978
188	257	0.1457079338892997
188	523	0.1295367748165581
188	541	0.13611794115589607
188	822	0.2157649345265581
189	197	0.1275927667170503
189	204	0.4299382238464694
189	206	0.11877506822089236
189	263	0.14014882701207146
189	502	0.17477105534179063
189	610	0.12641225575619236
189	846	0.11923773526302603
191	215	0.11174455721014419
191	606	0.10479239882283577
191	672	0.13394031316306712
191	784	0.15169787597477075
192	253	0.1760244980665002
192	508	0.13601492673077914
192	774	0.14427311454803754
192	779	0.11716200061519601
192	780	0.1739091823893341
192	855	0.12328595762694362
193	196	0.11714009856294245
193	205	0.6044384183899674
193	451	0.10151550700557288
193	458	0.15914235277306588
193	543	0.11959421544101838
193	656	0.14165657248842733
193	686	0.10447772191512064
193	845	0.12201638957465917
194	196	0.17589662927213282
194	258	0.17601072537072696
194	262	0.20906170016191178
194	483	0.13557530864068562
194	569	0.11192510492604889
194	587	0.1045752879499789
194	630	0.11588404712381908
194	738	0.10158556711901369
195	197	0.3950652122264381
195	200	0.1066129486616353
195	206	0.16946204066492793
195	502	0.17032027192162086
195	523	0.10186651968278831
196	199	0.205206953387706
196	203	0.15286160346405622
196	214	0.13019518565460375
196	315	0.13452627685963764
196	528	0.1139778584608496
196	587	0.11215713898503617
196	822	0.12217574866971127
196	856	0.24967368296323372
197	206	0.4858645494227054
197	502	0.19452000377650014
198	202	0.25619369067073305
198	207	0.10292690398579504
198	220	0.10190555645701621
198	356	0.13406001906348516
198	444	0.12924397733894843
198	717	0.10729368773107739
198	724	0.1428251635476769
199	335	0.11946396914647661
199	430	0.12121448504819522
199	485	0.13037650286372135
199	519	0.10093826229497221
199	628	0.12562018762280472
199	723	0.10930506197264274
199	779	0.1940215790775305
199	856	0.13648701428507765
199	869	0.16575761585068732
200	373	0.13314014916563896
200	596	0.10439372404722552
200	739	0.10128174779857829
201	659	0.13786161627232024
202	207	0.2509147087724215
202	270	0.101363512962309
202	381	0.14050418004958592
202	707	0.1635078338739567
202	846	0.10655637273486152
203	215	0.15011700268008693
203	371	0.10053489516183016
203	452	0.1310201080582456
203	483	0.12129705435200963
203	523	0.11330857674926288
203	576	0.1023959015661844
203	617	0.14417075466004786
203	654	0.14814049325716996
204	297	0.10686605070535678
204	550	0.10079979767362994
204	624	0.1020064246812523
205	528	0.10092417561179166
205	548	0.12836178804231302
205	652	0.2119493710678609
205	656	0.15185432326283024
206	844	0.12553783017318282
207	223	0.11275840769257889
207	669	0.11271888145691422
208	680	0.1616789801743057
209	364	0.12597740495514245
209	412	0.15472247600443026
209	709	0.10030331400874794
210	471	0.14309602391925916
210	615	0.10805579203676258
210	800	0.18085932443575298
210	870	0.2808640335964264
211	213	0.1048170882376554
211	326	0.10101037196049938
211	327	0.11050286049238686
211	433	0.1277459378967034
211	442	0.11036861467378134
211	445	0.10842877246602324
211	469	0.15894315491256725
211	524	0.10098854342933436
211	615	0.1280832849751128
211	873	0.10832605394149383
212	264	0.10242965386797448
212	379	0.10285287643126723
212	492	0.1553837312930627
212	588	0.10999084573982018
212	647	0.1029490894835531
212	733	0.1031161381999234
212	749	0.1342316990018969
212	762	0.10257262761120747
213	239	0.18046264054254177
214	215	0.15324696556669046
214	258	0.10159974838891009
214	471	0.19564849665071887
214	568	0.10251904903687814
214	570	0.1648501921000314
214	571	0.10980499583917233
214	678	0.10931924523923425
214	852	0.12434633330931716
215	452	0.13566141704305743
215	511	0.16986058308511626
215	568	0.10314832929646418
215	576	0.15504123472145676
215	587	0.11043469845581469
215	604	0.1678773366169884
216	244	0.10603600473213175
216	246	0.20223735271197527
216	362	0.15546371989884825
216	494	0.11129913550265325
216	536	0.13044933237602716
217	229	0.163155034517798
217	353	0.13086561828736684
218	233	0.12372270917508707
219	334	0.11869238040259407
219	497	0.12113603098628367
220	560	0.10076941477166526
220	686	0.11173589531515075
220	737	0.10319772880575365
220	860	0.11415912626787526
221	698	0.11386229611289159
221	742	0.124053182397347
222	260	0.22636951803951766
222	708	0.13536912825680442
226	313	0.1152984969904122
226	339	0.11410642327474423
226	530	0.10140841474459009
227	540	0.10165505803771721
228	588	0.10873182236124954
229	682	0.1111601573665343
229	775	0.2302031754787004
230	298	0.12201154757661047
230	408	0.17140867406166674
230	850	0.13475317868488482
231	454	0.1282816180195172
231	487	0.1272089735534507
231	505	0.1421349771467485
231	669	0.20465370537662003
231	682	0.2381541911800706
231	686	0.1358152979753425
232	257	0.16475024808479813
232	484	0.2057464180197863
232	489	0.13607070688345368
233	589	0.1009197044629904
234	394	0.10781443695581219
234	408	0.1295917874347291
234	454	0.1495928030294501
234	660	0.1388555797367959
234	665	0.1097207203713832
234	666	0.14081934258777512
235	328	0.10378505667304694
235	548	0.10074171541569092
235	677	0.13743085914573214
236	351	0.10406253555314225
236	394	0.10648158102020935
236	531	0.11026763542541845
236	586	0.11711030100311341
236	674	0.14250433940550067
236	770	0.1027433834651541
236	831	0.45622156269591846
237	257	0.11504685255017356
237	258	0.11230918693004782
237	833	0.22666567465011517
238	401	0.14669477393828503
238	495	0.19228792436038333
238	562	0.10760161395996116
238	687	0.1321003213534664
238	733	0.10391748533781554
238	737	0.10576103995632713
239	359	0.10714442917171776
239	502	0.12138505538815555
239	635	0.10675314680031893
239	769	0.13029430283652033
240	243	0.1006721073522903
240	345	0.1024813536740043
240	560	0.13429976269478003
241	245	0.12398405628300047
241	639	0.15247622163614663
241	673	0.1079509225817579
242	557	0.15794885419849808
242	567	0.10211019153263742
243	352	0.14042868742278894
243	552	0.16789097878433948
243	598	0.10236243379471228
243	752	0.1165647183326955
243	837	0.11715194409924028
244	357	0.12111405694872686
244	492	0.44292568968394397
244	494	0.19194715844444932
244	569	0.15413504776420564
244	617	0.17161083836709082
245	352	0.10593791254959692
245	539	0.13441472580648675
245	770	0.10798505993601168
245	868	0.10246557606225483
246	321	0.240342983597008
246	494	0.19875284296474008
247	316	0.11598303657153043
247	341	0.13684409231100006
247	342	0.11278871624642979
247	404	0.12328672269597321
247	474	0.12818893256697975
247	495	0.1302275455610501
247	538	0.13285864634824404
247	639	0.13561007101953212
247	701	0.10598664082041627
247	737	0.11364320682704357
247	741	0.1181766744755497
247	840	0.11084361562414435
247	841	0.1430485705778011
248	409	0.10636365573806368
248	687	0.12648965263815923
249	253	0.2560507534779299
249	510	0.10656635879281563
249	515	0.10546136535142572
249	615	0.10895917604007539
249	703	0.10222764577211908
249	724	0.10758553709430846
251	541	0.13970085157381051
251	576	0.11910298374315986
251	638	0.10447125396234844
251	717	0.11506254890116324
251	780	0.1164750141375631
251	846	0.10602184468331402
252	314	0.1109815302104843
252	400	0.10087194987287947
252	432	0.11360298696515037
252	867	0.10006198734597757
252	871	0.10462169982161255
253	326	0.12772885322702257
253	333	0.11020468194134939
253	695	0.11428262837169816
253	739	0.10896806630455146
253	862	0.11842139121239809
255	308	0.12347809203177205
255	420	0.17466310310875904
255	563	0.10371365337132779
255	631	0.11601562995826442
255	711	0.11018364320984063
255	765	0.12189102072680591
255	786	0.10575544588260685
256	257	0.1187624591517905
256	338	0.11856227773862868
257	258	0.19727982019993512
257	489	0.1882430965223499
257	822	0.11797857492765894
258	262	0.11238125303366284
258	424	0.11499958482222447
258	521	0.10567230221868584
258	586	0.10428091048904513
258	855	0.10438634563110012
259	651	0.10960354677013276
259	747	0.11495931320525893
260	497	0.11959836482036516
260	619	0.13146576444743496
260	728	0.1616835748426076
262	586	0.10263316799290802
262	693	0.11580722416602796
262	725	0.11594143770946629
262	834	0.12008711969739151
263	369	0.1264527362887889
263	374	0.12600561240242758
263	380	0.10681710365499339
263	502	0.13746197307941002
263	751	0.10325085786928798
263	846	0.10299206458887233
264	278	0.11727540540717286
264	279	0.11573736116303382
264	393	0.14169973389905072
264	574	0.16427729458857737
264	733	0.10182866019342285
264	829	0.11088205495753574
265	431	0.26347228497242225
265	493	0.3159617093288807
265	513	0.125962917096633
265	539	0.15973049965812713
265	616	0.12221042574500948
265	633	0.2525184794821753
265	651	0.2205474628605155
267	298	0.11012045502120736
267	538	0.21254168891755987
267	817	0.13477500262532421
268	272	0.22161200644973347
268	616	0.12027604477653953
269	270	0.2818560859179976
269	513	0.1619409719682036
269	518	0.17694119569551106
270	505	0.21205153785739864
271	274	0.19864117777970527
271	369	0.15280360389487335
271	601	0.11857080159052161
271	846	0.13486976192028505
272	331	0.1384406629870288
273	498	0.15833547968144024
273	664	0.10059463069000843
273	717	0.10791536261398287
275	412	0.10846008250734471
275	560	0.10837824122867697
275	659	0.10740118670389093
275	770	0.12337297074604907
275	838	0.11632020380750252
276	530	0.1071881973006749
276	584	0.13173960721065886
277	367	0.1026675361105289
278	282	0.10072933311678157
278	327	0.12203012922237104
278	350	0.1248066640276766
278	410	0.11212191597509864
278	583	0.11068356998767187
279	820	0.17626099050129654
279	821	0.12215636310280804
280	300	0.2433438276362173
280	305	0.1158429985813872
280	820	0.10930810579864807
280	821	0.1363608208752071
281	313	0.24238751405497488
281	326	0.12491806757978567
281	434	0.11973612063170697
281	632	0.1226140031960674
281	647	0.11040213010635767
282	326	0.12312038627322659
282	359	0.10192114143658984
282	621	0.26732104940021156
283	340	0.18517686802064529
283	372	0.10954954100892117
284	391	0.10922742909469331
284	846	0.11585482781307309
285	291	0.10277120197963999
286	474	0.10776532066895099
286	632	0.13259268513424538
286	634	0.10217473893474838
286	703	0.12115720917079231
287	294	0.15995514182668966
287	592	0.1286921000670829
287	596	0.18388381799945636
288	298	0.18094912538738012
288	540	0.16140657349290224
288	729	0.1712062267767973
288	805	0.26213452041365987
289	331	0.14240164603972466
289	850	0.11638232020407914
290	292	0.3157528192127557
290	312	0.25279148918486827
290	462	0.10462782318371423
290	515	0.102229199974774
290	568	0.1121517218788095
291	863	0.10019879655983387
291	874	0.15168236079814
292	311	0.11826102745337018
293	415	0.13815449202068691
293	595	0.10232553770385407
293	609	0.248035039323015
293	712	0.14839380528644822
294	299	0.20783572290085622
294	596	0.12164283363713896
294	713	0.11500672455171193
296	300	0.3311161275273228
296	310	0.24747507357649162
296	370	0.11808720336995474
297	446	0.15870067886059117
297	598	0.10868727979156677
297	853	0.10252049496510998
298	309	0.19108040647552502
298	333	0.11774515869801906
298	384	0.10205305783241586
298	466	0.10433961004074654
298	536	0.11808191667575722
298	587	0.1044710743394854
298	736	0.10375820522924367
299	309	0.1990280746763228
299	706	0.1086822784084093
299	715	0.11932950151358385
300	305	0.10570021917501203
300	827	0.12520873094472243
301	557	0.1839324352468646
301	681	0.10957331169797188
301	785	0.21715746624822269
302	513	0.14950655108474747
302	727	0.1112756124209325
302	761	0.11982345015450252
303	313	0.11460506409980664
304	642	0.1358361510763805
305	594	0.10086926196608625
305	821	0.10095118120564933
306	309	0.11813402057112234
306	438	0.29626971512459127
308	525	0.11309770620835399
308	563	0.11831112656933322
308	672	0.11536049101239992
308	739	0.11365625702268597
308	819	0.10799429561323833
309	438	0.20002898585761375
309	706	0.13034546087383178
309	789	0.1025708464783676
310	397	0.15160449374635585
311	426	0.12067141997363305
311	599	0.11083686863030884
312	462	0.10201454962456097
312	672	0.11224032672692977
313	402	0.10574799408425739
313	613	0.1099708561441223
313	774	0.10235629669054931
313	845	0.12218997446560545
314	687	0.10381571106889331
315	452	0.15673464211699645
315	467	0.15504859653796932
315	844	0.16952347786167118
315	856	0.12960478224995203
316	664	0.10255821381701653
317	513	0.10538037675690452
317	819	0.11238693172153619
318	370	0.1296903126784245
318	371	0.10319870587427558
318	427	0.12466722146688462
318	527	0.10530758170396018
318	529	0.10080679439747087
318	780	0.22769135886228029
319	726	0.13375098244617073
320	342	0.10260124401527514
320	439	0.14025770449987726
321	574	0.1364947379828121
322	323	0.11104479388549747
322	459	0.20039493610523867
322	470	0.14073987727884124
322	531	0.146328030416424
322	841	0.11291426134548767
323	474	0.10006668284974944
323	868	0.1102225172048974
324	874	0.1380544669669548
325	423	0.16419609714862862
325	592	0.11082952257486987
325	750	0.10884720902537487
325	753	0.19880927586896932
325	778	0.11807389336899833
326	359	0.10123248133101904
326	382	0.10261076282116648
326	433	0.15312595332783344
326	524	0.2020946015644666
326	560	0.10269101023952731
326	562	0.1155075193338602
326	621	0.11951617062725452
327	410	0.10605878541751278
327	733	0.1174739010537265
327	769	0.13570196192540468
328	676	0.1669294800427816
328	677	0.17156303998658695
328	808	0.2026907060910275
328	813	0.13523760482909344
329	455	0.1996792180385231
329	528	0.13071713833758558
329	646	0.11585425045362939
329	656	0.13639461317619736
329	780	0.12372998194871629
329	845	0.15489323266036786
330	668	0.1663285260542841
330	816	0.11106863868253362
331	444	0.16603977165473482
331	698	0.2026038808370895
331	732	0.14057432002835762
333	729	0.16542424986654605
333	805	0.14527669263905893
334	456	0.10803157037643654
334	586	0.10036974504722115
334	735	0.11638761580387261
335	424	0.10406232576535916
335	600	0.16550276817004078
335	619	0.16108961139676378
335	779	0.11114797834179796
336	337	0.13613326671760234
336	434	0.1026049247727174
336	476	0.10585551234460945
336	551	0.10144209871060704
336	637	0.13065171666350184
338	627	0.1038020431426423
339	803	0.20172042259941333
340	492	0.10052164253621404
341	440	0.1144289829658638
341	467	0.10294221572238652
341	644	0.10813769616761293
341	674	0.10110530836104864
342	353	0.10975234505142147
342	647	0.10137471024632916
342	841	0.117423502174028
343	512	0.1052910566649436
344	428	0.15353056918720345
344	756	0.18806799528408688
344	861	0.13286127332367648
345	825	0.10183138975417279
346	348	0.444308754897935
346	490	0.1012284226010521
346	505	0.13799077763279133
346	506	0.1223191228306586
346	715	0.10289967128293744
347	377	0.12686327159302865
347	580	0.11660140486282829
347	707	0.11422086384662562
347	709	0.14510102887559884
347	710	0.11882335171743923
347	716	0.10284487470163246
347	720	0.11921948661363051
348	505	0.11866607295598286
348	506	0.19389803058562605
348	611	0.10435157342029924
348	715	0.1334722326829931
348	862	0.11646563292605788
349	355	0.10314133456717922
349	470	0.10620612009648188
350	829	0.10580334576605574
351	644	0.11046676771753211
351	744	0.11115945453471064
352	363	0.10465968265234471
352	728	0.10533937772396594
354	596	0.14168992511876535
355	361	0.15156233035474295
355	476	0.10558638183500847
355	478	0.14353891335365662
355	806	0.13984391417308104
356	358	0.3538378357422344
356	499	0.1375481999120262
356	581	0.12309124687277727
356	754	0.1092814747158538
356	776	0.10828416554934767
356	799	0.11714061902046019
356	842	0.17075980025142434
357	398	0.11864464893882526
357	494	0.10030689246147445
357	566	0.11249839724273186
357	800	0.15778941228210183
357	814	0.10811470996500348
357	862	0.11416569938366515
358	360	0.10145705812556237
358	363	0.2869889644833364
358	381	0.12225943965679738
358	522	0.151863932642439
358	555	0.1749668119847133
358	776	0.12778065636211375
358	799	0.10115716622060457
358	872	0.13045770168714566
359	362	0.13085074560511561
360	363	0.35222946539997446
360	390	0.13233813499452796
360	436	0.12155371773417833
360	499	0.16570828873641952
360	864	0.1892940181117751
361	684	0.18167733353793997
361	806	0.2594610761921546
361	814	0.16465536588319027
362	630	0.10348890005146028
362	684	0.14233555356723465
362	789	0.12704537144981504
362	802	0.21363821435328673
363	499	0.11565651854664927
363	555	0.14496412136767123
363	599	0.10644982894672142
363	864	0.1265868030462326
363	866	0.10628463412919459
365	541	0.125645801994981
365	739	0.10108701151988102
365	847	0.12490142931993464
366	632	0.11412277554784166
367	421	0.18221911891991566
367	469	0.1251126036316418
367	631	0.1178036320968984
367	857	0.10262738417409907
368	387	0.13210290349456674
368	537	0.10007228100841434
368	539	0.10238857508348503
368	651	0.15461072733648198
368	700	0.12549276451387964
368	802	0.10079834746002514
369	380	0.10909254484661995
369	382	0.10479973409269727
369	699	0.12924481451585218
369	716	0.10379083225983957
369	735	0.12222371959602578
370	371	0.2497598510090766
370	451	0.10424935860084988
370	455	0.11090815516821854
370	628	0.1405785350867015
370	654	0.11649195112665328
370	655	0.12802669517508808
371	654	0.27119049908543563
372	702	0.12763212879874464
372	705	0.18175261083377958
373	643	0.12386878409451166
373	646	0.14588847438288446
373	662	0.10891260554668394
373	680	0.10721200335454961
373	713	0.16260035521436042
373	739	0.10666150480019268
373	874	0.10433546064774331
374	376	0.22472641036809854
374	801	0.11186917482216575
375	453	0.20612163259090374
375	646	0.10114287504343406
375	652	0.20949789004038308
375	653	0.10379160873431328
375	655	0.2421200092022843
375	847	0.10531903046808694
376	764	0.13032432471001174
377	390	0.10573486393547292
377	426	0.11790605800322573
377	430	0.10982213792127893
377	644	0.10521814239488489
378	436	0.24938392632752748
378	522	0.2655351198245579
378	818	0.12419445488967286
378	842	0.2842769962196273
378	864	0.29576300731900473
378	866	0.11631609395741792
379	492	0.10587983110839806
380	393	0.14500947776863224
380	550	0.16404515524473737
380	715	0.13763189728656317
380	717	0.11502345193520547
380	724	0.13410861595254497
380	846	0.12557272222953675
381	771	0.1092731099728831
381	776	0.11022718036210499
381	849	0.1401934690749954
382	433	0.12127425755174245
382	637	0.1068366555769988
382	838	0.1120005990880938
383	598	0.1281050810717608
385	557	0.11195281705704069
386	514	0.21981945100133418
386	671	0.10134812728172507
388	481	0.10553803951169898
388	733	0.11166210394086731
389	495	0.10980656319398709
389	640	0.1406542384379604
390	392	0.1955127234438941
390	433	0.14487316647138188
390	696	0.10599496327046981
390	861	0.100799260505821
392	467	0.10023414896718272
392	777	0.12411153850597657
393	456	0.14756222542229816
393	542	0.18501966616462398
394	396	0.14422113922479796
394	660	0.15382723894745967
395	397	0.11893940636478416
395	517	0.1050463670474518
395	872	0.12354389838266296
396	523	0.1219299068056685
397	726	0.12357705133530113
397	872	0.10169597930884237
398	466	0.15910350845119978
398	752	0.12113083920590689
398	754	0.12778208266355134
398	799	0.11167436802125533
398	830	0.12030386786643077
398	851	0.12519944925584972
398	879	0.12084557286981036
400	518	0.19094751937964174
400	649	0.10116712093096836
400	666	0.10079039176922457
400	854	0.11226353806507436
401	495	0.10672904211254786
401	588	0.3153313724313387
401	619	0.11833418580801632
401	763	0.15999116686598172
401	768	0.12950690530455455
402	470	0.12609107490541643
403	557	0.11066099491145859
403	641	0.10423276233543702
403	787	0.13497857732569574
404	467	0.13119358597276334
404	470	0.12493597535076024
404	474	0.1228048235023622
404	637	0.10212106378477223
404	698	0.10596772309344232
404	742	0.14434234909392107
404	841	0.2724783700885465
405	489	0.15139299394072975
405	491	0.2433450009827067
406	457	0.16547001712646972
406	500	0.11698072784873421
406	527	0.11929004901565059
406	749	0.10218558580177813
407	417	0.10835625200153547
407	419	0.18716813536576865
407	663	0.22831248118188802
407	667	0.1050880166020914
407	792	0.12530133360247506
407	823	0.36195443109933695
408	427	0.3071662332329524
408	571	0.13929392217455683
408	598	0.11957671794926987
408	750	0.15985197846754526
408	753	0.21229436254322626
408	755	0.1325590002199844
409	410	0.11902469673515362
409	481	0.10119697461119632
409	495	0.10120893349377344
409	741	0.14505961404117068
410	641	0.11805431408011464
411	423	0.11688151841106117
411	596	0.1175095714291578
411	624	0.17337513740196672
411	680	0.13340744259467083
411	751	0.2814523907385027
411	755	0.5908112489501331
412	434	0.14542488709560702
412	643	0.12063880699533532
412	698	0.10945633330400799
412	737	0.13711627628075157
412	814	0.15847238075962602
413	414	0.15224979942867578
414	649	0.10988095716180495
414	651	0.1014186813833586
415	443	0.14514898998990886
415	595	0.16044825649709576
415	609	0.30766741301411427
416	429	0.17331658444861237
416	663	0.1286870733952987
416	823	0.12603362825704253
417	419	0.22205397972129448
417	663	0.11050032701159
418	426	0.12238188597078402
418	551	0.12276417792135612
419	573	0.46361129653166827
419	823	0.15627499580453502
420	455	0.13479823444014943
420	646	0.1069249082614809
420	652	0.11056983298365618
420	683	0.12025953917096725
420	739	0.29799697618377097
420	755	0.12261723308954169
420	846	0.12833062384199465
420	876	0.10894470700544061
421	500	0.14486982541846805
421	564	0.1431242564635418
421	592	0.10429748870850364
422	463	0.17444589791620854
422	523	0.10639222183951491
422	565	0.14862782228925928
422	665	0.1016273662908342
422	756	0.10359470709825776
422	760	0.11419351645888418
423	755	0.3066800748381441
424	856	0.16230354083449725
426	485	0.11090105382516584
426	773	0.10202050458753703
427	503	0.15096391145891178
427	624	0.19591949785503782
427	753	0.22329780152449424
427	755	0.3641012154313704
427	776	0.14959971045122253
428	486	0.11419312763214465
428	521	0.1000063151142025
428	756	0.30250825263428877
429	573	0.24396308382845422
429	788	0.10947477290944774
430	822	0.16023986986677533
431	539	0.23418523566661628
431	616	0.2042503407731535
431	633	0.15657871029583
431	634	0.10589699553114801
431	651	0.1651112838138006
432	640	0.14414754990936815
433	439	0.18691699006626672
433	445	0.14297368645165123
433	447	0.10644288946898373
433	480	0.1252081142911664
433	524	0.11014033988250928
433	557	0.10299463272345653
433	713	0.13589024579904535
433	715	0.12311241550525308
433	719	0.11910146703545405
433	812	0.10391199382943654
434	475	0.10019061897425137
434	615	0.10666252438049655
434	698	0.3430637897442076
434	791	0.10586584966369196
436	749	0.10691473472694342
436	776	0.16249825332649417
436	864	0.32674878581659766
436	879	0.25286705825883043
437	447	0.29203293457630863
439	447	0.13875686298731282
439	515	0.12207930757653625
439	645	0.11473445413274415
439	703	0.13930290635742407
439	706	0.15598742954175202
439	712	0.18848465723794158
439	851	0.1127736656281301
441	711	0.23590569985287083
442	714	0.10868551650544855
442	802	0.13956528709077398
444	567	0.12180709547260962
444	710	0.11236134266843946
444	720	0.10407783501485857
444	724	0.10090208853028058
444	727	0.1621534533192636
445	447	0.15913134802391626
445	711	0.13072758098920112
445	715	0.15221629163829958
446	661	0.10740683574278787
446	700	0.1963586071938421
446	730	0.1077457009732807
447	701	0.19624575187011278
447	706	0.10098811838260834
447	715	0.14013543252954602
448	765	0.11640936081099112
450	455	0.1449197927812417
450	652	0.10560524905971491
450	739	0.13269050353531678
450	863	0.11066381428707814
451	453	0.34599697969045834
451	455	0.15951163342938815
451	652	0.2628412093223342
451	655	0.15940068911733649
452	576	0.10914231146124044
452	580	0.11501076581505038
453	652	0.24593798711018972
453	654	0.157690588989965
453	656	0.16841501897084712
453	696	0.1353181498067214
454	500	0.20356454989425848
454	862	0.14746167764422533
455	646	0.11119059978348046
455	739	0.10072936842512727
455	780	0.1021245401220469
455	845	0.11242260097737763
456	855	0.12598235068557695
457	487	0.15713589039405898
457	488	0.1288773188981171
457	500	0.13191015226016972
457	501	0.1964353096160084
457	505	0.17787351945908778
457	682	0.14575513949118565
458	543	0.13073352738233457
458	564	0.14501594671574175
458	594	0.10132284886553812
458	750	0.11449751100346472
459	513	0.10115243625004566
459	747	0.14973057532523298
460	738	0.10126330891264806
460	833	0.391505819401492
460	835	0.2176657261870852
461	835	0.10648714904775025
461	836	0.45946933469003615
462	463	0.45376074626851726
462	568	0.14516203947139822
462	822	0.1118766215262492
462	850	0.12200791352036794
463	521	0.11339008841086967
463	523	0.12827027167667618
463	692	0.17928176132951795
463	822	0.11077969342800742
465	466	0.10564752856500785
465	613	0.12176620321822666
466	613	0.17978438991841056
466	734	0.10350168350224427
466	739	0.1522382532623394
467	513	0.14634746490926612
467	557	0.1129696288966808
467	643	0.16483856968794725
467	759	0.11315235652936499
467	768	0.1111097723396965
468	518	0.10088131021723404
468	629	0.10074241934381621
468	643	0.10435183926386037
468	700	0.11840045066679729
469	507	0.10132872534978297
469	597	0.10761011869272938
469	615	0.1140946885700974
469	743	0.1448091633518079
470	524	0.11582952587457755
470	636	0.12203852294268387
470	733	0.11047683840853371
470	841	0.23251171493056483
470	873	0.13992525803628775
471	515	0.26539026986533115
471	829	0.11662412084586853
472	495	0.12260276242188001
472	584	0.17651717311872528
474	621	0.1483949938983391
474	673	0.1102567160563201
474	735	0.10380063687236497
474	868	0.1311608834896467
474	871	0.10079938655833853
475	637	0.11277388574572605
476	478	0.45759502174440786
476	532	0.11702858067334851
476	620	0.1486064870369945
476	875	0.1002152770452122
477	757	0.10478454653196802
478	620	0.13572317686184043
480	633	0.10207644241067212
480	867	0.10812647406318754
481	495	0.19197566713279154
482	490	0.47596527640349423
482	498	0.22675984770499394
482	676	0.11961389222895177
482	686	0.14926824557000837
483	484	0.2780744037935095
483	485	0.3890935885460764
483	489	0.1290946925674419
483	576	0.1332730319871714
483	587	0.11192788634510688
483	599	0.11556936856757166
483	750	0.10121741000667049
483	776	0.11091483959255757
484	485	0.23071729753741332
484	489	0.22891067859246658
484	541	0.13768362294839417
484	571	0.16666515513522756
484	580	0.10449356633277604
484	750	0.1369417689154252
484	776	0.12386287315215297
484	868	0.12602120304966205
485	523	0.10908791168616563
485	541	0.1284365904446288
485	571	0.11604179793577164
485	576	0.11831385549057198
485	606	0.12180615872331815
485	723	0.11314879036059138
485	776	0.10442404962828325
485	822	0.10469036244051301
485	869	0.39978197640623725
486	489	0.4271271996095816
486	561	0.11540313054755973
486	663	0.12073518358515349
487	488	0.31281664845583806
487	505	0.16759304030210037
487	559	0.10712852572384826
488	498	0.11045087320921848
488	501	0.21911566307332359
488	505	0.13518273554946073
488	506	0.1553736883644884
488	669	0.10839429428131635
488	682	0.16479622842236769
488	699	0.10858613084514586
489	491	0.2767861668576081
489	570	0.1123975970683046
489	675	0.10112435289751691
489	776	0.10554162903394543
489	778	0.11651012497440322
489	857	0.12160577249431226
489	869	0.22545168022370143
490	505	0.12000293281952121
491	672	0.11131266166245446
491	754	0.11854285991414758
492	566	0.1082271374424428
492	615	0.1053538337416272
492	647	0.1421289595901327
492	851	0.12768647017166193
493	539	0.1654134780353715
493	633	0.3003147188342881
493	673	0.10388337670402237
495	737	0.10573979895579393
496	567	0.12859633845271237
496	579	0.1149393092986868
496	691	0.10196082635209043
496	767	0.10483431702700559
498	506	0.10568894274103238
499	517	0.12341084614772105
499	754	0.10279751993792804
499	799	0.16385770546830233
499	837	0.30086745229585865
499	848	0.22602643936583547
499	866	0.2002608039086784
500	735	0.1364976502685633
501	682	0.1168752987378629
501	699	0.10984793007835085
501	724	0.10793705411208938
503	693	0.10736630367692239
503	755	0.11033440234808746
504	509	0.10748946426876745
505	682	0.11173130030419157
506	669	0.10793224209751559
506	707	0.12117961463697416
507	839	0.11150561433850079
508	798	0.11281256049798662
510	630	0.152907780718934
510	695	0.11879508289336643
511	559	0.13207862812205665
512	553	0.11290287365730661
512	632	0.11496581776984767
512	770	0.10166131376605811
513	557	0.18584838710608892
515	567	0.16341401596917718
515	868	0.1002428029798463
516	714	0.11090560820473563
517	872	0.11831895639183052
517	873	0.17214843211555866
518	562	0.10561867145876364
518	769	0.1356688358972448
518	854	0.10920983657292868
520	533	0.1266032772777287
522	555	0.14916492110021076
522	558	0.11097691210099332
522	776	0.18838399520848192
522	828	0.5753916089947461
522	842	0.29864048685202105
522	848	0.13083979683589148
522	866	0.13385083352249103
523	541	0.10119220382744469
523	739	0.12250969699074314
523	788	0.18127239280722315
523	822	0.26120996232078153
524	840	0.12904980153059095
524	873	0.1360018139893727
526	873	0.11651066814584414
528	653	0.24536106885530787
528	779	0.10498049407006485
530	531	0.15821951640857237
530	796	0.11674013144079781
531	532	0.12326526065171191
531	627	0.16812930956429928
532	620	0.1158766012375029
532	746	0.17040362628593467
532	819	0.12203083340345323
533	873	0.10059724903247608
534	558	0.10580131612196504
536	569	0.16736989087094892
536	769	0.10054667653833697
537	539	0.15308914310519187
537	600	0.1607644007494143
537	651	0.32091627935768385
537	790	0.1324821708184722
538	585	0.11213188705842103
538	637	0.1277195735464719
538	681	0.10882702287168734
538	698	0.10233919868145504
539	616	0.21975415569365966
539	633	0.3283242288266462
539	636	0.11616716234265434
539	790	0.10867483737790391
539	802	0.10234362926653169
539	843	0.12087558715128148
540	729	0.14993426561858644
541	847	0.15026670234065764
541	876	0.10896383624230349
542	600	0.11441694975764574
543	544	0.3738421110214681
543	550	0.43170104161639816
544	549	0.12522606113703344
544	550	0.1273562165190793
545	614	0.10616014658839562
545	718	0.13269225821348765
546	577	0.10889866373483047
546	587	0.10199269926797412
547	548	0.33021500198889026
549	801	0.13436284592605188
551	658	0.11863944172834634
552	702	0.10506300462587581
552	705	0.12737000102473156
552	750	0.2272212026892434
552	752	0.21736404840869927
552	754	0.31546706149637915
552	818	0.10950799741104479
552	837	0.1494936239434691
553	870	0.14969998554831287
554	555	0.10362765810904917
554	793	0.10180615197040385
555	658	0.10902564525769118
555	778	0.1391859186050288
555	864	0.17828977635666426
555	872	0.15416254745565763
556	761	0.1133944098055649
557	558	0.23096021450045706
557	634	0.1650320016724576
557	768	0.11757071893177891
557	865	0.28405342248142335
557	867	0.1608893299775754
558	865	0.2023417252638448
559	561	0.21743537266962687
559	701	0.13372751068897
559	841	0.10626274831078825
559	851	0.14759104128877015
560	621	0.11129731526468216
560	681	0.11139888136350687
560	777	0.181084793849095
561	587	0.11079529674995724
561	669	0.11008805913838932
562	739	0.10345119164087845
562	760	0.1253325122835009
562	875	0.1272410962347816
563	570	0.23729724110322273
563	576	0.12872600769288564
563	587	0.18165425198095872
564	676	0.13627404890122907
564	677	0.1016253216726033
565	566	0.4885051396417284
565	574	0.10579982248102429
565	579	0.1223153934491195
565	661	0.10754716469548874
566	579	0.29320228945816323
568	576	0.15310640986113636
568	577	0.18055221182421247
568	604	0.13709966127879286
568	822	0.1000795407847951
569	575	0.15079811422557887
570	580	0.18407290879054589
570	587	0.11826089723481145
570	734	0.12693565663960943
570	822	0.14989360982086986
571	604	0.12335102902388936
571	659	0.11290934862007974
571	869	0.19018629943481608
573	788	0.16066361855861827
574	579	0.11016696288613048
575	579	0.48546879294090933
575	757	0.11020395004013064
576	587	0.5074380036041531
576	606	0.10764341323186061
576	761	0.10743966754834226
577	580	0.13053871722151172
577	613	0.11771507988055244
579	757	0.13910578740937435
580	678	0.20104647762372513
580	802	0.10721874058247365
581	599	0.10315176647419456
581	830	0.13909700312236145
581	837	0.15614941103717048
583	851	0.1319705397304126
585	586	0.1485398270141714
587	601	0.10472402210272037
587	658	0.12527257800553446
587	703	0.1373691338756719
587	745	0.14970186815823586
587	772	0.10333366378340776
588	591	0.17502669404383178
588	592	0.10808449603058984
588	593	0.11813387368342392
588	666	0.10836848891547068
588	743	0.12378135965433786
588	763	0.1253256580668484
588	829	0.11421048876288549
589	723	0.10060178987255844
591	592	0.5049849464893629
591	596	0.1317973939586961
592	593	0.19377416968423317
592	596	0.3049455281190796
593	608	0.14679290496293018
593	612	0.10616836248809948
593	669	0.12001279087395861
593	713	0.10249752103946325
595	675	0.1298808140200133
596	706	0.10313464908355631
597	695	0.10792532534702813
598	606	0.20589492952370306
598	666	0.1001229857278151
599	830	0.11762580683734059
599	866	0.3149396723339547
600	603	0.15222352498740285
600	790	0.12770474704246018
601	604	0.40070198070016566
601	605	0.10826880964563441
601	606	0.3420311511443714
603	758	0.1124844888798085
604	605	0.24022764914297345
604	606	0.5401381268318091
604	723	0.11437404312774685
604	847	0.10165088993205793
605	845	0.11564317006871147
605	861	0.11041355411645691
606	670	0.10471120572719879
609	816	0.11194560615085074
611	674	0.14716739580614335
611	838	0.10756667735119345
614	769	0.10169569609623488
616	633	0.3156672168780349
618	647	0.10284180181751965
618	875	0.1562092108940201
619	811	0.11133523226680941
619	860	0.10870646261651395
619	876	0.12420034946171711
620	697	0.18038223355377495
620	791	0.10256859611343747
620	825	0.10789655075292381
621	812	0.10223353781566075
621	839	0.10193290501949631
623	846	0.10024744278350219
624	751	0.12411774213924129
625	701	0.12344012195028885
625	737	0.11306797238672206
625	810	0.18264207073578076
626	629	0.18053322157350685
626	631	0.10054627503296892
627	737	0.11009231769670946
629	631	0.21032451698661223
629	792	0.10980007939570978
630	833	0.12154413314416163
630	835	0.13132257894253596
631	643	0.10837258359482897
631	792	0.10448839333883908
632	817	0.18541872576925447
632	865	0.13358918465061856
633	843	0.1271225672069048
634	767	0.1350515769528519
634	865	0.1378369096236201
635	769	0.14746080879252704
636	790	0.1476056600175775
637	698	0.1165725355389677
638	700	0.13327070428510623
638	720	0.11521643843777017
638	729	0.11351576497234217
638	761	0.1992413759049188
638	855	0.10060554088352885
639	721	0.12942126673671484
639	803	0.1724142585873719
639	831	0.10265366740365317
640	687	0.11557386944970693
642	687	0.12200869644382621
642	705	0.18345824085795845
642	726	0.10878339856611129
642	731	0.1280084963002805
642	760	0.11063630581617333
643	713	0.10254519800526077
643	777	0.13627684286888145
645	844	0.18194567084771546
645	847	0.1222807156089329
646	726	0.1131624406387738
646	739	0.10188367015743899
646	847	0.48417262782583126
646	876	0.11603330045968263
648	734	0.12021969808816704
649	854	0.11649112103330285
650	659	0.10146060437008986
651	770	0.15674749006040845
652	653	0.1561185150484684
652	655	0.31664210654041725
653	655	0.3121485575077271
653	656	0.144236571850554
654	656	0.12240651854899884
654	863	0.10592953312612388
657	858	0.14287932619885535
658	771	0.10095575133164021
659	665	0.16296963514169538
659	768	0.12536811491550184
659	842	0.12057484314749184
660	665	0.27213019795299065
661	667	0.1402761117360288
663	792	0.10473200644761302
663	823	0.19144562160153034
665	711	0.12035137916505825
665	862	0.12569549583221484
665	876	0.10165443432611262
667	797	0.20464270848377392
668	675	0.21223911205518095
668	856	0.12500840945718925
668	869	0.11706101174118602
669	686	0.2108020172589273
671	679	0.3569107458598581
671	729	0.13571294973825934
672	812	0.13131602848609134
672	869	0.1508070920262866
673	795	0.12068036943875306
674	777	0.13294152103333415
675	869	0.12945162800862273
676	677	0.24343028459247348
676	808	0.15054400691941192
676	813	0.11498580560234893
676	816	0.17019570013740654
676	857	0.10385470548537852
677	804	0.11247365670490972
677	808	0.2740857961037702
680	683	0.12502097609297985
682	683	0.14298603601725957
687	854	0.10914594003676781
688	689	0.13408968038736843
688	695	0.1876998398227243
688	791	0.1793861208830225
691	694	0.30807328365857345
691	760	0.1688120327546278
693	773	0.13895122171182572
694	760	0.10931923143950185
695	871	0.1191709318604755
696	809	0.10462653465516814
696	847	0.10464055446926622
698	710	0.14085210201946707
698	716	0.11467967639360294
698	838	0.11065480468896702
699	704	0.14532688153497522
699	724	0.2997211434993737
700	731	0.11961806320715322
701	709	0.1075283607503572
701	715	0.15234327297644176
701	810	0.10219973695231528
701	811	0.1181948881466931
701	841	0.10172986220512309
702	705	0.3283982437505977
702	731	0.1403472083133366
702	752	0.13924618020721652
702	754	0.1388538534404368
703	709	0.21649476727992809
703	711	0.19264932640633975
703	712	0.2089845019429329
703	713	0.18731844596877603
703	727	0.10609676543582322
703	785	0.1348283149247234
704	707	0.16939266096485595
704	710	0.22693196685087413
704	712	0.10650135420239785
704	716	0.22227480964991592
704	724	0.12333171504373339
704	735	0.29112553644113287
705	730	0.18775947558056688
705	731	0.2794413247111854
706	709	0.20760788317626985
706	786	0.12181800387695885
707	710	0.37269720553357816
707	716	0.30982053319656006
707	720	0.198145399516678
707	727	0.15630743596524266
707	735	0.28972047102847265
709	710	0.12365692957271596
709	711	0.36207268429892586
709	786	0.12442211086182409
710	716	0.47640849741977137
711	712	0.4400123284244926
711	715	0.14065823526718574
711	797	0.11062855929822724
711	862	0.1390225134070728
712	735	0.10507356976269998
712	788	0.10688052663520192
713	844	0.10120998665801471
715	786	0.1158339074096631
716	735	0.1896719838832034
717	720	0.40626615768792607
717	724	0.4467525091248841
717	727	0.1634183833909218
720	727	0.27423743736302303
720	763	0.17108864571539015
722	869	0.1142385359607713
724	727	0.2043587140789727
726	847	0.1265244205503716
729	744	0.10118283037621961
729	759	0.22830880581905577
729	771	0.106258792069082
730	731	0.3320055665500721
732	812	0.11437218880543959
732	868	0.10559697241524174
734	740	0.1120021502087663
734	851	0.11879523979816682
737	738	0.13583101877831655
737	840	0.13041329021521159
737	873	0.10731350071320761
740	873	0.10611158885561726
742	841	0.1486707200991245
743	763	0.10402540360535587
743	839	0.11942206193194368
745	850	0.11869220610085784
746	825	0.2122607625283594
747	796	0.14454067708806423
750	778	0.28259654479167734
750	872	0.1325857387747461
751	755	0.17415605607130077
752	753	0.10037874582830464
752	754	0.15284839055174143
752	799	0.20894908962495823
752	818	0.16851081533939868
752	830	0.11179580004676591
752	837	0.10066614362135205
752	866	0.10064740491293335
752	879	0.1250563921700542
754	818	0.11200173716056305
754	830	0.20196604490074033
754	837	0.13207127503434374
754	842	0.12936829449215884
754	848	0.2053389755162389
755	776	0.11122271979621332
758	781	0.3032936270839008
758	788	0.13143342736710562
758	797	0.10650510238805427
759	769	0.11185222010643557
759	819	0.13523574118332168
760	767	0.24384766204793987
760	768	0.16479545715523627
760	840	0.1201605270852009
761	771	0.10907877735854933
761	793	0.10556398242078517
761	858	0.1050469321436011
762	811	0.12907801823047693
765	879	0.10638756343499806
766	823	0.10066797808034329
769	868	0.12098511038611993
774	848	0.1096513982542876
775	777	0.43127045232840133
778	842	0.15501991260985717
778	872	0.10731037170709148
782	793	0.20014703071510564
783	795	0.12499976174806979
784	832	0.13464173229115597
786	794	0.1079103847839709
786	797	0.22798145676483986
786	823	0.11403719641652511
787	790	0.10404717869059797
788	792	0.22187234551217405
788	797	0.1361857965976544
788	824	0.19953771639173917
789	799	0.19520596086763126
789	872	0.19452085046818546
792	823	0.1817407474586109
792	824	0.10268708542964006
793	798	0.24886300023122007
799	818	0.34107309632193483
799	842	0.19042989262850607
799	848	0.1145062768247125
799	872	0.5361296485545819
799	879	0.2196389200545317
800	814	0.2303033571923589
801	807	0.2266091508516299
801	808	0.14035300882555296
801	813	0.13718243564130245
801	815	0.17052446785098443
802	803	0.10601169849420118
806	814	0.12445047584979484
807	815	0.187967057967227
807	816	0.19581335421852736
808	813	0.35107844328851434
811	860	0.10634897349937499
812	868	0.10995441047844864
812	869	0.11377331135259122
813	815	0.12627003298153847
818	828	0.1759512682808362
818	830	0.27317683685238703
818	842	0.21295535141037858
818	848	0.2901761329009335
818	864	0.11587163712026124
818	872	0.1375990891997815
818	879	0.16704057071938183
820	821	0.23513192094300028
822	869	0.12665858958960288
823	824	0.4382936896565249
828	829	0.1025646555949377
828	842	0.329815970861644
828	848	0.31987322572032073
828	866	0.24109199684243204
830	837	0.22543913198247537
830	842	0.1186441246057462
830	848	0.23774600341778296
830	879	0.12816846083793162
831	834	0.1001204426034976
833	835	0.16625254046280333
837	848	0.1640320726780256
842	848	0.31661858370855744
844	847	0.12664872386380155
845	876	0.1095772004822102
848	864	0.10658070344020809
848	879	0.18098005789443855
851	858	0.1646421323421199
855	862	0.15110772942959513
856	862	0.13953040736646696
859	861	0.11203935615077702
860	862	0.10797937468319431
864	879	0.33922609215614935
872	879	0.16634813844903454
