2	452	0.12015802895420771
3	740	0.10970948184896681
4	234	0.10404877625966562
4	466	0.11191648052910566
11	73	0.10615894598164172
11	430	0.12947532919866686
15	16	0.11088498662821107
18	199	0.18715842199137747
18	203	0.10288122849534108
18	484	0.11725123662506737
21	302	0.10158233556087497
23	115	0.12051654301948608
23	331	0.10781981444588817
24	159	0.1449077541613177
25	71	0.1047678376706509
27	68	0.1305729843981224
27	711	0.11139885007369099
30	32	0.1201337043970701
31	499	0.13245980066556226
31	830	0.11957171909180338
31	866	0.1762065069877749
31	872	0.18356940940373764
34	400	0.1012915330201174
34	518	0.17285897038377893
39	40	0.1583147958094097
40	166	0.10041897651181875
43	51	0.15870766405840758
45	595	0.10514626202902827
50	407	0.10298461688153272
50	573	0.10182848274826761
51	646	0.11443266716417407
51	706	0.10756376733521109
54	640	0.10867899915579786
54	687	0.1298327494884536
58	249	0.10688363993249107
60	143	0.12521380148781386
63	65	0.17141409869500582
64	67	0.2694131255188482
68	71	0.15684035005514294
73	430	0.10216585620060412
73	523	0.1301240978919415
73	822	0.14591577671919248
76	263	0.1501659750863915
76	271	0.10732547646446339
77	877	0.1408934108596969
78	819	0.10327763050320918
79	265	0.1430825964024034
79	539	0.12924087805779536
79	616	0.14652019044870795
79	651	0.2775403979739617
83	276	0.1056790256424536
89	92	0.13784193740155912
89	325	0.24375679631921893
89	411	0.10950642891710434
89	423	0.17633821243812658
89	427	0.11962387359081084
91	322	0.13546237401052233
91	831	0.12479638209227122
92	325	0.11986379453190996
92	751	0.1628315884931618
94	411	0.13745397992424793
94	751	0.14169659748153776
95	107	0.1425161435081995
95	163	0.11292132796916585
96	99	0.10862644368238102
98	105	0.16472490044478966
98	766	0.21678417799006489
105	139	0.12215028485734034
105	766	0.2936424575910435
108	139	0.10798060671232697
109	156	0.10381047120893357
111	237	0.17099005382361548
113	491	0.12737134015293433
120	158	0.17735640227751545
126	804	0.15947346696606043
127	816	0.15887592623271687
130	238	0.1017626835602585
134	256	0.10407973435626827
137	326	0.1048215383629642
138	141	0.15075895378197934
138	142	0.10072794280277134
146	840	0.10722419043436794
148	545	0.19856555579513868
153	778	0.10792143612440819
157	498	0.15684213719464188
162	316	0.10457024197320124
164	288	0.19327039425124268
166	358	0.12153197740445408
168	211	0.12018894699172515
172	176	0.17231010262573876
172	183	0.13499693184139477
188	194	0.13262426392022053
188	856	0.10316366266683746
188	857	0.12704623429725379
189	200	0.21711574607153744
189	851	0.10484119268961593
192	249	0.19603517044611046
193	547	0.10401552064512755
199	484	0.10210859450826543
200	204	0.19737432630400206
201	206	0.15454211019184919
202	347	0.10842917996229723
204	208	0.22402520165363377
204	465	0.11747528918181273
204	838	0.11953153625735072
210	870	0.13326572574090156
212	279	0.11138425562503992
214	869	0.16492655260919264
216	684	0.11815753610703252
218	233	0.109118388939406
230	231	0.1002237366191099
232	485	0.12597945506880626
232	489	0.13247401039935663
235	801	0.1545149268854071
236	770	0.11473163288813648
240	783	0.1044436722516072
244	442	0.10846905732156764
253	541	0.10913258322217363
263	527	0.10276795371173784
265	644	0.1017038464240283
270	273	0.18000268858234367
270	829	0.12006766550569731
274	373	0.1207531474109121
280	826	0.11778646158359062
287	294	0.11078362583299031
288	598	0.1323542087108279
290	678	0.10871690640048352
291	295	0.28389237119721367
293	299	0.1125170699135074
294	299	0.12243619254875551
294	609	0.11786058919043169
294	612	0.18218219276845418
298	309	0.1179733177434117
299	612	0.1055663162167538
300	821	0.10571126507081866
301	733	0.10676472406286423
303	847	0.10376398857329497
308	583	0.1254176308621373
321	506	0.1004858774010117
325	411	0.10715888120285005
325	754	0.12004718531288353
329	370	0.2265372886613263
329	455	0.15210876664764808
330	564	0.10019826983358683
331	434	0.110386038713956
332	598	0.10306261334258066
333	540	0.12497435366154826
334	679	0.11088177870317087
339	803	0.305724223439315
344	428	0.18624925592775782
344	519	0.3043332326475225
347	686	0.1317921582051907
348	561	0.10459797951219023
354	592	0.10108825719271884
357	362	0.11028703477914027
358	555	0.11649405075316864
360	499	0.1129704103239773
365	375	0.3804980423216125
365	654	0.13226543563929835
366	380	0.10307734715957052
370	375	0.15548203304515476
370	451	0.1606412900881927
375	863	0.1183649085067147
378	799	0.19854971330983104
378	830	0.20201230892991184
386	514	0.12005349521981921
388	467	0.11549540175805663
388	557	0.102589126912042
390	679	0.11201557286317147
395	397	0.10430754892152129
402	477	0.11640232058553107
405	483	0.1233176347870252
405	571	0.104128376253195
406	488	0.1674673167110947
406	501	0.14941491724307918
407	823	0.107770785833383
408	755	0.18968460626025485
411	427	0.205911570003797
411	755	0.11256111755191085
412	444	0.11311604561069678
412	814	0.10799640414039301
413	414	0.11813954514589207
416	429	0.20303262668999722
416	573	0.2925813528037289
417	573	0.10735766712605041
420	780	0.1350638538429358
422	430	0.10017698299808062
422	523	0.1195539874799501
423	427	0.15608478471179144
428	756	0.29424079109803286
429	573	0.38739794267568295
430	452	0.13405483146687316
430	523	0.19744367624900255
430	703	0.11080880686533705
431	493	0.1271533176935646
432	832	0.1663041130456546
433	441	0.11785948323098204
433	445	0.17312154773691799
435	606	0.13269339673816793
436	799	0.15591115668032451
436	842	0.15910544919082042
436	872	0.16662181029078535
437	441	0.16176553469446556
437	706	0.1733176187854304
438	593	0.10924861978189146
441	715	0.10659936614059848
445	447	0.17369225359989102
445	715	0.12245472524519607
445	729	0.11231921644226833
447	715	0.16476883201494724
450	653	0.11521810666691952
451	455	0.22165941721057597
453	652	0.11270888977163442
460	833	0.2738218041853654
463	822	0.11159515818888575
465	466	0.15248819508586875
467	643	0.1408655890211145
469	769	0.14032380072517214
470	841	0.12171752839153104
477	479	0.15439744833247454
477	873	0.12590663905931612
482	500	0.14596244139289963
483	484	0.11513551223241399
484	485	0.16287046487319712
486	576	0.1433950203419888
486	672	0.10273305271227708
487	490	0.2833552214908953
488	498	0.11334765778692428
498	505	0.11185452125133268
499	776	0.10110566532756393
499	799	0.1182058715252689
499	866	0.10597141455980151
501	590	0.12757824171929513
505	506	0.2515222122579897
507	510	0.1284073932997802
508	829	0.10455255879782817
522	818	0.16401496657361425
537	633	0.1628196589192778
539	651	0.1340157652533876
541	774	0.10607534469625728
543	547	0.1491604884757395
543	550	0.2864578730119149
544	547	0.11995595672625221
544	548	0.15250809198085194
544	764	0.1613826850211596
548	549	0.10287295341101864
549	764	0.12527808108796373
551	855	0.10421747752701191
552	818	0.1497049728268853
564	816	0.11897334585824804
566	574	0.15118966056023286
568	576	0.21458229614761282
568	678	0.12023660336114964
569	579	0.17237974361050035
570	580	0.1942576634009461
571	606	0.11065274768986992
574	579	0.285062975331671
576	577	0.15972337434835268
577	580	0.1650285207437174
577	587	0.2603127844138732
578	728	0.1061565450574972
588	742	0.11391552248681967
591	593	0.18715030167271432
591	596	0.15224332526131815
593	596	0.11126396778211915
595	712	0.10619188792305793
599	778	0.10763011503651673
600	603	0.1307387900162708
600	843	0.10412226458666729
605	606	0.26560677008951245
626	631	0.2114441393414141
630	668	0.1002655167579979
634	865	0.15051676805499659
640	642	0.10724094231598466
642	718	0.108617067454325
644	843	0.15154097809065317
645	844	0.10557979830613166
646	845	0.18022606534139268
650	666	0.11458461420893429
652	655	0.10164637694400956
654	655	0.18193576789014512
655	656	0.3145188105406478
671	674	0.1331950382058128
672	678	0.3047336993236895
676	677	0.1896382101552051
678	869	0.1495255429194724
699	704	0.16606207090333414
699	710	0.17628400272507364
699	720	0.1490477886468917
699	727	0.13790699811631157
702	731	0.20559670689998183
703	711	0.28694936541070387
703	715	0.15090286686167154
704	707	0.1707521255961663
704	716	0.1260526342930379
704	720	0.11299425609176268
704	735	0.11019787816713998
705	731	0.25713368357995453
707	716	0.1817196957085559
708	730	0.1031693437494602
709	715	0.13549996564124225
711	712	0.11436454731365868
717	727	0.1461951190918998
720	735	0.17667578937578757
721	841	0.12288500462159441
722	723	0.10343702289576638
730	731	0.11987132314672583
750	776	0.11700424842878226
750	837	0.11681634641859322
750	866	0.14325415972794872
751	755	0.11472004816297537
752	776	0.23151244800786117
752	848	0.169769779899439
754	866	0.1224126594970102
767	771	0.1543445612289026
776	848	0.1644059503734864
778	866	0.10953806723860844
786	788	0.13108284538582815
786	792	0.11705961925639631
788	792	0.19073400940569984
794	797	0.10046297303659184
799	864	0.2402625580646668
799	872	0.23870786254793655
801	804	0.19671381569262508
801	813	0.10410674971371238
807	808	0.2331596676274047
807	813	0.29603851087543215
807	815	0.10810419066921528
808	815	0.2860988643861128
818	864	0.17161270079789884
828	864	0.11005910507866022
828	872	0.23661516838612057
830	872	0.1331906186671934
834	836	0.13960530486456998
837	866	0.1107925753128387
842	848	0.3683731963240328
842	872	0.2571746739439539
842	879	0.15019037672894592
845	847	0.11582574334952062
848	866	0.1263541642223517
851	856	0.1473653768433299
851	857	0.10117787392044093
856	857	0.23019495615122565
864	872	0.128457355020377
864	879	0.12527670206759273
