3	425	0.10791565769007122
3	640	0.1565934779348064
8	406	0.1020261823125604
10	625	0.10551229433780727
11	523	0.10339392428414258
18	857	0.13057445545023819
24	159	0.2563206717714876
25	26	0.10006580361978862
27	68	0.13907973502399046
31	864	0.14287637589369293
53	630	0.1476998160491318
54	642	0.1553676384287837
63	67	0.1118544734916434
70	73	0.2561920422250318
70	523	0.1178118547838635
73	430	0.17590004487895425
73	523	0.22667927515857966
75	414	0.10583109431883213
75	697	0.10399608902746436
76	263	0.11001631452768168
79	245	0.1612575083472813
79	265	0.11965566783738599
79	539	0.1367736957455937
82	500	0.21018823713712612
82	506	0.10935768319693645
84	85	0.1440557496309392
89	408	0.23654555850254838
89	411	0.22946356065925877
89	427	0.1876047062177907
89	624	0.142320078393373
89	753	0.23973240140806587
92	325	0.13231566429367836
92	427	0.12175480570638247
94	325	0.10681693055134217
94	411	0.34909330127780713
102	766	0.15985250301412032
114	764	0.11989608439038775
116	292	0.16810623234423427
123	252	0.10685561760053147
126	668	0.11964694342429545
135	769	0.10171491080789884
139	766	0.11945633017098575
145	542	0.16867138605188894
151	779	0.11324501485950121
151	780	0.12431904558639414
155	389	0.11475540858637205
164	540	0.10495783464505855
164	805	0.11896317574742382
172	484	0.10824144195406128
174	176	0.1474394394831305
176	180	0.16103763720936953
180	183	0.1031634315882827
188	196	0.15045139230825366
189	208	0.12135143157304651
216	246	0.17867557143927795
230	332	0.11108829057838135
232	489	0.1049369244813473
237	461	0.13138332316165527
238	404	0.10074095570980461
243	378	0.10179733252817795
244	560	0.10028823051502571
245	265	0.18206017282601256
245	431	0.16376755774373555
245	537	0.16690572624187505
245	616	0.11463148453961387
247	721	0.11758402819880502
249	253	0.15663119507436118
255	466	0.10907499365807277
257	834	0.10340508953831025
264	536	0.16109481697129607
265	493	0.1095846261224052
269	273	0.11253996585025272
270	273	0.10925817731949164
278	410	0.10248716836104975
280	300	0.12642799964791274
288	298	0.10137586663770097
290	292	0.11819344860425472
290	312	0.15826487714958434
294	612	0.1281259507480551
299	309	0.1441781070294054
315	645	0.10608270325609105
320	356	0.10178105080622493
320	358	0.1057370557876107
325	423	0.30024115290987197
325	751	0.16218921195958869
328	330	0.11569598706353759
329	375	0.12687188694180795
330	813	0.11102137228994478
330	815	0.10579213846111919
346	348	0.14132584576473053
347	348	0.11742313994590035
347	686	0.10703184203480529
356	358	0.1412548566797614
356	360	0.12540176978956155
359	362	0.1166142906815257
365	370	0.10145912111484962
365	656	0.1487590203360368
370	371	0.13016829278785644
370	375	0.13684336355553414
370	455	0.1190772031562556
370	656	0.11624406691890475
371	652	0.1563769147015955
373	706	0.10701123395670888
378	522	0.10922161111604636
378	818	0.11106563980112047
378	837	0.13715789254696029
391	396	0.14187429616525185
393	542	0.1511889132491033
411	753	0.19869208996802276
415	612	0.11723595262801767
417	788	0.10022820742113195
417	823	0.1087919940876687
419	429	0.11217208324716538
425	558	0.13150604276645178
427	624	0.1282182030651767
430	523	0.30042726955054583
430	792	0.10290070418267974
431	493	0.10563399207496997
431	651	0.16975399730032822
433	447	0.1675163174109835
433	535	0.10354846050857772
436	842	0.10461822812150995
437	445	0.11778990682926807
445	701	0.10131248807003859
450	655	0.11854106016883822
451	652	0.10906958719181477
453	455	0.12965278940227332
454	500	0.14395742170225018
460	834	0.12484364802659795
483	678	0.14173579842312886
483	869	0.14837811371939838
484	489	0.1602343163961704
486	489	0.14811254965426582
486	869	0.1250745315855865
499	522	0.21038943548848163
499	818	0.13840292342754085
499	828	0.16480402651421533
499	837	0.10700280501907128
501	505	0.3347344657136653
522	828	0.1173132071336298
522	837	0.13425648613324237
522	842	0.11737212898818608
528	655	0.13701228575086097
537	616	0.10014889245242675
539	651	0.1291298630001412
543	547	0.14131220284123822
559	561	0.12623363214742955
564	816	0.10805893714386527
568	570	0.12235673838198684
569	575	0.27950224421889835
569	579	0.17356210400550928
570	587	0.18726176441717104
575	579	0.14515280966488728
591	593	0.16662347903275815
591	709	0.15352412580940716
593	595	0.12282054347232274
593	596	0.22217410612155417
599	830	0.11166160997957275
601	604	0.10761954130477265
604	606	0.2190913553225004
615	617	0.10545228713962862
616	633	0.13545537249857437
643	715	0.10172992084351982
645	859	0.11533320796382818
652	655	0.2715215994481782
660	856	0.11036643365898238
668	676	0.13037445876501566
668	807	0.13640485097970292
699	720	0.1785953816885038
699	724	0.12618195853177466
699	727	0.14515567888434283
702	708	0.13644816162333898
703	709	0.12400642272571023
703	713	0.11127755605370303
704	716	0.17431036082183168
704	717	0.10792986796716744
704	727	0.13965187282092098
707	716	0.1832947532221035
707	720	0.15919775432420152
710	717	0.11348878458320072
710	720	0.1113065335726032
713	715	0.2784077534473051
717	720	0.12643280226770678
717	735	0.2583897089851667
720	763	0.1194171861727618
722	726	0.17487870126256852
724	727	0.23524106295144398
750	828	0.11255628448864285
762	772	0.24717564361240685
774	847	0.11175886843933562
784	785	0.12498449338690125
787	798	0.17818658723582595
801	816	0.10664032866999511
807	813	0.21636996296996494
813	815	0.16648350088476757
818	828	0.21957550538865722
818	848	0.32545956619027644
818	866	0.11233023116075301
828	837	0.21519050072968263
828	848	0.13621857962888267
828	866	0.20810481856155316
830	864	0.14398645776638574
830	879	0.1642932826920964
837	848	0.20962478431764997
842	848	0.10389853234044243
842	866	0.1159769827310737
848	864	0.18488040852630722
848	866	0.1332264824394112
864	866	0.35608577055096696
