8	482	0.11146966991602306
11	430	0.1134321430678115
15	16	0.1015877747024958
23	434	0.10541844346141568
31	522	0.16632503269503268
31	776	0.10504604647560421
31	848	0.19362485532106946
31	864	0.13760285737027375
35	131	0.11181929788519218
37	39	0.12205125838263013
37	40	0.18827756068990298
50	417	0.133351707545284
53	424	0.11428228101827684
57	789	0.14352011333192935
63	65	0.12344467103927863
63	66	0.15958761660832296
63	67	0.32531302646465193
64	65	0.3179169297086836
65	67	0.18032202635020556
66	67	0.13100897106240456
70	452	0.1340121029330878
71	445	0.1024551441035286
73	430	0.1444430398587403
73	523	0.10281023461743656
75	697	0.1212714084577327
81	130	0.19695537328862314
81	618	0.18180878807413162
84	85	0.14405833614681157
88	324	0.19306868785204784
89	753	0.10211083253553911
92	427	0.10685318116199531
92	755	0.12086790836745388
94	408	0.16115481453287395
94	427	0.10501393529891208
97	503	0.1327137567726772
109	211	0.1253833384689247
126	128	0.10169640888508691
127	330	0.10308589733495174
133	361	0.1147179875606139
162	163	0.13940526090569802
171	176	0.13821837854381225
174	180	0.1329038468226706
188	203	0.1833313681682664
189	200	0.1643722651079351
193	847	0.10271204921191973
202	207	0.13096335833997913
217	775	0.10204909897609857
232	723	0.10268273471678362
236	831	0.1640244363282801
244	492	0.1327165208269443
265	616	0.1138551252828484
271	274	0.12934552524640947
290	292	0.15847984972640264
310	594	0.10642240121169937
318	655	0.11060180975106167
325	624	0.1472013586257921
344	519	0.14018116676764816
344	756	0.10866092162661514
358	360	0.1496513742706651
359	362	0.14002123019727958
367	421	0.12452197596556387
369	380	0.16507588174912763
370	655	0.12406844091284978
373	380	0.15293134628749283
374	547	0.11903010968303168
378	799	0.12948409596844404
388	401	0.1023580955457285
391	396	0.23342561005933146
393	542	0.10826068110987111
402	433	0.10070234767957494
406	506	0.12665265771798606
407	416	0.11906752260777238
407	417	0.24997404578736468
408	411	0.15859008678069736
408	751	0.12855663521723681
416	823	0.10861917850111061
417	419	0.18053723150561957
420	780	0.10201033256240188
427	752	0.1112787123107793
429	824	0.11463029379587598
433	437	0.11385194127419625
433	439	0.128413314547098
436	828	0.12887835148087573
436	837	0.16099020393988364
436	879	0.18528556330636706
437	445	0.15746790757533335
442	714	0.1452154383806583
444	763	0.11612052084511684
445	701	0.16368485992302437
450	451	0.13036644034701986
452	523	0.1572982228401885
454	490	0.12731590640633464
457	482	0.12569794856966002
459	770	0.10407680298673387
460	461	0.10574278138785377
460	836	0.12079843023764014
461	833	0.16766409615796823
461	836	0.24566672930701458
482	487	0.10867068719809254
482	498	0.12950753888818903
483	485	0.12066122981443445
483	486	0.21021168323759296
483	491	0.11464432063760834
483	869	0.14897490138766997
484	750	0.12129437673976856
486	511	0.14065483327346168
489	869	0.12266808995251711
491	511	0.10966682008926491
493	537	0.16170615936512622
493	633	0.2546916495191941
522	842	0.12488332583696395
522	848	0.16301438071910707
539	633	0.13426135920209306
543	547	0.16805839168338343
543	549	0.10085771186650408
552	599	0.20936682123496372
552	752	0.14140014678571897
552	754	0.11618925734071905
555	866	0.11076290335443051
568	577	0.1357366584615059
568	580	0.128134326322894
570	577	0.10952502228127531
570	580	0.10716657490307219
576	587	0.11908440086829432
591	593	0.1955329387914597
593	595	0.10110648618092831
593	596	0.18836481287423412
616	651	0.12253256581224659
632	634	0.126175991769261
646	845	0.11457053187402916
652	656	0.1520972320916828
653	656	0.12435268617719483
671	674	0.11481211118869718
699	716	0.1151995217512176
699	720	0.1984699692116291
702	705	0.15042465587210788
703	712	0.11180015003374641
704	720	0.13076048413014085
704	724	0.2412885868481078
705	708	0.18223379802964856
705	730	0.1428144654251886
705	731	0.3055087573634376
712	713	0.12952372564826178
717	720	0.1266239795409441
720	735	0.10899614210482989
750	776	0.19010545823785427
752	776	0.16901419903959924
760	771	0.12827923220865797
776	848	0.1257740488746189
792	797	0.29289457236850247
799	818	0.12827572089095912
800	802	0.10019125456730213
804	815	0.16867291163634196
807	813	0.14635683444510056
810	825	0.14203901136699876
813	815	0.13748151705068698
815	816	0.10540723466474278
818	828	0.1942240255136116
818	830	0.14132287191525994
818	864	0.100706395236663
828	864	0.14236513983851004
828	872	0.10398962900933104
830	837	0.1249098160194479
830	842	0.11629966061739326
833	836	0.1766827520877043
851	855	0.12050403919668128
851	860	0.1265794130283721
864	866	0.14974873237634692
