2	11	0.14265123570884725
2	430	0.17332150990372477
8	669	0.20658383999058777
10	625	0.18454817883958835
10	810	0.10264974216527577
11	430	0.19399353542105383
18	857	0.10209585668130855
23	28	0.13298995306164263
23	115	0.10463921166682796
24	159	0.10994301846047662
28	112	0.11829627711559482
30	32	0.13808375940311554
31	522	0.13561682241311854
31	830	0.14167092872666592
31	848	0.19921637199972797
31	866	0.17808992973834475
37	38	0.13237518010341298
38	39	0.26792342780839346
41	399	0.18780895861003438
42	520	0.10426360502518178
44	400	0.14188755087790317
47	139	0.10311655043989275
48	646	0.14829752241671337
50	573	0.10272380641813854
54	425	0.10445907565253093
54	640	0.14237261535760376
63	65	0.16473899817337354
65	67	0.17659726735195008
68	71	0.1259668454987685
69	72	0.2792423637239982
70	73	0.11844330349425099
73	822	0.1263510763021386
74	762	0.1111765380607684
89	94	0.16609909232822148
89	624	0.12304279389669806
89	751	0.10310681434897923
89	753	0.11525531292173943
92	94	0.27191985341552344
92	423	0.14796346919563286
94	423	0.3780332164174697
95	162	0.10838872749550273
96	99	0.11452082544806133
97	457	0.10412887359774799
98	139	0.10716659714284599
99	331	0.10772115965114978
102	108	0.16270408837229183
102	766	0.11039597262857324
109	115	0.10669813532644477
114	549	0.12558813737151833
114	764	0.12485540914761765
114	766	0.10913882565023664
116	290	0.1280849496621913
120	158	0.23673407705840155
126	128	0.18175290268885833
127	128	0.24608201383912678
130	618	0.20953251002337778
134	635	0.26946481644220893
139	766	0.24728825482556374
151	318	0.10692752585557419
151	739	0.10748066553221046
153	846	0.13497973174111716
158	626	0.11531697965930164
162	532	0.10306010555319726
169	181	0.10156106980655503
178	182	0.10075184177490903
182	271	0.13314927331313
182	274	0.10878558270105908
184	264	0.12172208238984517
189	208	0.2776339713867789
190	759	0.10336001698684745
193	303	0.11282187708458354
194	196	0.14455920872876543
198	202	0.17242764149758263
216	340	0.12324951181527047
231	682	0.15051144863612442
232	590	0.11921239732884356
234	503	0.10763710749372918
236	831	0.11624455682553964
237	834	0.17186096003565787
245	651	0.18798026919916197
246	494	0.1825577867066311
247	495	0.30816701146493214
249	253	0.11820592167270506
257	258	0.24323825728929888
259	633	0.10446656172094208
265	493	0.11393066231229253
265	633	0.1356538867476881
265	790	0.11470090412860988
271	274	0.12774244453801134
273	498	0.10451249376432654
278	507	0.12200739678573301
285	650	0.13313909057611886
290	312	0.19364305801031373
293	294	0.31226738922201913
293	415	0.10750234737557664
301	794	0.1260200105206173
305	821	0.11362841398594155
318	451	0.1000753870315676
322	819	0.13132342989436685
325	408	0.2048951670096843
325	411	0.14791387600275532
329	371	0.1454134263238112
329	450	0.10774959134854936
329	652	0.1408487611820464
329	653	0.17298873908990076
333	729	0.10498097333411438
344	519	0.17227987073653883
344	861	0.1505736785772058
346	348	0.12210316634777713
352	537	0.1163727314957985
354	591	0.17162470623933934
354	593	0.10429672843915462
354	596	0.11123088821045686
355	480	0.18889778763709544
356	752	0.1399732211290801
357	359	0.14983106903901497
360	363	0.12086813928983717
360	555	0.11194518126729819
361	362	0.10344552360052507
361	621	0.11247938673456319
365	370	0.22652086445772074
365	652	0.10626613727917072
369	373	0.19161492510100422
378	830	0.10256363897403337
378	848	0.13490071197322132
378	872	0.17304043942271707
382	524	0.10004016262845755
386	514	0.13293133861748094
393	542	0.16695032692768136
407	419	0.10002535126089376
407	573	0.15318902038294732
408	411	0.2818104450410174
408	624	0.10957602445656223
411	751	0.198217318887546
411	753	0.11413660911108979
416	419	0.21103316409042852
417	429	0.15383218651207992
417	573	0.10406548452029418
419	823	0.12842481760916494
423	755	0.10958708856088072
430	463	0.10003674295946353
431	537	0.11868752924857569
431	539	0.21546707563531384
435	438	0.10946028333254541
436	818	0.16396354104476382
436	837	0.13015855761897316
436	842	0.10110395006571174
437	439	0.1154855271797444
437	441	0.14263978724384824
439	445	0.20120365005543775
441	447	0.20574686356032337
441	709	0.12548477300622823
445	447	0.2304957569569228
446	730	0.11986684229517314
451	654	0.1053099650188508
453	652	0.11141268329464017
454	482	0.22545788718214121
454	490	0.1463614696517026
454	501	0.15293769629455395
457	482	0.20392594464847577
457	488	0.10181717672046611
466	650	0.12175850092029113
476	480	0.10054480597040276
477	479	0.2744753042218693
478	480	0.12988985346544438
481	721	0.1128872749995404
481	841	0.10436037240916995
482	488	0.12658379048992832
482	506	0.11025330805182922
483	486	0.25547670229698327
483	601	0.12672380202911993
484	486	0.14646427955545188
484	678	0.10983576220738085
486	489	0.12037429470886996
487	501	0.11164385053898303
490	506	0.11346264011495212
493	539	0.1270461012899299
493	633	0.12718404185840437
493	651	0.1148161681954651
499	828	0.12867897410019416
499	879	0.12010637239040409
503	675	0.1075493467658387
522	830	0.10375799315168185
522	866	0.11310331795587836
522	879	0.14666326188801465
537	633	0.14966200708726518
540	657	0.17759131496611388
543	544	0.17942040908421703
552	599	0.14123640434232781
558	865	0.1051128636737898
561	869	0.10997905971392188
568	577	0.2071674496660587
568	587	0.1106338047097039
569	574	0.10736851449022106
569	575	0.38097155098815294
570	587	0.14861944568569355
571	665	0.10340735901795645
574	579	0.13573098988530277
591	592	0.17301570047157505
593	596	0.1917151464070908
593	703	0.10971624667680807
599	752	0.13529715910759865
599	848	0.115627969967653
601	605	0.29628924988889577
609	612	0.11517059623000028
617	696	0.10741736243566735
633	651	0.12648811069212
633	817	0.10484218071772343
638	811	0.14583981783542596
652	654	0.13778495125878432
652	655	0.16067089671331902
653	654	0.23664079971089444
660	665	0.21919943060102656
665	856	0.10224943974991814
668	675	0.18330994541201281
669	682	0.13534084958763257
671	679	0.10414341150675545
672	678	0.27039139158516595
674	679	0.20828667191746517
675	804	0.10356605489747847
676	677	0.1142840266115623
678	869	0.10457682636514092
693	773	0.11006067846329369
699	707	0.10585966547254991
703	712	0.12788637983141748
703	715	0.10139451674183375
703	788	0.1110968345442899
706	711	0.20080207936782488
706	712	0.2755423422561506
706	786	0.11831824399957423
711	786	0.12361004613810078
712	713	0.1520635483561812
713	715	0.15763466473374688
716	717	0.16880705994987702
722	726	0.10958362366456906
723	726	0.1253694406235202
730	731	0.2182326293931645
750	754	0.11091083997116556
750	776	0.10348985930355567
750	864	0.1105450802464891
751	753	0.1812254463946629
752	776	0.20368207233449695
754	869	0.10488022680612247
761	762	0.14276085186628182
761	772	0.1670266699502238
776	778	0.11973656967545962
787	793	0.13126210589916829
788	792	0.2328680015660884
788	797	0.12025970233532404
799	830	0.14721007777045672
799	837	0.12174913619688352
799	864	0.26743885082768015
799	872	0.12488036818189067
800	802	0.10105523394808277
801	815	0.19178295404083126
807	808	0.10501596558860447
807	813	0.12002584658722443
807	815	0.11517168575021916
807	816	0.18379633816980914
813	815	0.14192808987542488
818	866	0.15977474835394406
818	872	0.12354264428081897
828	872	0.12445099684652348
830	837	0.10748279106489661
833	834	0.15318908047977392
837	842	0.10720320979889088
848	872	0.16775996615693334
851	855	0.1255286247933823
851	856	0.11641460718939707
851	857	0.11476044255700361
858	860	0.15921749251534276
