0	264	0.11390479502831723
3	54	0.11339483324921926
3	418	0.12495684197273885
3	425	0.23961262679241946
3	642	0.12968628983665287
4	201	0.10795917066444259
4	666	0.10070832917741385
5	87	0.1024703350961758
10	625	0.24266550801990314
11	70	0.279825450472234
11	73	0.1727504326722875
11	523	0.11180381937105577
14	437	0.10019735044391699
18	855	0.10999858410209827
19	390	0.10329761499447415
24	819	0.10364869467278268
25	71	0.10632254090695216
26	42	0.19081788573078998
26	265	0.1175837249009096
27	68	0.16598058688063094
27	71	0.2581762660895441
27	441	0.1040292059681262
30	426	0.10586285994702087
30	551	0.13748594897778582
31	499	0.18760684250063894
31	818	0.11855267473231504
31	842	0.10123050319147942
31	864	0.24617513708606728
31	866	0.12051070880855853
34	518	0.14574601982505267
35	69	0.10402385149247145
35	868	0.10246936613447032
37	39	0.24935650883537983
37	40	0.2697216934457702
37	166	0.1021099590235985
38	39	0.24861652012784827
38	356	0.13177638149346432
39	601	0.10057740647642872
41	399	0.18045483556210937
42	520	0.13065009043820847
44	400	0.1398632599722476
45	864	0.10764503803676637
46	607	0.11252395299789822
47	139	0.10875224613394885
48	51	0.25195956686804954
50	823	0.24766669255142873
50	824	0.26743873596207896
52	168	0.1192932474142151
53	630	0.10353789764918074
53	685	0.11856041172699203
53	855	0.1139826873946351
54	418	0.1232501341562499
54	640	0.10344595151830883
55	348	0.13485813145431014
61	185	0.10972201854145501
61	625	0.10663941014508886
63	64	0.13447831421674827
63	67	0.12483382622711547
64	67	0.3152911861046716
70	822	0.11133507200849932
73	430	0.26081532677202124
73	703	0.12893568464606048
74	184	0.1347443486541403
78	768	0.10657607778193602
79	493	0.22292389977989033
79	633	0.10212042237666151
79	651	0.22425577219520723
81	130	0.10744866954458879
82	487	0.24569675338327035
82	488	0.20446799143572986
82	490	0.1911770383716103
82	500	0.11878849800840151
84	85	0.10715447558801218
84	692	0.11245421307027531
85	255	0.1396623469313882
85	692	0.17084609111992521
86	322	0.1428310766323371
86	733	0.10096648720919112
88	324	0.1466844441870011
89	94	0.20047951460571026
89	408	0.21095874855243435
89	411	0.12338606863728989
89	423	0.24526707361598066
92	325	0.17093739118961235
94	325	0.20410804966881535
94	408	0.1466519134912234
94	411	0.16697304758547074
94	420	0.10040988605306884
94	624	0.24585515183972628
94	753	0.13488179183498747
96	112	0.214982283648812
97	197	0.10695228976173644
97	503	0.18995981475914986
97	574	0.1124148555457493
102	766	0.15436405228889144
108	766	0.13203180180857466
108	824	0.10009198606398154
109	137	0.13059876669529422
113	484	0.1003655065945672
114	549	0.11721687520824635
114	764	0.10887933724195198
114	823	0.10990951696025086
116	290	0.1923138731596297
116	292	0.3845473400149846
117	765	0.12385428633832195
120	158	0.15776122496261735
122	135	0.10275321296601228
127	330	0.21088468345709688
127	815	0.13010810082061924
128	328	0.13592997413182023
128	804	0.10985974572230152
128	816	0.12615385920435673
131	621	0.1688996257214485
131	839	0.20981695131042954
132	492	0.16548809779099774
132	589	0.10078610952153064
134	635	0.12060768858650768
137	477	0.10488019327076675
137	701	0.13497480463397182
138	141	0.13181719284214075
138	357	0.10237677942127248
138	802	0.10983248483101901
139	766	0.10845950578542304
140	142	0.14293905884196215
141	357	0.15464502887320702
141	802	0.13539579123376572
142	714	0.11140063125293939
144	513	0.13385378609576834
150	765	0.12923016396025572
151	847	0.1398349745954397
153	543	0.13479501489226867
155	389	0.1941681980949114
158	391	0.10077795625868687
164	288	0.1286574446125455
166	299	0.11564816151472873
168	176	0.11596288002132436
171	174	0.1888765537509927
172	180	0.1259987246062947
176	179	0.10037505930207147
176	180	0.14969791566665253
176	183	0.1848424375270635
178	182	0.13334683138186199
178	271	0.11631304329190262
178	846	0.10265757376668429
179	232	0.1225806679820807
180	183	0.17394119391632307
182	274	0.16403598026906552
182	351	0.13962532374475378
184	239	0.17193399548452923
184	401	0.11045216151923937
186	235	0.11507700618732274
188	194	0.1068363462475691
188	199	0.251193567997707
188	203	0.1347237285403891
188	869	0.10517369473238097
189	208	0.16194397117335976
192	232	0.11563961455423526
192	249	0.1012780174417008
193	303	0.14097657574128683
193	373	0.10868557718944868
194	855	0.17132935764329138
195	204	0.11205935372621662
195	206	0.10304495607124264
198	554	0.13531249437245796
201	502	0.15210442247042397
204	208	0.2367563429526855
204	779	0.10656584571997513
205	845	0.10239805186067898
205	847	0.13414877112527943
214	486	0.121152881675882
215	483	0.10933485599896442
215	489	0.13126518567031906
215	570	0.1416910982996108
216	340	0.11430265940114626
218	233	0.10987131643304372
219	583	0.10071092726363752
220	381	0.10272455627125748
220	734	0.10531635906656026
222	728	0.10518904191675184
227	315	0.12219033657530969
235	675	0.1141339920670742
235	813	0.1117200960871328
237	460	0.2166841603221311
237	834	0.16678087286249546
244	246	0.1256858806889098
249	253	0.2199448957009258
249	774	0.15482717131823906
259	539	0.10396467984533517
260	708	0.106415143164357
263	846	0.13695387650647026
272	814	0.11668044821748962
275	560	0.11661090860218933
275	718	0.12350893385893255
277	687	0.10367295112703295
278	507	0.10597015687178374
280	300	0.14866927992299286
287	294	0.14630806283870953
288	309	0.10331822232154446
289	694	0.10526019156985145
290	292	0.2350764879307136
293	415	0.10290161749861006
293	609	0.12152784830938135
294	299	0.10518982517754169
296	310	0.13095409619964793
303	646	0.10934771257263191
305	826	0.13481499734180966
306	443	0.15194136737111422
306	588	0.13197842535615933
308	489	0.11550460696908779
311	599	0.10506325402877736
311	702	0.16214784081436687
312	773	0.1011446250629483
318	847	0.13481912276030195
319	321	0.15085602451317037
322	467	0.10420408930330549
322	742	0.10647854355439117
325	408	0.15775581419192455
325	753	0.17023208522101327
326	621	0.12820529188104623
329	450	0.13382125564100153
330	807	0.11703080065525251
331	434	0.11124328325007259
332	755	0.10258870416467224
339	769	0.1580414100210487
342	353	0.11839621588010214
344	428	0.2618012210448285
346	348	0.3189146191628311
346	699	0.11212039301324472
347	490	0.12948804975583272
347	498	0.11390423798716448
349	351	0.13689040513692602
353	393	0.1230078667874279
354	592	0.16446830337842339
354	596	0.15363143331372578
354	789	0.13208940081842496
356	776	0.16436544254226634
357	361	0.16042925209965392
359	814	0.13416979749471106
360	866	0.1293745298476681
365	371	0.20843022032773995
365	528	0.14309108986398406
365	653	0.15610837605361527
365	654	0.15389296964227742
369	373	0.1190651679099425
371	451	0.10365300879096591
373	548	0.10501037499528483
374	376	0.1094500157711548
375	450	0.13598788599154443
376	547	0.11445310721178459
377	497	0.10699131683938634
378	436	0.17232414778084526
378	552	0.1411301361745791
378	842	0.20997494449770374
385	759	0.13101858622883764
388	670	0.11037924090852877
391	396	0.24645408697325769
398	739	0.13837553485458753
398	797	0.10025948115529187
398	828	0.10897684200424401
406	457	0.1063021333305234
407	429	0.150485617953884
407	573	0.17535328994614177
407	792	0.12603375431189542
408	411	0.2337445621780696
408	753	0.2556537622494809
410	412	0.10291971272356522
411	753	0.19595096573756493
414	520	0.13099182892160033
414	537	0.10092109762317594
416	823	0.12068532871711753
419	429	0.11703690021029749
419	823	0.10830828436811193
423	751	0.13823015149855414
423	755	0.16249439487613723
424	630	0.1830061569557344
424	833	0.11398473446622452
426	521	0.1403707236278829
426	610	0.10768175652520397
426	773	0.1171305029975616
427	751	0.16952130211470123
430	452	0.1720169824511043
430	792	0.13198596668820714
431	651	0.14860270155139138
432	832	0.11829180802739984
433	698	0.15301683142818323
434	724	0.13850490913424052
435	443	0.11062535133101259
436	499	0.11039896754525169
436	818	0.16109973320777787
436	842	0.18255714652114113
436	879	0.16230532922115445
438	443	0.1932659637684772
439	441	0.13201355815694943
439	715	0.11472171606595741
441	530	0.13353769108275948
441	701	0.13774458533606512
444	724	0.10112327531718646
445	712	0.13577582688612133
445	715	0.11511385003215724
447	701	0.15164964871331757
448	581	0.10595757579134271
450	453	0.16196887370153246
451	652	0.11062819022759231
452	533	0.10461405077594621
454	490	0.10216434675815957
455	528	0.10786311653190118
455	652	0.1446230462646979
455	655	0.13138461080231353
456	687	0.10172352017161126
457	490	0.11896453439410451
457	500	0.10477578161013656
458	547	0.11029167247135203
460	461	0.14595298666271792
460	834	0.19607952184928282
460	835	0.14701750652897366
461	834	0.1108708818605881
461	835	0.1027745009024177
462	523	0.1403090253875659
467	829	0.12035723680816361
471	515	0.13425034816523918
472	868	0.10305454454995155
473	544	0.10306248118465425
474	504	0.1099995429324576
474	720	0.12137721255096111
474	742	0.1095440871120882
474	841	0.11225377612954757
478	687	0.22970523144207253
482	488	0.10505185842309873
482	505	0.134053712469557
482	675	0.1113717964733326
483	484	0.23720569287869817
483	672	0.14234523125843054
483	869	0.15142115999260317
484	489	0.19075693793830242
484	754	0.10478651856053443
485	486	0.12064988571783697
485	511	0.10442210949116681
486	857	0.12180879722441644
487	498	0.15765245779276196
487	500	0.11138795364928801
490	500	0.14175261031603265
491	869	0.18572555307219293
492	838	0.12030537795209847
493	651	0.15009783807669422
493	790	0.10233653522738194
498	682	0.13448446497824748
498	704	0.14181865276670566
499	522	0.1556274509215024
499	558	0.11528397280143692
499	842	0.20688621521989162
499	879	0.11595914451315138
500	501	0.20710221461643497
501	682	0.1250435938657125
502	772	0.12485961156082821
519	756	0.1818215095493513
528	654	0.19327326270970221
530	535	0.24331401833558225
531	534	0.24878394068322282
537	633	0.21799980698495636
539	651	0.2320540203665249
540	548	0.11691311731578032
543	548	0.11798539147130382
547	548	0.23829908690047238
548	764	0.1449059702844603
551	665	0.1435800791870606
552	624	0.11625733346220479
552	750	0.19680708907842753
552	752	0.15701255689415233
552	799	0.10157203065161342
552	842	0.14700339226994752
555	837	0.10919639946487698
555	872	0.10723754604151899
557	865	0.17233360149411314
563	576	0.14026796082796567
564	815	0.10128757871857866
566	569	0.13480266858599663
566	579	0.17294671873388864
568	576	0.13654529066049276
568	577	0.10775219187992995
568	580	0.10357214177900247
569	574	0.19763329049560596
569	579	0.21385268875512217
574	579	0.11546611162127476
576	587	0.12052908978370597
577	587	0.1095547856699393
581	599	0.10010481812308972
587	812	0.10402612245678355
588	844	0.10516549173053545
591	593	0.1405894506507087
592	593	0.13635750679208894
593	595	0.2192651371427586
599	750	0.21844769256491609
599	754	0.12043583676994798
600	644	0.12152124918257512
601	604	0.23416770299805725
601	605	0.23284723047371772
604	605	0.1356267970544682
604	606	0.26790108996803214
605	606	0.12889944885007204
608	609	0.12024172602018567
609	612	0.39628853547665466
621	839	0.12130416337575942
622	775	0.1313921937366468
622	777	0.10047734082907718
625	810	0.13677122620121832
635	763	0.1001555146193498
643	775	0.10139046403861096
652	653	0.11266706653111136
652	654	0.12435823036250762
652	656	0.1184456731969551
653	779	0.1024761518698183
654	656	0.17567117278484223
660	665	0.25548695993850007
665	855	0.17417835333853388
667	797	0.11673871049104308
668	813	0.10772149569675545
669	686	0.1518374863257667
671	674	0.17518030681330624
675	804	0.15480451236474285
691	694	0.14963801860204254
694	840	0.13561086797684588
698	717	0.10387128241030313
699	710	0.11159940571315538
699	716	0.10902792274964694
699	720	0.10213705990561962
699	727	0.1681832218440662
701	711	0.10568842881790713
702	730	0.23053380781811514
703	713	0.17045963208018935
704	710	0.1589058450177737
704	716	0.1599559042158564
704	717	0.12378103905268367
707	717	0.19725606441740273
707	724	0.16155781631865165
707	727	0.30464729597214657
708	730	0.1459242755272346
709	711	0.10958178818818781
710	724	0.3368746605995605
711	794	0.10395882641510074
712	715	0.13735446101061954
713	715	0.22164543598662434
713	797	0.10443024129603322
715	720	0.10148091736834455
716	717	0.22656796343909907
719	729	0.10443416082288777
720	735	0.20040804384105648
720	763	0.10841584273680493
722	723	0.21205900709338588
752	778	0.10835018258036033
754	776	0.3710897212474892
758	781	0.38180002404629354
775	777	0.22205618313839737
776	818	0.12827963252431446
776	848	0.12252888150159674
776	872	0.13143802175239414
779	780	0.1767479927530044
784	785	0.19954257982761944
784	794	0.2482672897209874
785	794	0.23598596509646236
786	788	0.18321480354267833
788	792	0.26244207947217474
788	797	0.11358436091215754
793	798	0.1335801674427854
799	830	0.11260518770949646
799	842	0.16335623458262014
801	815	0.27078090225358636
804	816	0.11862394322086096
818	848	0.25250625461143883
818	864	0.11555360402271055
818	872	0.16713653952484306
830	872	0.243328790156781
834	835	0.16992037650930564
837	848	0.17123562909229434
837	879	0.21178073556228144
842	879	0.19907460152872514
845	847	0.11553041623122189
848	866	0.26893171005545324
855	862	0.19842516070014218
856	857	0.38019568735987097
864	879	0.345872822625077
872	879	0.13893876018990017
