0	401	0.10109037570754816
10	810	0.15148639777478026
11	430	0.14705179516323674
11	452	0.1555232515868762
15	16	0.14030314591074472
17	554	0.1036728063990123
18	105	0.1057432844558207
21	625	0.12534393360688106
25	26	0.13107214074117096
26	387	0.1306609341721389
27	71	0.19113351332705916
28	159	0.10163717079866712
31	750	0.12731371370799296
31	830	0.12614467854810538
31	837	0.2490392882633196
32	551	0.12101438151372723
34	518	0.14904655653723894
37	40	0.1564562593396508
38	39	0.11389876094047646
38	40	0.30741287301100423
39	40	0.12769819204167474
53	676	0.10092945222678537
56	764	0.10747919377809027
57	789	0.15013103918328063
63	64	0.1906716671689849
63	66	0.13655965458943545
64	67	0.2572072569979458
65	66	0.12354328065478676
65	67	0.23255372397465587
68	71	0.12781647982627634
70	73	0.27113934989732613
70	430	0.1281364094213071
70	523	0.11810347171088004
79	265	0.23414647290571491
79	431	0.18315313641120154
82	424	0.11023688234205095
82	454	0.19335141160270874
82	457	0.12489637161751818
82	500	0.11893303866206034
86	322	0.1059895432635162
86	513	0.11808823589158343
89	325	0.10042038392528346
89	423	0.10813712110793368
89	427	0.1324667397493033
91	322	0.11811776245653728
91	831	0.10750039253312456
92	94	0.24119778300006345
92	751	0.14599908489555755
93	459	0.11506055612197628
93	833	0.10582530555111822
97	503	0.10839025442343317
105	108	0.15069500478647846
125	513	0.11977215039320334
126	127	0.1143976351742723
127	816	0.11901058549954503
130	618	0.12605485967554864
132	621	0.10424605326926124
145	212	0.10100448089661478
149	404	0.10008538310798785
158	519	0.10718170270554864
162	163	0.11370328932659371
168	793	0.12438941206840215
178	182	0.11107519163052115
184	264	0.12324775593013607
184	536	0.1037213281977468
185	825	0.1116391597643693
189	680	0.11237179676283286
191	571	0.11502308947977381
193	205	0.12085367944757532
193	543	0.10790423322492522
194	257	0.10010467579981948
195	206	0.2122327556515943
197	206	0.1607728745737133
205	318	0.13367636633582738
210	870	0.10282148176656151
212	264	0.11795651111067179
246	494	0.1112597132487436
247	737	0.12581320561710468
249	774	0.1007991169784739
251	253	0.11456633769996971
265	431	0.14729144027600843
265	493	0.20194534467692
265	633	0.1458344893005823
267	538	0.13374663715155036
280	300	0.10129000020933872
280	310	0.14979007215916693
286	313	0.16348753896097049
294	299	0.10016803479828379
296	300	0.12244651298353151
300	310	0.10031309641060673
306	443	0.12460151161472223
318	420	0.14953225920842142
328	330	0.147431362788006
346	348	0.2887336008432062
354	593	0.14832097190749913
356	360	0.17867925463686432
358	850	0.10680896547248137
359	362	0.17098483234006032
360	363	0.12007000345454927
361	362	0.10276529134568439
370	371	0.19652515352490493
371	375	0.17104517252804702
374	550	0.1121917026490056
377	647	0.11871192706388882
378	499	0.10470376494384714
378	799	0.11199192465380178
391	396	0.1303313495797153
398	680	0.1022040642432343
404	721	0.1339209803190834
405	869	0.103026161528251
406	488	0.11358613965717551
407	419	0.14385484899525985
423	755	0.2398097726822482
424	630	0.14444358828820367
425	642	0.19184816108737926
426	665	0.13928029129143307
429	824	0.149839528512926
430	822	0.14263713236878628
431	616	0.1531217860994567
433	701	0.1673502216593818
436	866	0.12259535940026162
437	729	0.1047779352422421
439	445	0.20860978890805235
441	712	0.16596505075975607
446	700	0.11219262834758922
447	701	0.19398212964621359
447	712	0.10489907345254264
450	654	0.200757181752985
450	656	0.1607688153011727
454	457	0.15237434503908356
454	487	0.2787607936333654
454	500	0.12297894647704495
454	505	0.11118568419454843
457	488	0.10833419839103162
457	500	0.15656851386988993
461	833	0.12517958867779144
461	835	0.13763069911596723
461	836	0.10666618220028087
477	479	0.11759395483068291
482	490	0.16237385160396267
483	489	0.12878330834603277
485	489	0.12845089687009584
485	568	0.10313556745610156
486	491	0.11993493277651154
486	571	0.11181782096159446
487	490	0.12084092768880714
487	505	0.11167613438235136
488	505	0.1100122919130729
489	678	0.1267909770495481
490	683	0.10319788920345806
493	537	0.10617051574241972
493	539	0.10184684822242775
493	633	0.10975223671500559
499	818	0.1642129813256964
499	830	0.15940312548449212
499	864	0.1209224208943236
505	506	0.11676101320105868
505	669	0.1157598454206642
507	510	0.1310062007238267
537	539	0.177605998940725
537	616	0.15344221527410706
543	550	0.16114191173259534
547	548	0.13409564435164648
552	750	0.15911884008711363
552	752	0.13628893777715292
558	865	0.10340930687720248
568	570	0.18639496819917756
591	593	0.1118906681716839
599	750	0.24781771217756998
599	754	0.12418486282258281
599	848	0.1064565454216778
616	633	0.16847996689453845
616	651	0.12026309034125586
652	656	0.15994660061184512
668	677	0.1154657765423481
669	682	0.12256659310181613
671	674	0.12777082642214047
671	679	0.13292161531324045
702	708	0.2260371831584894
703	713	0.10361439744419343
704	717	0.12910494405981301
704	720	0.10232155857447184
706	709	0.13169501398504435
706	711	0.28739567634288565
707	716	0.2215525935636632
710	727	0.10722901660828421
711	715	0.1141002550596766
712	713	0.19401584874994043
716	735	0.15050472601793
720	727	0.19786147744897678
727	735	0.2229923852770825
730	731	0.10519717115004476
750	754	0.14466876055747915
750	837	0.10489488339306252
750	864	0.1127008765687222
751	755	0.13830484735815787
752	778	0.13493361188674038
752	842	0.10816078099031916
760	767	0.1182875283567263
762	772	0.29111644166894185
768	774	0.10496645151479442
784	794	0.115774864870427
787	798	0.10534777371596725
799	828	0.14009201027261403
799	830	0.16221822698086283
799	842	0.10852892082970683
799	864	0.22341577093326112
800	806	0.15205895257384727
801	815	0.1593003326644122
801	816	0.11280929202738024
804	813	0.1463626831568976
807	816	0.10543047371198044
820	826	0.15903069039188833
830	864	0.12570195221980532
834	836	0.12345716410885135
837	848	0.10946633988697527
837	872	0.10421210023512531
842	879	0.10317822652549515
857	862	0.11405534573176565
864	866	0.1580946284297973
864	879	0.23812740096643545
