0	829	0.10917787729313884
3	425	0.18047966460264234
11	452	0.10151502153601136
19	469	0.113351513241252
23	28	0.12633669166474687
25	26	0.11964959353217548
25	71	0.1294816802673726
27	71	0.13030414708094454
30	418	0.10193377150476657
31	436	0.11771224253104896
31	499	0.12184906229723211
31	828	0.17250415650284298
36	424	0.1189336771205109
45	596	0.10340308755517358
56	153	0.10068805186670865
56	543	0.13199273592006563
63	65	0.1847793466945158
74	184	0.10991698698703434
79	537	0.101487665128569
82	487	0.19059085160831984
82	488	0.10194845259401754
86	322	0.13269021823012217
94	411	0.1420750212642492
94	755	0.1312590199625232
95	107	0.12908105850683738
97	503	0.18063792614106758
108	766	0.110714789110126
111	590	0.10335610774950009
116	292	0.16016600438502257
125	327	0.12024141945638467
127	128	0.19402143164243812
127	807	0.10582417498011105
128	804	0.11492040404231979
134	388	0.1446042302855397
136	647	0.12078314890652433
162	163	0.18532610824143342
170	177	0.11061297194166884
171	176	0.18382957771278952
171	180	0.18864826469450177
178	182	0.11340305389519341
188	203	0.11065436370236191
194	203	0.116410769430138
196	203	0.11101864224123585
197	206	0.12725069545837234
198	202	0.11277794955609634
198	207	0.16918348657628693
199	857	0.10243650464104412
200	204	0.17193139801339882
200	208	0.11598532097904352
202	207	0.12358189567449315
203	855	0.10770321496989124
214	519	0.11355994583600629
218	227	0.10775198987134064
229	775	0.10647358203376651
230	332	0.10249703535992215
230	598	0.1208603616268357
231	686	0.11633537584515632
237	833	0.28257866866390874
245	633	0.12287640254473152
245	651	0.11026670829246246
248	687	0.10129445775979677
251	253	0.11932969952245967
256	388	0.1214243598001877
280	826	0.10744740841788492
288	298	0.1226212954624716
288	657	0.15257169584233218
291	295	0.1377937207349636
296	821	0.1188130829721634
300	305	0.11705493498072553
310	821	0.16856505276563025
325	755	0.14899973650148918
328	330	0.1756325304838092
329	656	0.23464234157853667
346	347	0.1459323125770039
346	710	0.11241851201835806
357	814	0.1015803974354155
359	806	0.15441515191502456
360	581	0.11275635735360125
363	378	0.11269320818731096
365	455	0.1320328155868289
371	375	0.13426856966624115
372	705	0.12447911747892623
373	380	0.2215052420387819
378	872	0.20941076053158075
407	417	0.11295236158277511
408	755	0.12241316710507541
411	503	0.11857539844645949
417	419	0.13400104267013382
419	573	0.13662661618165262
423	427	0.12853798836687824
425	642	0.11794492786627654
430	822	0.14190329681338587
433	439	0.11511749198441715
436	879	0.1108727392900829
437	447	0.2139569157611938
439	441	0.16197803159326934
452	523	0.20252276269387962
454	500	0.13261499315399108
457	482	0.21385711969032298
457	490	0.16070089673504154
461	833	0.15636619578295655
461	834	0.20916526593304935
462	463	0.23802645257935595
462	693	0.10556647877609798
483	485	0.19642373725332618
483	491	0.15992411285650768
487	488	0.21527069948048103
487	498	0.136832169270287
487	500	0.14719848727106846
488	498	0.15135801202749816
489	869	0.1369073885038301
493	537	0.1962859595998767
493	633	0.1115484491989041
498	505	0.1450721747275708
499	552	0.1453667742689016
499	879	0.11767288673211414
501	505	0.21545414982151964
521	773	0.12839937385933298
522	828	0.14351399981493074
527	550	0.10616738326523527
541	876	0.10948726098880125
543	544	0.11673007708529899
543	547	0.2674951338011738
544	550	0.14001736592344816
552	752	0.23352502025135496
554	556	0.10630995542063552
559	812	0.10507138188150347
563	576	0.16966944815733842
569	579	0.1874326055957468
570	580	0.13749276501713786
573	824	0.10076337066498586
574	575	0.165310993650542
574	579	0.13396421058317773
575	579	0.12419236628340224
576	580	0.1765167101997726
591	592	0.10137023145110906
591	593	0.1859754214730368
593	596	0.1534675385512507
599	776	0.2576798573970246
604	605	0.15343235243247827
609	612	0.1346021453988243
616	651	0.11107363613111863
625	825	0.12458349069330356
629	631	0.17261177610853798
633	644	0.10608493155057254
640	718	0.1250212704974009
646	847	0.13359526722946266
653	654	0.11566740910710577
668	676	0.22065911968343707
668	677	0.17960617322191338
671	759	0.12319261120685583
682	686	0.1288409706903505
699	704	0.2054736066656757
699	720	0.10929812596155833
703	706	0.10781152920785259
703	711	0.2754451140756902
704	716	0.10572950066131961
704	720	0.14936897654981274
707	724	0.11000374788021924
710	720	0.19051319042480108
710	727	0.18981935028818997
710	735	0.1570518676142597
711	792	0.12934773068548067
712	715	0.18510382791742055
715	797	0.10002610486909358
716	727	0.15564944960634608
716	735	0.15075926708963416
717	727	0.10266143224037878
720	735	0.17075469203191568
722	723	0.1287579836227799
727	735	0.1822481173248219
730	731	0.12261606995100399
750	752	0.20644930450068522
750	776	0.12510583789609322
750	879	0.1231891941197661
751	753	0.1703915058923767
751	755	0.1259122866740958
760	767	0.11191932387006494
760	771	0.1788712604840574
767	771	0.169270496578976
768	774	0.13262962670043593
776	818	0.1313390620865633
779	780	0.11194739150142774
784	794	0.1705188911357472
799	818	0.13152309151391978
799	864	0.13844546937572544
799	866	0.10062321932028143
801	808	0.12171182046919868
802	806	0.1529025380950064
804	815	0.12559510792583511
804	816	0.11013655810399992
808	816	0.13124427264334154
813	815	0.12544568801804806
813	816	0.17973756900865806
818	837	0.12281080620029561
818	842	0.19653707618854294
818	866	0.16623819927589206
830	837	0.18947957967635737
833	835	0.1978257318526562
837	872	0.14194593192455132
845	847	0.23578067189316182
848	879	0.2083457453614526
851	862	0.15288933722988524
855	856	0.10936632477019416
855	857	0.14575906238456415
857	858	0.11121145835473581
