0	503	0.14360016142003712
3	642	0.23205188409275115
4	465	0.1301540823358435
8	669	0.13155610435201348
11	188	0.11899444954239656
11	576	0.12342408119812062
17	238	0.10534982489582277
18	188	0.102547441126312
18	430	0.11324008910367435
18	486	0.11778180771198558
18	523	0.1383704364401443
20	759	0.1286028112790204
23	24	0.1055179088164225
24	28	0.21279920563066865
28	479	0.147974417715781
29	418	0.139063673200921
30	32	0.10479779823601733
31	378	0.1315779868983059
31	799	0.1935223933316278
31	866	0.1349409291278283
31	872	0.18496085403035922
31	879	0.13454599257191685
32	551	0.14846889485505377
32	638	0.10416220156202245
34	518	0.10799215000304335
38	363	0.1138956408114068
40	358	0.1291337743614684
44	400	0.11562433121882859
45	596	0.10190451939747441
48	51	0.101881427492463
50	824	0.15843942753549345
52	265	0.10305853919322505
52	770	0.11263091519078257
53	424	0.18150906896624844
56	527	0.1965218364907695
65	67	0.11894776232676854
68	71	0.1532600351891791
70	430	0.17318810678175076
70	463	0.1040826363949005
70	523	0.1305073561992189
71	715	0.10074999272771845
73	452	0.11770851226069204
73	822	0.144469583686443
79	265	0.12894228894506995
81	495	0.13121221027425034
82	457	0.14603570972181965
82	482	0.18938175224063167
82	487	0.19702864464577036
82	500	0.13043879817547047
86	91	0.16077081062689585
89	751	0.3063085194730904
90	324	0.20228567608807485
94	325	0.16453882847922763
94	411	0.1298236609910762
94	755	0.2575203480712489
97	234	0.13696995409876914
98	102	0.2087945356411515
99	289	0.10768498128954122
105	764	0.11807455896877844
106	868	0.10077960746124771
109	112	0.10205054185238975
111	237	0.10515776502677035
112	798	0.10073464850810024
119	150	0.1439782481213651
126	328	0.10388939802980406
126	801	0.10534603746100862
126	807	0.2096534159055206
128	808	0.11684026237947732
135	769	0.20794244392961475
138	141	0.17993422341233756
140	339	0.13769082005397512
150	759	0.10074639501184691
153	204	0.11079655055651527
153	550	0.10805090830342022
156	694	0.10926264508384295
162	316	0.10231298533780761
172	179	0.1511020769216043
174	176	0.1459299150269398
174	180	0.25240535740262215
177	274	0.11859240774143784
179	483	0.10728325041018952
184	401	0.11355302925934527
187	198	0.20622560874958565
189	680	0.10905665022521785
189	764	0.10231249574133194
189	846	0.12845314603901187
192	847	0.10395769561563231
195	658	0.16235901459149715
202	381	0.11558303342261124
210	870	0.1735614393141061
212	244	0.10391021283043109
212	264	0.17104262156538547
214	604	0.10011327733568895
215	257	0.11669859861702057
215	485	0.1286710546521951
217	775	0.15899116717299014
220	734	0.10464017022911705
227	233	0.1929595313091227
229	622	0.10376190542495617
231	669	0.14415308308620095
231	686	0.11540843038597992
232	486	0.10259256779197864
236	322	0.14229834858174914
236	831	0.20515484568450132
237	835	0.1939005597870642
244	494	0.11811239125288303
244	714	0.10681704275780603
245	539	0.2868979174754744
247	597	0.11791331365431806
247	868	0.11000187267360828
249	253	0.18500050705639667
255	420	0.11487825021471788
255	483	0.12895615099569657
255	561	0.11524378398283337
265	537	0.2706503881463335
266	283	0.13466383026729603
266	340	0.13188298455632527
267	477	0.11180559181634994
269	270	0.10159287598868111
270	273	0.19335644018539513
271	274	0.14080141902023097
274	373	0.10745847037656654
275	696	0.10580577735463693
281	313	0.10699229933058688
288	298	0.22419238710837674
291	295	0.23610637122494507
293	299	0.1147903018096363
293	703	0.10914506400750862
294	415	0.1794237996417298
296	300	0.1341359191940266
316	410	0.10008731697613471
316	562	0.1311566936733072
318	654	0.1050785956759768
322	336	0.10679499889396873
325	411	0.13804146830818892
325	427	0.24398695490092634
325	752	0.10453179376557287
325	755	0.1133018529164173
327	817	0.1650814077761998
328	813	0.11424318027041944
329	655	0.11612312252740548
330	675	0.10991927822798019
330	804	0.10405013384580646
334	679	0.1513137244773245
344	428	0.10645806243835747
344	756	0.17778307769230686
346	348	0.16187969898695764
347	348	0.1275233757933806
349	355	0.16663517118864257
349	478	0.12628614770535113
354	593	0.10375936317310794
355	478	0.1308450619208822
357	684	0.1352164217214244
358	754	0.11329322946358952
359	814	0.13297889261674367
360	522	0.11628678822329168
360	866	0.11643208889932266
363	752	0.11373470438696243
363	828	0.13149035008194399
363	837	0.12777073375537543
365	371	0.15854430808990763
365	375	0.17999707294158238
365	451	0.107816148449584
366	369	0.15810280479241165
369	373	0.28695817656875433
371	375	0.23026132847724504
371	863	0.1048420663216893
375	453	0.12271568004815246
375	654	0.10247884144889675
376	549	0.14321050988426082
378	436	0.11473367023345285
378	776	0.10375280754384777
378	866	0.1017676893801408
380	710	0.10256492308161957
388	733	0.11743639860530121
405	483	0.125220505916547
406	490	0.1012670292242328
407	429	0.13010375900326204
407	823	0.14352572719915635
407	824	0.2371119242326334
408	755	0.14713876184418576
416	429	0.1644425168337444
417	429	0.1382198008590776
417	573	0.18928979266956023
423	427	0.11893315406506942
423	624	0.1802029781280899
423	751	0.12753078807945215
423	753	0.11919548354901593
424	862	0.10229724546287143
426	665	0.13023304056475707
428	519	0.15862966349425037
428	756	0.1376321814446479
430	519	0.10103233260345929
430	523	0.1583369214773194
431	537	0.24042594234128525
431	633	0.11132781900327074
432	832	0.15730783965280085
433	437	0.17323847913012824
433	447	0.12804892346809627
433	538	0.13337934161808013
433	618	0.11358716049418363
434	698	0.11506320671752794
436	448	0.10494428043725071
436	499	0.2958993881428188
436	555	0.10605578285055121
436	828	0.28940924997904427
437	439	0.4213954165034829
438	443	0.17443105964576647
439	441	0.16833746059559804
439	701	0.1063294204179708
441	445	0.139765876030777
444	698	0.18829608717927837
445	713	0.13607352430965927
445	729	0.11291225646944504
447	712	0.10019427182430064
450	453	0.12808923559103264
450	654	0.1206391664769481
451	453	0.2776698836281779
451	528	0.10926269435968103
452	713	0.13789408896028535
454	457	0.311107275295871
455	628	0.10228347258672094
458	548	0.10962540756531686
459	513	0.14642846378718144
461	836	0.22801623378315192
462	463	0.15883343195459165
463	822	0.10930391029966732
465	666	0.1051091244340789
465	739	0.13902333461635544
469	566	0.14540856114830658
469	621	0.13238940542395336
476	478	0.10849855216439891
477	838	0.11232883534153264
478	480	0.275665557853071
482	487	0.2623920990038813
482	488	0.18016695410208367
483	484	0.19463625037253096
483	486	0.10760822939539444
483	491	0.218248864542191
484	485	0.1405723186700695
484	489	0.13426885582795295
484	491	0.19351611972352484
485	489	0.1911707918024345
485	672	0.10600207614436519
485	678	0.12103217476151065
486	491	0.19345196331333214
487	498	0.18631643719390026
491	869	0.16046566225633246
492	621	0.11062942245738284
493	633	0.17767139782878394
493	651	0.18252270457700637
499	522	0.217272608746247
499	828	0.17462480693449367
499	866	0.17339991529097418
501	506	0.2979957656318715
503	665	0.1385386453872259
503	855	0.1020968897557634
507	510	0.19551326767615834
511	572	0.16344417391416527
513	769	0.11078952146350422
522	864	0.16228612208093302
522	866	0.13980853616818767
523	822	0.1303806088867034
524	698	0.13635242299655032
527	544	0.12661119383616776
530	535	0.10824745445284205
531	535	0.115900387595616
539	651	0.13732872070320665
540	547	0.1028003818459679
543	544	0.19517780267453624
545	588	0.11364451975499422
547	764	0.13327892638756722
552	750	0.2146837250240857
564	677	0.10470813207919509
564	816	0.10385043387455872
565	575	0.16291792272150163
567	576	0.10765342360408127
568	587	0.2962524727763479
569	574	0.22682332157923912
570	577	0.14764952106002804
573	786	0.11596352123371403
574	579	0.20326360134094631
576	587	0.13596640225989895
577	869	0.1081257456329861
580	587	0.17275668991682985
581	864	0.10121578666733741
585	586	0.1174057931050432
591	595	0.10558209759876835
592	593	0.2690135450684673
593	715	0.13348599044108012
599	828	0.12705045362912942
606	659	0.10333777021608495
624	751	0.15030590205063343
624	753	0.13117485640743962
652	653	0.1594960558061737
652	655	0.25008180543822456
653	656	0.1955289063706138
653	845	0.12202241836123247
657	805	0.1747104183324383
658	659	0.1001512627626771
668	676	0.2832284344012111
669	686	0.13959000038165953
698	724	0.11762399532821939
699	704	0.10447505033511424
699	717	0.2627280204836675
699	720	0.14631220799289235
699	735	0.2956631157353873
700	705	0.12023459531676918
703	711	0.22245232787934088
703	712	0.18274100505124907
703	862	0.10049602428176772
706	709	0.2578605445165954
710	716	0.2413559648204031
710	717	0.13463934563558783
710	720	0.1354302503522487
710	724	0.13146934814906067
712	713	0.13459932572190328
715	797	0.11548083566999871
716	717	0.17280285306333015
716	720	0.19800025351029277
717	720	0.29037738686088777
717	735	0.14412411230773958
718	722	0.21800392901155244
718	728	0.12799426508969627
722	726	0.2025960198070335
727	735	0.1700843414037565
733	829	0.1033309977552196
741	744	0.14121167280473895
747	796	0.10671399948044992
750	754	0.1349543942086154
750	776	0.14814254973279486
750	778	0.1065450578649546
750	864	0.18394528514818015
751	753	0.13220700327401513
752	754	0.12626500143983066
752	879	0.17757780768064052
775	777	0.16386899233319593
776	778	0.14192175375078822
778	837	0.13638770331173725
780	847	0.15483962808796328
784	788	0.16511794023477036
794	797	0.13994265812125672
799	818	0.20965351342706462
799	872	0.11481311031021159
801	813	0.1892961590484589
802	814	0.14954155173634878
810	825	0.20071464748281828
818	848	0.19334903959842575
818	879	0.1442579973056843
819	865	0.10557073742397596
828	866	0.19937864184707993
830	848	0.10840614618657979
830	872	0.15333159889666925
834	835	0.15703171406782146
837	842	0.13139933652724206
838	841	0.10374110650481676
841	868	0.10910699471751822
842	848	0.1334544328264298
845	847	0.2631002222320442
849	853	0.14461308830401354
851	860	0.10588109182983318
855	857	0.18332537406566768
856	857	0.12172188695443784
856	862	0.1502625406660241
857	862	0.1256579237116465
864	866	0.24999113450527455
866	879	0.15996038662207482
