3	167	0.10161858535147772
3	425	0.18426247873331486
4	97	0.16468445115307312
4	234	0.16408389620646702
8	119	0.10663858018911057
8	682	0.16895666964571016
10	625	0.23130194680931848
11	188	0.10024576396843776
11	822	0.10069921211166252
15	230	0.15578428090603386
15	598	0.1745411271040878
18	483	0.12004474687579123
21	615	0.10243124691255769
23	99	0.10631134048964092
23	477	0.1029172934025393
24	322	0.11348914995788911
27	71	0.16953994357338495
27	703	0.11384737329213471
28	159	0.150249810181595
30	425	0.10215879119592383
30	551	0.10907564957011441
30	862	0.10501586872848286
31	499	0.22323016703275814
31	828	0.25702814666432766
31	842	0.19099096948130395
31	848	0.13699844941092154
32	425	0.13829863437407097
35	122	0.1017902050496771
38	40	0.23832012705140027
38	436	0.10356914783673425
39	40	0.11963934437098118
40	599	0.12255554299685674
43	51	0.11229133669296068
50	407	0.14402404111376882
50	416	0.1142681174011704
51	571	0.10116877297601053
53	424	0.10925789130780196
55	347	0.12436587396783305
56	527	0.3686218044257436
57	438	0.10727774812977038
60	236	0.12349912977883633
63	66	0.2510513557511572
63	67	0.10818837722342284
64	67	0.2872570509596879
65	66	0.10832902933119926
68	71	0.10395244162088124
70	73	0.1710484632663154
70	430	0.23107661533297683
70	523	0.18926144452757213
73	452	0.12310781315663699
76	177	0.11713877233425815
76	231	0.15140501928826194
79	265	0.16013836140341767
79	431	0.15295348310161352
81	130	0.11089153019085417
82	490	0.29384398233982734
87	323	0.10446178212451578
89	94	0.3088633665207928
89	755	0.21345339113927314
92	408	0.13342939479903942
94	427	0.11651060557409797
94	753	0.11173983201685689
94	755	0.21304558982366326
97	650	0.1163238433505244
98	108	0.19850424003443243
102	108	0.11047029883477344
105	766	0.10638934194989132
111	834	0.1524127248062308
112	210	0.10469198257907336
114	766	0.10748238546081328
116	292	0.1650597345782111
117	844	0.12141140889216412
123	252	0.11228770632978129
123	432	0.11924252843054423
125	532	0.11463357614509267
126	677	0.14344957662207683
126	813	0.11937421282696864
128	677	0.10178540658930219
135	339	0.11471205228319556
137	327	0.1029496036743276
138	141	0.13849169168508868
139	766	0.19961118206326228
144	513	0.11087621916648936
149	768	0.10818716804984634
151	365	0.10176401299151096
153	208	0.11414274426955971
153	846	0.11674250440186647
172	179	0.1419927550393849
172	489	0.10164522647529706
174	180	0.10619309052405364
179	483	0.11924434887518355
189	680	0.10371997558100964
191	439	0.10091962209278375
193	205	0.14550890985671266
194	258	0.10534244373575473
199	256	0.10047318913411163
210	524	0.11159206248330833
212	264	0.11123106058988119
212	467	0.10743507442586385
213	469	0.11536102275580373
213	510	0.1205176301034473
215	869	0.1804547492021655
218	227	0.10317229543051182
224	744	0.12343467736303006
229	775	0.11217489907003224
229	777	0.3064919958419043
230	325	0.11600494422719568
232	300	0.11272889782583882
235	668	0.11041950547169786
237	257	0.1434737944741705
237	834	0.22801333337979363
237	835	0.16173275237818208
245	265	0.20892244763164527
247	495	0.11734439880337402
247	841	0.10555528699727947
251	712	0.10496788326316862
257	590	0.10743780370092812
259	496	0.1068995063585162
263	680	0.11581153730059163
265	493	0.22006312513752593
265	539	0.1090813755153368
266	340	0.10086602042282428
270	273	0.2077958607252873
271	473	0.12015896580200314
272	402	0.12122559219078198
277	524	0.10114206574958597
279	315	0.10310274949706623
279	820	0.1316035283919825
280	296	0.120253877759715
280	310	0.10122277179497889
285	295	0.17979347207879182
286	313	0.11267476429303915
287	609	0.12340154986281443
288	657	0.16401725921901017
293	415	0.11959050586803655
293	712	0.12038829579863593
294	309	0.1158941029560194
296	300	0.10125478047643065
298	384	0.128654188606912
302	733	0.1275897706640693
306	438	0.11667863451529921
312	422	0.10446592987427442
318	370	0.10558326772731484
320	447	0.10013137247510003
320	546	0.11368493666674322
322	513	0.11233647775326107
325	423	0.24151712508960624
325	427	0.18869022252513726
325	753	0.11833513818780442
325	755	0.23035969912152368
328	330	0.3612773772893552
331	524	0.16877735023735038
347	348	0.16830317676271553
348	506	0.10107859035567435
348	712	0.1280153543137026
355	476	0.1566196235354155
355	478	0.10114576349857698
355	802	0.1197591120242644
356	363	0.15986265079173256
358	522	0.14941569251885872
358	864	0.10656093555946122
359	372	0.10910139332257517
361	469	0.1108153965159817
363	378	0.16130485344233658
363	599	0.10579192137375408
364	539	0.1533272367890203
365	375	0.15014591088753831
365	450	0.1638013347657218
365	653	0.10726808249622943
366	373	0.11335259022148164
367	421	0.192314061813477
370	455	0.18474396820310102
370	656	0.12333383512830946
371	375	0.12402427029624351
373	380	0.1284346670196124
374	376	0.11789764878920263
378	581	0.10899988322754707
378	599	0.13686759895257994
378	842	0.25450216511877455
378	864	0.14679039715065817
380	706	0.10829792027957581
391	396	0.11120902092359874
393	472	0.11423663380060083
398	752	0.11371624864959928
404	841	0.16817995259386379
405	483	0.13661491150961852
406	501	0.21719173619500412
407	416	0.13729730689756273
407	417	0.10753603679653656
408	755	0.14551028778041428
411	624	0.1173963537975479
417	429	0.14996303910283623
422	463	0.11621582881731751
423	752	0.1301172253298976
423	753	0.24070177449456878
423	755	0.2204511094187137
427	753	0.16039552504547686
427	755	0.10050101503270835
428	629	0.10178777252507039
428	756	0.10469399484216221
431	493	0.1612887743044573
432	832	0.4672332415988036
433	445	0.19566371832919252
436	552	0.1197425310670035
436	837	0.11381358014991835
436	842	0.1061421309988332
436	864	0.2005133741712124
436	866	0.13499871119579226
437	439	0.10092777929275033
437	445	0.11314685636159258
439	715	0.13206894407686906
440	719	0.10232462917244567
441	447	0.10942067608339431
442	714	0.1766056574602985
443	612	0.10666610343318658
446	700	0.12949639756328113
447	703	0.10878409300517455
450	455	0.14371676165441927
450	655	0.12094381498709296
451	455	0.10475708143838808
452	523	0.14987976853529192
453	455	0.12890914343378473
453	528	0.12233986149097996
457	487	0.12688695018771726
457	488	0.20719421940429944
459	831	0.10946051728793083
460	833	0.2068168129897431
460	834	0.24383550192339748
461	835	0.18656693130881744
461	836	0.15925335144103
462	463	0.19266013271517834
466	503	0.15428454715308104
470	868	0.10155099438791801
473	548	0.10152692312491199
478	687	0.12980735313712477
481	851	0.1097214542360426
482	488	0.25351980070712954
483	812	0.10655406073624557
484	486	0.12258873525465168
484	672	0.11982592905002576
485	489	0.15520270131059927
485	491	0.17189005323340945
488	490	0.10269758359931203
488	505	0.10954075853748159
489	869	0.14752443588041467
492	648	0.10730343220308057
493	537	0.26340803427891535
497	581	0.11422441372510873
497	859	0.11480944979224192
499	864	0.11717321974306291
499	866	0.11146405600994186
500	501	0.1396928066029351
501	506	0.11040132648969583
510	737	0.1005645308527235
513	858	0.10020701080155348
516	871	0.11912095323476775
522	799	0.2072861324977088
537	539	0.2581513705860093
537	651	0.18809883084347978
539	651	0.1630440248597667
543	548	0.10194369478176386
544	550	0.19131605997937648
547	550	0.1095115460840236
547	680	0.11303926426939889
548	550	0.11865353155320749
550	764	0.11399352152721973
551	556	0.10253142016734647
552	599	0.1365433350858764
555	866	0.10085474110343134
556	761	0.10405557457613855
560	777	0.11804685977752724
565	579	0.10534003889734601
565	585	0.15796281393248252
566	579	0.11053322866011811
569	579	0.198203269671834
571	606	0.11677998237639414
574	575	0.1929086742743059
592	712	0.1114185949437864
599	750	0.10203137320425748
599	830	0.204430306776167
604	606	0.22465692309547744
605	606	0.181743675262373
624	751	0.19873224633878328
629	631	0.15338948099425495
652	656	0.1457774751436892
653	654	0.13382583720233746
653	655	0.10488122703480621
653	656	0.1732973393667383
669	686	0.11044812123349886
674	679	0.15457120318594567
675	677	0.17768958409961993
675	862	0.1064011690091461
676	813	0.13832138593918328
678	869	0.10638899144805603
699	704	0.15026380671324369
702	705	0.1769930580896791
702	708	0.1862735250598789
703	709	0.21413019291706015
705	731	0.14285947192160692
706	715	0.14640647522077072
706	792	0.12517444646436968
707	735	0.24259332295389072
707	763	0.1068578387092092
708	730	0.12178738378937565
709	712	0.17985344803635
709	713	0.1111024100761489
709	715	0.1164230377371944
710	724	0.13613997095683691
710	727	0.18509063398766057
716	720	0.20778773942341222
717	720	0.2427133494023831
718	726	0.1291347917405946
720	763	0.1105950973274678
722	869	0.127390274713043
723	726	0.23315153699463428
724	735	0.14232531250070607
730	731	0.17343422590448457
741	858	0.11422280460460728
750	776	0.10636092495059951
750	778	0.13358103557762518
750	879	0.11163275523362697
752	776	0.21700319798192771
752	830	0.11994742608644549
752	864	0.13385679148024848
758	786	0.10846295375114005
760	768	0.12831011938359085
761	762	0.13312196936065074
761	772	0.13162651736526976
775	777	0.13650944775179866
776	818	0.11548779116370594
785	788	0.11346458026402508
786	788	0.2595374466278584
787	793	0.14336169220820977
799	818	0.10309559841767983
799	837	0.19065993739944118
799	879	0.1119708954774989
801	808	0.1844282400410364
801	813	0.20709681140779393
802	806	0.17703519801663598
804	808	0.2782166680349117
807	813	0.13484606596537152
808	813	0.310247376756351
818	866	0.12909524500018354
828	848	0.4343649873933989
828	879	0.14370113823424213
833	834	0.12963666956795383
833	835	0.12630927718338605
833	836	0.10349556795542224
834	835	0.1295691628180591
835	836	0.2628217065896295
837	872	0.1993337863859049
837	879	0.17187289198652222
842	866	0.15758558820963953
848	872	0.14322755619199323
848	879	0.21012286060248345
864	866	0.13269442668104434
874	877	0.1741726584544402
