0	181	0.11941034872200577
0	264	0.100966208103816
3	167	0.1027962866495916
4	427	0.11459487046854036
4	466	0.11719271306221456
4	754	0.11269961107214893
8	669	0.1707232510000086
11	73	0.17579010816931645
11	523	0.1466950275607694
12	572	0.10569144830939174
12	623	0.10106282142595813
14	433	0.10891027783175045
18	430	0.13377973271590093
18	856	0.12005062792835029
19	851	0.12353963764880319
21	433	0.12140015817465111
23	268	0.12324159335309126
23	434	0.10184917370975578
23	647	0.10543005842411585
24	477	0.1235158111073722
25	26	0.10863071402985175
25	520	0.11044709647142259
25	533	0.10523966133022387
27	68	0.20983940936033266
29	177	0.1099072390871835
29	838	0.10664419393264624
30	32	0.31932684368127906
30	551	0.11088439204597755
31	499	0.11742596696769095
31	552	0.12577910929732614
31	872	0.16061009299733095
32	551	0.10003203084274298
34	400	0.11658628998026534
34	518	0.10058335222320547
35	131	0.11041825272166154
38	842	0.10111719025953445
39	40	0.19951318595177697
40	166	0.1047629503100928
41	399	0.19350680356608743
43	48	0.2277440811050906
44	302	0.1322738129472166
45	306	0.1330329476927621
45	443	0.13339742491966433
47	105	0.10685770857545873
50	139	0.11138501823147665
50	417	0.1266480049617438
51	394	0.11039280000130682
51	845	0.13407834166213647
51	847	0.11944342125086106
52	350	0.10901005306224537
53	338	0.14518419534031396
54	551	0.13295621239551367
54	642	0.1734480364630888
55	346	0.12433121909546371
56	548	0.1185421357362795
56	549	0.12631426277179972
58	248	0.11329961396177449
60	322	0.1186260356865248
63	66	0.10888502366287461
64	65	0.20950389379891765
64	66	0.22010382481003402
65	66	0.12993829621763103
65	67	0.16384717772197813
70	463	0.11755830114318155
70	822	0.10723647070409978
73	430	0.14564836781117296
73	452	0.17205703923600912
75	697	0.10270360670889632
76	680	0.16575069008336868
77	324	0.10618721141847551
78	733	0.10253670655854456
79	265	0.1899736790006459
79	651	0.2700487362247486
81	130	0.11494078612025477
82	457	0.2923646126183537
82	487	0.11759956354583324
82	501	0.12494592137584262
83	537	0.10285001525981317
84	85	0.19280693519395434
86	247	0.11758026417199897
86	336	0.10816273426635346
86	404	0.10050635379955129
86	474	0.11002168189940485
88	324	0.13005072661786818
89	94	0.1726754449067196
89	423	0.3248876168190741
89	624	0.1822170883958627
89	755	0.12306115725883318
92	751	0.2855760920490763
93	834	0.13767049768313802
94	325	0.11714339212278545
94	423	0.15352453942558547
94	624	0.12420981599941189
94	753	0.11365479996090519
94	755	0.1338818107521414
97	454	0.1033132692187694
97	465	0.11239909519459461
102	105	0.1687695726918853
105	108	0.11867199400913189
105	139	0.31556784276053945
106	477	0.1154789284982573
109	121	0.11986934195237632
109	562	0.1157687208619103
111	258	0.13177943334072748
111	461	0.15884716196313536
114	527	0.1190370927328614
114	550	0.12532286820369137
114	766	0.1111545652290469
116	706	0.11389986903672936
117	430	0.1059569581613399
120	629	0.11966299810715965
123	867	0.10344594907109822
126	564	0.10650863527673282
127	815	0.10965362308835776
128	668	0.11295303451899452
130	701	0.10990457984241037
134	302	0.10592942521861785
137	434	0.10189875874632126
137	562	0.10546616124063463
138	141	0.26581392064257475
138	184	0.10044394607720047
140	142	0.11630049626663311
141	536	0.1021620548040917
141	768	0.12786050950745972
145	149	0.10138070245245032
145	626	0.12664497158550295
146	803	0.10142626041352854
148	155	0.11972217755000317
148	619	0.11045233566568405
149	588	0.15147612761460935
151	653	0.11802942942032331
151	739	0.12959397282781798
153	780	0.10713289559443559
153	842	0.10126827359537656
155	389	0.14045021916563688
156	625	0.10873795084582498
158	629	0.10146091643248775
162	163	0.22731499348698633
163	412	0.10234847733905925
164	540	0.1551815713093047
164	805	0.10874297454741134
166	299	0.13243394813370662
167	828	0.10945007156659681
168	793	0.1383349798050928
172	179	0.2431505979809892
172	180	0.12015841542769119
172	484	0.10551977469517272
176	183	0.18832925064018582
177	178	0.20382380889189045
177	182	0.11476344702632872
179	491	0.15779895219492085
182	271	0.1231387801292209
183	228	0.145341194246871
184	536	0.1301131001988473
186	235	0.11668132146691498
188	214	0.12531650280499163
188	215	0.10722023880095753
188	856	0.1101243319396034
188	862	0.10831757927636534
189	846	0.13364828211032384
191	601	0.1335411717363241
194	722	0.1347913129428566
194	726	0.1468646673343778
196	318	0.10655496514629102
196	779	0.10812320885864118
197	201	0.11119956441867762
198	207	0.22045499467156618
199	251	0.12299948359306372
199	654	0.10630857663172495
199	723	0.10199614922797438
200	351	0.10902752381379612
201	859	0.13039343072799528
203	652	0.10411847340986218
204	208	0.16422766786711873
205	303	0.2640555453322098
205	528	0.12194192154134663
208	235	0.12018655238333964
208	308	0.11132636085225205
208	846	0.1022067832113061
210	211	0.1124115023119672
211	504	0.10525854492497841
212	279	0.1242573695058526
213	510	0.11951233335957065
215	486	0.11874330781353098
215	489	0.16644954513177843
216	684	0.11435081386008289
217	229	0.13629857162879785
217	353	0.1324659163745932
217	747	0.12697206145397213
217	775	0.150937275377679
231	487	0.10189003057864315
231	500	0.10889258617854351
232	397	0.10807199650546902
233	319	0.12785242678831354
234	503	0.12050892803737877
237	460	0.13164124483351572
237	833	0.1795167427180568
237	836	0.1347274341856912
238	269	0.10678551362606277
243	558	0.1342582167296613
244	589	0.10665442057088914
245	493	0.3477408766921447
249	251	0.13455768204187263
251	847	0.10291605140516909
256	635	0.13889881358315473
258	461	0.17105418136371855
258	590	0.12644284424118088
263	547	0.10260582022179074
265	633	0.2496372204696696
268	538	0.10375738992041282
270	501	0.1114877627252233
271	274	0.24663039225700376
279	536	0.13007368820265156
282	395	0.11922703596341942
282	841	0.1008068219493285
283	340	0.14339439223841832
286	706	0.13007324969883372
288	299	0.1222127188539572
289	691	0.10131112607956701
290	312	0.1833029563049283
290	773	0.14581023391489703
292	312	0.23481221557593976
292	672	0.1255810451891152
294	596	0.11112866106910922
296	300	0.11857010622953318
298	384	0.15516508144354504
298	540	0.12629446074925496
299	309	0.23534909396241277
299	706	0.10305857158004125
308	580	0.11264470449813832
309	712	0.10247249549194673
310	821	0.10805017521339132
311	731	0.15361214367554138
311	750	0.1254075867073235
313	402	0.10475090076122225
313	632	0.1733570087377629
317	642	0.107666414262462
318	656	0.10835807111616105
318	696	0.10359814884659826
318	779	0.11883354719668587
325	411	0.14000319519380353
325	423	0.12398663062819093
329	450	0.163732917048297
329	654	0.18881590723947766
330	808	0.11500061131741979
332	598	0.18022138810063126
332	729	0.1291745278413935
339	769	0.12926057704152893
344	428	0.14603020095210933
346	506	0.15160042272053983
346	710	0.12071939564959049
346	720	0.10587886895580566
347	348	0.17851544617926632
347	490	0.10710889665436361
347	712	0.10925756171522731
348	686	0.10262998193330848
348	699	0.1125362480310264
348	704	0.12796181127880205
354	592	0.1762945030145855
355	476	0.11852076765215103
355	480	0.21186753222804292
356	358	0.1148688403053941
356	848	0.10262252996124921
357	361	0.12175593365540952
358	360	0.10329862064894355
359	361	0.1704556301228689
360	378	0.1427485795886186
360	499	0.1112441457869948
361	362	0.16085445070287946
361	806	0.13257279418402018
363	599	0.10430863766896614
365	453	0.15979583447427045
366	369	0.13528757142609146
368	387	0.10165706845758991
369	380	0.11284480465177658
370	455	0.12559749167130416
371	455	0.15466687846402496
371	654	0.12629582316322943
371	655	0.16510729815880254
372	702	0.13941498363749355
374	376	0.1509367724532128
375	528	0.18097070979635235
375	653	0.1496978968791984
375	656	0.12742759039506812
376	544	0.17001716239533193
378	499	0.22116895575701184
378	599	0.10983746960400059
380	707	0.10446883320581617
385	867	0.19377952059878573
387	413	0.10729299273430405
401	768	0.11240456593722098
404	721	0.20877223167561174
406	482	0.14685199300071508
406	490	0.11184949921167096
407	419	0.25230891927003046
407	573	0.18744898072785418
408	411	0.11100762939685936
408	427	0.2913276233259494
408	751	0.22843036950611445
411	420	0.11132555241733037
411	427	0.1928691183411416
411	755	0.19601124972022768
412	641	0.1168512442970942
415	592	0.12046277860912274
415	612	0.1759450965067091
416	419	0.11465255047340155
417	824	0.12234798707319343
421	684	0.1032924648627187
423	624	0.12773966544281135
423	753	0.11497382697931834
424	454	0.13307049186601122
424	630	0.20517171186131586
425	558	0.12733960452056134
425	642	0.12651613312943863
430	822	0.11951533736362313
431	537	0.18768356118381005
431	651	0.15666259849283193
431	770	0.12813426208782572
433	434	0.12213906877979777
433	447	0.22578610186242853
434	444	0.19660608233254817
434	524	0.17424953088496112
434	710	0.12455747347701795
436	799	0.11006989316295869
436	842	0.2107458597761557
436	848	0.2565471033382526
436	866	0.17481387402541235
437	619	0.11295363427542479
441	445	0.12037205467123913
442	814	0.15665092477767925
443	593	0.10952260772555615
444	707	0.16328648715265162
444	720	0.107554114960645
446	700	0.19686306908610143
447	701	0.13429261923006788
450	654	0.10419427522793052
450	655	0.11839055655059601
451	628	0.10644143355789527
452	822	0.11778898910219984
453	528	0.17049731545298294
454	505	0.13024513486388
457	482	0.10921874466242104
457	488	0.12362364619510394
457	506	0.15259846165742008
460	836	0.20338970053417724
462	463	0.17669157735611646
467	468	0.11909216730815217
467	588	0.13650317780065924
469	838	0.11181857053685144
470	721	0.11578911128850995
476	477	0.161980233438798
484	486	0.18015592529528768
484	491	0.15638119343947296
485	599	0.10095563610332141
486	570	0.13528025463729915
487	500	0.12641550465961554
488	490	0.19217675550789307
491	568	0.11663178786726325
491	667	0.11338506858606921
492	617	0.10154310855838518
499	754	0.1713779395813476
499	830	0.19644841776426475
500	630	0.10111333470402295
503	751	0.10337870330238184
505	506	0.10673369305156163
506	682	0.11302474007457738
522	752	0.10297002401678378
522	830	0.1923881665308862
522	864	0.11842226767951926
523	541	0.11502940847964219
523	822	0.12787717024993123
528	656	0.18064824131269389
537	616	0.1520416501691589
537	633	0.11255332511773919
539	616	0.15332400636878069
540	736	0.11515443822720188
540	805	0.19954980658966034
543	544	0.14689547002564665
543	550	0.10492724241021137
543	764	0.11597399941507677
547	550	0.21902171346589525
552	750	0.15450723232713173
552	776	0.28525071706084126
552	866	0.11689847189556264
555	830	0.1413565447038002
556	771	0.1299118995854064
562	617	0.10372954628690692
563	568	0.15570588979577848
563	577	0.10069658673862052
565	569	0.17035173639368714
566	569	0.2020511412552649
566	579	0.19194032422574936
569	575	0.1592434622141231
570	577	0.18683668766610445
571	604	0.14063305357736866
571	606	0.21107035292804346
576	580	0.13136636359927925
577	587	0.18926960595363962
578	811	0.1122894734325
581	776	0.11057230135571096
586	590	0.15118243960101113
588	713	0.10151373686476392
591	593	0.10659706742805133
593	596	0.130034848501414
593	709	0.11745968407983741
596	715	0.12784278922223802
596	739	0.11896399741716955
598	606	0.15634072123513368
599	776	0.10384212819919914
601	604	0.29881082873928455
604	606	0.1528630233878713
610	613	0.1468263644282205
616	770	0.1271037216633075
619	714	0.12815007533580558
626	631	0.13139910138871375
640	642	0.1512720107249163
646	847	0.15434440853933828
651	770	0.1424159601458473
654	655	0.12877284528161553
655	847	0.1067672718119924
659	774	0.14481768314413368
663	824	0.17659652820057867
668	808	0.11538030636279259
671	679	0.16734741086159596
672	678	0.11983197212959891
675	808	0.10063434988349158
675	813	0.10698498088167012
677	801	0.13101899053308547
677	804	0.10838744718252188
683	686	0.10433364302656085
693	773	0.10091893425665305
698	724	0.12306930212747262
699	704	0.22762357093819574
699	717	0.21426900765914747
699	727	0.25850609033581506
701	715	0.12530103006947554
702	731	0.16712785532667315
703	711	0.33102181592352653
703	715	0.12517502540569447
703	789	0.11476221081679867
703	822	0.1047753744530196
704	710	0.13242959523203102
704	716	0.12777207882990335
704	720	0.18150870071156638
706	711	0.1901675857948053
707	720	0.25283665968245866
707	724	0.23820880270282135
707	763	0.10631429609374456
709	792	0.10803072488922733
710	716	0.13092789613003436
710	724	0.10054754241658173
711	712	0.1196428708633465
711	788	0.10101757988862872
712	713	0.10139675334823489
713	785	0.12271591700148576
713	862	0.12207153554211388
717	727	0.24369768447234172
720	727	0.12116857101442095
723	726	0.13185436241206952
731	750	0.14184967815852764
732	868	0.11820991318286814
734	838	0.11636329146847958
734	851	0.10559102624649243
747	832	0.1004968087049879
750	799	0.11315335950500452
750	818	0.1024362595453824
751	755	0.1580487451258226
752	754	0.11661752399054971
752	778	0.13679397238770502
753	755	0.13311740646355902
754	837	0.10190623129799814
767	771	0.1821930408841627
767	773	0.11765611177855778
775	777	0.14418357289275452
776	879	0.10566795204172111
778	864	0.10195160247614679
779	780	0.14578385859291304
779	842	0.11760294706817959
779	845	0.12247139062628148
784	785	0.11055519098825202
786	794	0.10149469163889197
787	793	0.17937230542947205
788	792	0.12471295973321501
799	818	0.3209194274378594
799	837	0.12849618506146201
800	814	0.13032256287263821
801	804	0.30646954588644365
801	807	0.23142834624706757
806	814	0.10391322768165977
808	813	0.13427491075942222
813	815	0.20759635779611907
818	828	0.1334712828155639
818	830	0.25015766288330854
818	848	0.1494320076773625
818	879	0.11250570763757418
820	821	0.10822973391902999
821	826	0.14126876659501036
828	864	0.18856679247661756
828	879	0.21004571647410633
833	836	0.28343822741447616
837	866	0.13020292136689743
837	872	0.26956494826436544
842	848	0.3808866065799653
842	879	0.18284487413157124
845	847	0.26719872867436045
849	853	0.31585937943272974
851	855	0.12606508132088695
851	862	0.12151480014605916
855	857	0.21479986853309388
856	858	0.14421952911687225
856	862	0.29703217149388694
857	862	0.19711010437418566
