3	425	0.12249448362736137
4	466	0.11172150133666854
11	452	0.22025880078756965
19	390	0.10809545233604534
25	26	0.13096156736052778
26	387	0.11239871033406076
28	223	0.1038042255438716
28	479	0.10171109576476538
31	818	0.18070321595075656
31	830	0.1440135840322802
32	658	0.1031864783567643
38	40	0.15891206363474672
41	399	0.10125892204743676
43	845	0.10035197702345951
45	818	0.10521065459206805
56	527	0.1223897798995612
63	66	0.13206148210677926
64	65	0.1420519047032545
68	71	0.16236683143248504
69	72	0.11923534418233644
73	452	0.2610561925111682
73	523	0.11141407881820282
73	577	0.1308470825465609
73	822	0.11089389929669381
79	364	0.1350125725167589
79	633	0.11273666274631718
81	130	0.10544798938323605
82	457	0.14644705885630027
82	488	0.22925906324635936
82	500	0.17057743411100545
86	91	0.23842231282832174
86	868	0.13444421039688467
92	411	0.14947457423119728
92	624	0.16056925631052432
101	154	0.12448070856504416
102	108	0.13437390040040068
102	139	0.11001816120721455
108	139	0.1003460630623003
114	543	0.13961230431353963
116	290	0.12203248273224775
126	816	0.1118085194778104
134	241	0.10892766609646888
138	141	0.212972107226038
139	766	0.10379655621004447
141	806	0.10601067441131044
142	469	0.10281520747202319
151	375	0.10294239528233111
154	167	0.12709492073690523
157	630	0.13451234656636468
164	288	0.13956378715178222
170	204	0.1005617784774838
170	762	0.132717455123097
171	176	0.11254432834020456
171	180	0.14105525689409068
171	183	0.1616124976548983
180	183	0.23466031063253048
194	196	0.17824127377156895
194	256	0.12019469436751377
195	201	0.18323510602606585
196	199	0.10848213139020027
204	369	0.10926015258042245
213	359	0.10651291972896725
215	601	0.1235353078104873
215	869	0.11235450229908946
218	233	0.10080677783993269
232	856	0.11602231717990881
237	460	0.22815205089237056
245	265	0.14362404457291528
246	494	0.1644149301327298
247	495	0.13236186586340093
294	309	0.10666155272222662
294	612	0.11835354799938716
296	300	0.12989318546458728
301	794	0.11009176295860094
312	672	0.1096185051450122
319	722	0.12117544042483817
325	755	0.16249597952113684
350	733	0.11743136410934935
356	363	0.2351383816215023
357	359	0.30312794777953134
357	361	0.15253094556831692
361	362	0.12369040112596835
365	453	0.10893008367254504
365	528	0.10392812089342154
366	369	0.10009857477741148
370	371	0.11569839500092925
371	453	0.19831169136039795
371	656	0.1838774918919086
374	549	0.10241214314534838
375	455	0.12159966841926952
378	436	0.15776333005093288
378	818	0.16595563085471607
386	514	0.15201909676979505
391	396	0.1723317029627935
396	734	0.1040993291836554
405	486	0.10898592820345487
407	573	0.15892787263246183
408	427	0.14062303689833983
408	755	0.13213557988586125
411	755	0.16291037558033242
414	520	0.10392365641191256
416	419	0.22408675206011244
417	429	0.13620014603364786
419	824	0.12593727926046094
420	780	0.11817479394122078
427	751	0.18706318004085873
431	539	0.17223032238061728
433	445	0.1683384970788827
433	447	0.19531208604205816
436	799	0.12054321598027223
436	848	0.1700385354556659
437	445	0.1569422100109863
439	447	0.10928133966437117
445	447	0.1098913491263393
445	706	0.16121117897076154
450	453	0.19018549442951635
451	453	0.17320746010954668
451	653	0.13566323862980578
451	655	0.1766024307767157
453	653	0.1440506568044353
455	656	0.11075585481475862
457	488	0.1711575481926691
457	498	0.10400874876122736
457	500	0.11266945116790354
460	835	0.14763246677111203
460	836	0.10245789674044475
461	833	0.13867285248821948
472	858	0.10308103534762922
476	480	0.1511136238745114
477	479	0.10721764158447883
480	687	0.11225834768997946
483	485	0.10390660500820159
484	869	0.1723221930163106
485	489	0.11450683351930692
485	869	0.11524399662750076
488	500	0.21495120599651896
489	869	0.1825915176186371
490	500	0.10335679808153087
493	616	0.19960680838259798
499	799	0.17817522113972878
501	505	0.1411993463867699
501	686	0.10269471187398398
514	557	0.1235047451846071
535	844	0.10638831348331926
543	548	0.1257101909357924
544	550	0.11741414783595161
544	764	0.1322040022298532
552	599	0.1366918918400213
557	558	0.11869574065861384
564	676	0.10290379605900281
565	579	0.11551878693095914
569	575	0.12270889712358957
570	580	0.11062751525356937
573	823	0.14900234534871734
576	587	0.22395516759012724
577	580	0.13990340867083695
580	587	0.17658366532637276
591	593	0.12067322491390987
592	593	0.14439383123257363
592	596	0.19459763116686707
593	596	0.26758624124223834
599	776	0.10087125758655108
601	605	0.11889235757869292
601	606	0.1520729552076977
603	644	0.11449457795961307
603	843	0.14387181447916764
604	606	0.24604736279147335
632	634	0.10632170212952531
633	651	0.13650015946872948
634	865	0.11000459110353726
644	843	0.13509019947980366
652	656	0.1278071353408518
657	805	0.10383011020889553
668	677	0.11215715046244978
671	674	0.2016327659226739
671	679	0.1094809976461419
675	815	0.1208473852158938
699	707	0.1597255496514925
699	727	0.13219490900793057
699	735	0.207082939414206
703	706	0.10355934989421403
703	786	0.10968848151794325
705	730	0.23852635969015007
706	709	0.20601216339523648
707	710	0.16228311418393823
708	730	0.1714447468916496
709	711	0.170518418257647
710	727	0.18445844682256596
711	713	0.15423337388754946
712	715	0.2709359915893326
716	720	0.34779906838417
716	724	0.16708569670859327
717	727	0.17479322810587594
717	735	0.14609607148315046
721	841	0.14651731845930696
722	723	0.1560996781134196
723	726	0.19524280278107944
730	731	0.11302229391834896
734	812	0.16091171859269376
752	818	0.12031272018204868
753	755	0.10272187945965805
754	778	0.171850849606949
760	767	0.10030805200899888
761	772	0.15655323918543848
771	773	0.10526544288392843
778	837	0.10771037875407646
779	780	0.23680519981388587
786	792	0.12708432533428143
788	797	0.19655092690124032
799	828	0.10661656721835168
799	848	0.12970743792605946
801	808	0.16823392697866849
802	806	0.175532600289014
807	816	0.1766016493142787
818	837	0.22662853467351346
818	872	0.25558226285314933
828	837	0.13284682636595208
830	866	0.17984638973516312
830	872	0.19914972615032878
833	834	0.12689504586810924
834	835	0.11291007164858671
837	866	0.195921761505966
837	872	0.16500319155001889
848	866	0.1331919501704119
855	862	0.13641683684430758
856	857	0.20911240751890786
864	866	0.14279918436618835
864	872	0.141148901043953
864	879	0.14932954542605972
872	879	0.19965666266072543
