0	516	0.12815813055518416
3	167	0.10222005102240914
4	92	0.11914369305755848
4	466	0.14883845151209216
8	490	0.10360198598902859
11	73	0.11873681187350593
14	350	0.10632037155693
15	332	0.10924595124995348
17	513	0.10795013788965734
18	856	0.11738166969163775
20	403	0.11825132160152761
24	268	0.10261200490130899
25	520	0.10076248005624291
27	71	0.17859566875776606
30	178	0.10996446055758559
30	551	0.23447092357985747
31	378	0.11813997130693593
31	754	0.10657696043812685
31	842	0.1343320367612514
31	864	0.14408752640266567
31	872	0.12285845936641586
31	879	0.15093275470195724
34	518	0.16126794563069255
38	40	0.24567016958441287
44	449	0.15527030305024678
47	108	0.19872020779568023
48	51	0.153590256628169
48	847	0.13024636015674967
50	407	0.1294787949738746
50	417	0.1484682817621219
50	823	0.18774003258635918
52	431	0.1063557982984597
53	855	0.1072703201844773
54	642	0.1262019224957891
56	547	0.12113608104587285
64	65	0.12134473415544109
64	66	0.26264445325733415
70	292	0.10302228734255488
70	739	0.11472177093252148
73	430	0.13094132449375218
84	85	0.13541391212038795
86	513	0.10881586124801167
87	323	0.143794166429724
89	427	0.12045089795248182
89	751	0.10165791902527373
91	322	0.23802259609206938
92	94	0.12500917172534984
92	408	0.15604903124468672
92	427	0.2909236946237174
93	462	0.12807536792379567
94	408	0.11766644602239279
94	411	0.10960324263755564
94	427	0.14673584726856542
94	751	0.17065840783771927
94	753	0.10443829136470031
94	755	0.1942195488330448
96	431	0.11478361463007204
97	234	0.10608260317809613
97	503	0.14788417410976037
98	102	0.21446800873989302
98	108	0.11172691525999376
98	139	0.1331982557468062
99	112	0.1366363198655316
99	737	0.10240062692605807
102	139	0.19652069465497987
103	125	0.10916634685325942
109	210	0.10577649392647263
111	836	0.10583379777519117
114	376	0.13999428512035972
115	477	0.11573157076943827
116	312	0.19467523597593592
128	815	0.12149999456760985
132	734	0.10216023428442508
134	388	0.2431035094304942
135	516	0.1088469998773211
135	803	0.12401234860905268
136	238	0.10163244772664118
138	141	0.15711141026995135
149	264	0.11944818299525446
151	421	0.10631637414306792
154	167	0.18227518432581885
160	542	0.11366228546366298
162	664	0.1732943971891586
166	499	0.1163065046610474
166	837	0.10867841805208524
168	793	0.1540103052605018
177	274	0.1058703265047914
179	354	0.10650599317028268
184	401	0.11222562463380167
184	588	0.11041962517592388
185	625	0.10344995625710192
188	315	0.11007692221555
188	452	0.10127496059744001
188	822	0.11335809515492713
195	197	0.10580990641988473
196	863	0.1288406709525521
197	201	0.17801618202229222
198	202	0.10925615945354979
202	207	0.26761405929040954
206	502	0.10808562705355527
208	297	0.11556207534152907
208	502	0.11351383894315242
210	515	0.1449018369836757
212	213	0.12382857657543483
213	507	0.12684021938184611
216	494	0.10348697855174654
220	631	0.10269257006303167
228	583	0.1736740130968619
229	777	0.15314797659019141
231	490	0.1124025566018708
232	486	0.1280566739730623
232	723	0.1001975960862823
232	862	0.10474586225820788
237	460	0.17628340020029826
237	461	0.1572775235448633
237	833	0.1482254914234961
237	836	0.12414511133937035
244	566	0.11123305228868093
246	684	0.10086638388969153
247	337	0.10728287279659858
249	251	0.1641689932140722
249	420	0.10211492502487102
253	463	0.10311145544424458
255	420	0.12639250307262576
255	498	0.1307602016106328
257	486	0.1068334874967827
264	536	0.15000194424255214
265	431	0.10364842452592624
265	537	0.17499748351301042
270	505	0.10485353924665294
278	865	0.1383151400296866
279	300	0.10158630064736031
280	296	0.17065056891220054
280	300	0.17025207858318048
283	340	0.13831769370485217
285	798	0.12885928229236618
289	331	0.10609892831205152
289	698	0.1025610813127659
292	430	0.1264299629112271
293	612	0.16640540299073658
294	415	0.1841225214842544
294	609	0.14090522603873296
296	826	0.10506149364398142
299	703	0.12911933959232305
300	305	0.106074463416935
308	812	0.10637774174677829
313	634	0.12344096731497319
318	652	0.12364951832205213
318	739	0.1301561084831875
325	624	0.2097105779459261
325	753	0.3265217987999282
327	532	0.1583793918584743
327	817	0.1355880233036483
334	661	0.11959018807803021
338	733	0.11848622098090275
344	519	0.10509546777724593
348	501	0.10143167353641547
349	480	0.1390190616102164
351	516	0.10405080425113677
353	832	0.1266278990269823
354	595	0.11389301627104405
356	360	0.25519372467198875
356	752	0.1260944279276735
357	362	0.11357989202920321
357	802	0.15665522361801162
358	828	0.10287804625476318
359	814	0.21179577992244344
362	802	0.13528924757320973
363	499	0.10123286134548287
363	778	0.10000301137282855
365	371	0.25920420909732983
365	654	0.11913627594922784
370	655	0.14663042142213742
371	451	0.15130840221177735
371	653	0.11960542707866398
371	656	0.11489134793062604
372	705	0.13147696462897387
373	380	0.30836618743203037
374	548	0.125743785192697
375	652	0.1783819747936373
377	670	0.10197357462885541
378	436	0.12186868322608486
378	837	0.19763743978079262
378	848	0.2828152360924808
378	864	0.16513512436509398
380	717	0.10543805051851676
382	433	0.10934947309977405
388	635	0.2165420740450616
388	829	0.11185661437096879
391	396	0.17886050760918018
398	452	0.11254580757760328
405	491	0.12860164774001334
406	454	0.19134830221522273
407	573	0.20404314476833665
407	823	0.1322500788620099
407	824	0.1659176602902392
408	427	0.1489899032793023
408	751	0.10825090838013665
408	753	0.21315949009560056
411	423	0.18965776316071742
411	755	0.20200600004876532
415	612	0.11382478013827509
416	824	0.1699813123130711
417	419	0.10119749998901059
417	429	0.24460471412972346
423	427	0.11837476562437355
423	751	0.24098980665156022
423	755	0.3700992004878448
424	482	0.10625833054216002
424	630	0.19008551795525283
425	640	0.15326897936001102
427	751	0.22180757490837716
427	755	0.16242643923958258
428	756	0.21568310910345115
429	573	0.21652056622966276
429	823	0.14005405142509333
431	537	0.15375434222200865
431	633	0.1227205535272537
433	441	0.17619311893451803
433	447	0.16083192409877703
434	701	0.20749464691679406
436	774	0.11818571732088491
436	799	0.199400213426707
436	866	0.11497132909767811
437	439	0.1466061520298973
437	711	0.1282392771092995
439	445	0.15010813095242367
439	713	0.10899351644779352
441	711	0.11534624765278442
444	698	0.11155735636371476
444	727	0.1101752701082522
446	731	0.10734726750490663
450	453	0.1799778164701118
450	455	0.20072099184846037
450	656	0.11611722933003304
451	453	0.13447464223065173
454	487	0.13786977561688782
455	528	0.10929806288304433
455	653	0.14092643414526915
455	656	0.11240782650297242
457	482	0.16224151123726732
457	490	0.11267974873393125
457	630	0.11749374984083846
458	820	0.1144747936995435
460	836	0.21493594520263506
461	833	0.10208580358602838
463	523	0.11064415108637306
467	768	0.13320110955641368
469	838	0.11405076746416316
472	695	0.10714937550197841
474	481	0.12388265152437743
474	841	0.16059805146061273
477	479	0.14929139986657225
478	480	0.10979661024061493
483	484	0.19201982477095575
483	576	0.10439825426038961
484	571	0.12835028333827933
484	726	0.10780876067936192
485	489	0.11432415042392889
486	601	0.11623061163475894
486	869	0.18098543704795717
487	498	0.11239892472336796
487	500	0.24333728131179072
488	490	0.10836361915861241
488	500	0.13201492469942175
488	506	0.1238114540244771
489	511	0.13246087449874094
490	498	0.12445255068728371
490	724	0.10512713795913765
491	678	0.1616744806730759
492	621	0.10510198277656417
492	648	0.13413219295828388
493	537	0.10188957143654864
497	822	0.12056239334192002
499	830	0.22640125432008268
501	505	0.212744608718487
501	506	0.2313469621595886
501	669	0.10746120529851357
503	508	0.11311795141049016
503	753	0.12259383709901735
505	506	0.1437096032215016
515	580	0.10032985969780359
516	860	0.10763231882069907
519	756	0.1192320746089311
522	872	0.20075753869329976
525	824	0.1013936644226013
531	534	0.3109492077831507
537	633	0.10993604887524813
539	651	0.12046084655639097
540	805	0.1985937166659872
543	764	0.10770431613817111
547	548	0.140338283892015
552	754	0.13509090298216134
556	761	0.10850693301010224
556	762	0.10136989474971658
557	865	0.1828125118079963
563	587	0.10025969612251386
568	570	0.20587758044770052
568	587	0.154602919599016
571	606	0.11017133133840817
571	659	0.14783686681318337
573	824	0.17259687102704468
577	587	0.16507318510274224
588	592	0.10382984072815944
588	593	0.12239560637406251
591	592	0.24307125800805204
591	596	0.14476900907163723
591	739	0.11409740961261315
592	596	0.24815152842195012
593	596	0.13196264195966048
593	715	0.10126118183112955
599	842	0.11761896206147031
601	605	0.3136104029699724
604	678	0.10074170264043328
604	869	0.1022971617430337
605	606	0.13454762309305457
615	701	0.10743481283424348
617	696	0.11290396209305985
625	810	0.14580335008575324
629	631	0.11023662072922893
633	651	0.33365819748620396
644	651	0.1085470204112913
644	843	0.19342529532916988
646	847	0.16000238934495076
653	656	0.2763908358467104
655	656	0.43441174542219446
658	659	0.1418431142808394
660	665	0.17780679440771124
661	663	0.1125562637386215
671	679	0.15931085253957517
682	686	0.1167082621871635
688	840	0.11207973623122505
692	693	0.11412086833901935
696	780	0.12563490473292663
699	735	0.10699845163217789
701	709	0.10881023080995153
702	730	0.10292284476380491
702	731	0.12717750072055384
703	709	0.2503242146450021
704	707	0.15917975110724863
704	716	0.10222423963981639
704	717	0.16987196762458864
705	708	0.24425379987082352
705	730	0.1444178782390903
706	709	0.19153839499928044
706	712	0.12071178741829595
706	713	0.11169779296114217
707	716	0.12301984759516905
708	730	0.10180223675981066
709	715	0.2156500752690076
710	735	0.15254311413973873
717	727	0.15430232990020348
719	759	0.13222904118277667
720	724	0.1174841096573163
720	735	0.46312323411943995
723	726	0.18835624234353307
723	855	0.10126328750181492
731	750	0.10137542539864791
750	752	0.18415818493867797
750	778	0.11247116181978183
751	755	0.3759058313242272
752	776	0.2122888253515757
752	778	0.16637877043776542
754	778	0.1293822410691793
754	842	0.13029330334242858
754	872	0.131609941253391
758	781	0.10586196540390405
763	829	0.11784839712257561
776	778	0.1879699848512983
776	866	0.10538182173368532
778	872	0.10535183158539282
779	818	0.11053672555421237
788	797	0.16694495942382565
789	864	0.12248921400745333
792	797	0.1260521974137147
799	837	0.2490610315320337
799	879	0.16946211214636675
801	808	0.1578570601424398
804	807	0.12933218401560898
807	815	0.16607208935666457
808	815	0.1229610463332681
813	816	0.10992974906119805
818	866	0.10258299697642753
818	879	0.12626479960873946
828	830	0.12505505355816374
830	872	0.144055599115612
833	835	0.10115265822178064
837	866	0.1259119002687127
848	866	0.2826919704419924
851	855	0.1507223924764432
851	856	0.20188397291025734
851	857	0.16918219825192085
856	857	0.15866600463129388
856	858	0.10680831122928536
856	862	0.15203487252155035
