1	467	0.12992880882770746
11	430	0.23179399417625765
15	598	0.17567066369352713
16	735	0.10745894404114006
19	390	0.14186389119696954
23	28	0.10430128252083609
24	28	0.1610797414255697
26	520	0.10000497531110689
27	68	0.122869217966305
29	473	0.10441442800753228
30	551	0.18927852273591
31	378	0.1506551576248592
31	499	0.14966535798104424
31	522	0.1283517482997575
31	848	0.13010702530325474
31	872	0.14381489659740315
32	551	0.2672375815994249
37	40	0.14206299214438764
39	40	0.12339047603740888
43	48	0.13005122571549763
50	823	0.10512280783266356
51	373	0.10353624731747371
53	424	0.23724647713951164
56	527	0.268896182845541
64	67	0.1746103249057719
69	72	0.14967264103723343
76	182	0.10381753113592414
79	493	0.22531625381541248
82	454	0.1494133754052317
82	457	0.14699111514172322
82	490	0.1357110332456561
84	692	0.12006702465355909
86	459	0.1137152295885892
86	831	0.10248703710888586
92	94	0.15456093094226653
92	325	0.19804346654133517
92	423	0.11669621937694545
92	427	0.1169829085144143
94	423	0.1508721361296943
94	751	0.16224771458580914
97	234	0.16622893119583024
99	112	0.11474400846567365
101	154	0.13656798208043228
102	108	0.15102910369955622
102	139	0.12158926352646683
105	139	0.10215903866177448
123	252	0.1125667869753741
125	327	0.10159045923214631
126	807	0.11314245334447061
127	807	0.12351778508220773
153	189	0.10167844376026458
171	183	0.13951821003054912
174	176	0.2401843220262106
177	182	0.2124021657389301
184	264	0.13446565991408574
185	625	0.1341533738558012
188	199	0.13773322012769376
189	680	0.10475257254063773
194	262	0.11784500557786828
195	201	0.10084126995868445
197	201	0.242121075239228
198	202	0.12178113167075832
198	207	0.10106625828812184
200	204	0.21799898558398773
200	208	0.22400997193689984
204	208	0.11871134691745883
228	583	0.11139778746059899
230	332	0.1076093715582388
231	686	0.13302204011107796
235	564	0.1520726651254979
236	831	0.14606238512985362
244	492	0.10702150466778623
245	265	0.11650923466974505
245	537	0.11197170036613908
249	251	0.11565833794616333
257	836	0.10776005947672813
258	835	0.13406900062530386
264	279	0.10117420346875726
267	538	0.13772929463421793
270	273	0.15487845651080606
287	612	0.13716814594048532
288	805	0.10433469340404877
292	312	0.1065392076081768
293	294	0.11401112157394468
293	415	0.13989746676322146
300	826	0.11312227273170046
318	646	0.10718728980094647
325	423	0.1209747898358575
325	751	0.20713952858907317
329	450	0.1738111151583151
329	655	0.10388871651637352
330	804	0.11143411380324605
344	428	0.11345505346286058
348	720	0.10149726155004163
354	595	0.15275628800179875
357	802	0.12479301795006909
358	363	0.11718868778084632
359	814	0.1128550700251282
370	653	0.17954526572748006
374	376	0.18577095828454288
375	528	0.12422050369867471
376	550	0.1150855401164967
378	830	0.1026060791977028
378	837	0.14915811884535793
378	842	0.10118593190073602
390	671	0.10230780381612567
398	452	0.12958694298915527
401	588	0.10082624518440393
405	491	0.10493545302698623
406	506	0.12099076131916191
407	429	0.11737271834239983
408	624	0.15009555243132364
408	751	0.14247969234469943
408	755	0.11562290250841344
411	755	0.20576400245963428
416	417	0.13250792808352327
416	573	0.13594368895687162
419	824	0.10997112177900592
427	624	0.21799454246548206
429	824	0.12139535306545757
431	493	0.16448422891545106
431	651	0.2141811511943356
436	499	0.21850983353326633
436	522	0.13403935939370198
436	552	0.16760096190654966
436	872	0.1969777973610156
437	715	0.12356677553090324
450	652	0.13482042882755588
453	654	0.10535969944025975
453	655	0.15258369295452023
454	490	0.17795178768816136
457	686	0.11486115016910718
460	461	0.19920280391537634
460	836	0.10543997560531976
461	833	0.10529925059044964
461	834	0.13992109479693635
463	521	0.10327259260804254
476	478	0.11191186094029737
482	487	0.11561103699389118
482	500	0.16724552630286424
483	485	0.11188835832217181
483	486	0.10810002709723188
484	489	0.10202202672571208
485	486	0.10155706896012372
486	672	0.14213119244530537
487	488	0.11061862533318637
487	500	0.20632163526492883
489	568	0.10081091382765268
489	672	0.13368160602952933
499	522	0.2762525344427605
499	872	0.15502407224614426
520	533	0.16363950200328511
522	872	0.16634623253997805
530	535	0.12475799301264426
537	651	0.1882416532073984
539	633	0.25307381647549054
539	651	0.16216573500892664
544	548	0.18841040190762823
544	764	0.10213270949206969
547	550	0.11576448958366665
552	599	0.11215576142486826
559	812	0.10161195066455983
569	575	0.1087683690080269
569	579	0.10698602968495464
571	604	0.10482262237416591
571	606	0.13053041057999698
574	579	0.3217574171780891
576	580	0.14513187503383293
576	629	0.10610918946605574
577	580	0.14795872407159955
580	587	0.23887518857131104
592	593	0.13425899687165832
593	596	0.1546755945888944
593	609	0.10143530802476096
599	828	0.16010767081328572
603	644	0.15061085884957767
616	651	0.12233238291021346
617	696	0.1039072772631943
640	865	0.10135666199184355
645	844	0.16464181506026634
657	805	0.10106488179835481
663	667	0.11887123112070513
665	856	0.10138671321338658
668	677	0.12102011680320114
672	869	0.14617214157456412
674	679	0.18896327466630947
676	677	0.1778786040847801
676	804	0.11211089743609871
699	716	0.1151703571584014
699	735	0.17638821966436088
704	707	0.16467099028161022
704	716	0.1853486119937491
705	731	0.1292553586319145
706	713	0.15108228542333105
706	715	0.2248534459399147
707	710	0.12303115154415149
708	731	0.11359636517654975
709	711	0.19409971321582214
710	717	0.21726250535769312
711	715	0.15056854643729384
717	735	0.1043013032378989
723	726	0.22376567337566367
727	735	0.15708393820647948
750	752	0.11671971508155475
750	778	0.18393831616602757
751	755	0.26756967762535266
754	776	0.1027010330086715
754	778	0.15146307439398038
754	864	0.10818533736968933
776	778	0.28161320294812187
776	818	0.11215696940903189
780	830	0.1069843421946007
800	806	0.10166527062700492
801	816	0.17748248844549
804	807	0.14299973610187183
804	813	0.1178927239803953
808	815	0.21764413965807322
818	842	0.19120669633540016
818	879	0.15100199282622195
821	826	0.20090306264966737
828	837	0.1454855075702287
830	842	0.21196900373672056
830	864	0.20077547845402915
837	848	0.14624251164022156
842	848	0.18900081605540303
845	847	0.19517384773498392
848	864	0.24581917713067536
864	872	0.1485653244776308
866	872	0.17383995847000933
