0	107	0.12069685420983366
0	234	0.12020711995360132
1	467	0.13512352134359482
2	73	0.18580799953218463
3	148	0.10836825552083905
3	164	0.13113907399998684
3	379	0.10747757813694853
3	425	0.18078020005886272
3	865	0.1252723726353017
6	868	0.11361319232688637
8	669	0.11797199282691316
9	482	0.10809082423243724
9	582	0.10460103944082469
10	286	0.10656577021005874
10	810	0.21819309445507282
11	73	0.2413912152789896
11	188	0.11273841600095426
11	430	0.3562412048593085
11	523	0.35104121434385716
11	568	0.10761236859840617
13	761	0.11601797757373827
14	240	0.10942135849794551
17	140	0.10638810125118414
17	176	0.1058469938274114
18	257	0.12191443039840665
18	855	0.12122846421395338
21	615	0.13382564983597642
23	109	0.10506958738177884
23	289	0.10381985072746575
23	562	0.14025920700265193
23	698	0.10606646486327273
24	159	0.23646655162386737
24	331	0.10052260091185881
24	476	0.1060380983343788
25	520	0.11630770476089866
27	68	0.24364725336098864
27	71	0.13891579268684145
27	711	0.13347187700262633
29	297	0.13519732873841994
30	551	0.25942041694484325
30	855	0.13113017605644461
31	360	0.10485163630444913
31	640	0.11701811028513508
31	818	0.25851113462469594
31	848	0.1528785138094746
31	879	0.1097997711588928
32	665	0.14088867763967297
32	857	0.10623080108355841
34	44	0.15407056830759314
35	352	0.10184920482854873
36	44	0.10404928867033762
36	802	0.10222875481431427
37	38	0.32285381909048805
37	39	0.11719370764363102
37	363	0.15528614049125694
38	378	0.12111761094318561
39	40	0.13770712688489828
39	599	0.10088260374586233
39	605	0.10848464662145968
39	752	0.1291120941755851
40	356	0.10586531330700524
42	49	0.12212094436249915
42	649	0.14794669186122783
44	701	0.10234531174426258
45	306	0.1574880095847046
45	354	0.13103026184268385
45	592	0.17468115795098624
45	596	0.1466723870931776
45	608	0.11498242165500128
50	417	0.10907766731564857
51	606	0.1209094437799621
51	646	0.14564309866817823
52	705	0.1001475859572867
54	726	0.10076652908771482
55	457	0.1250160942365969
55	505	0.1225841691420329
55	716	0.10797786299357859
55	752	0.1613638622621524
56	189	0.10608983543816451
56	374	0.10748665769702416
56	543	0.13267440964587032
57	789	0.1752608822300207
58	249	0.15298035649739794
59	868	0.10097575797592365
60	143	0.12097041544352394
61	185	0.11015592567345989
61	796	0.1366596107410317
63	65	0.24710677252657706
63	67	0.1692857163582636
68	785	0.14851630484867462
73	199	0.15327566301262663
73	430	0.2854026688684889
73	739	0.10557883059567018
74	762	0.12829152178002937
76	549	0.1325603712718444
76	646	0.11244375094119984
77	291	0.12395487653332649
79	168	0.1127245115266774
79	493	0.2258039409782926
79	539	0.10374982569120111
79	633	0.1439780654933825
81	618	0.30748449265858685
82	506	0.11878278657029963
84	311	0.10315502314045676
84	613	0.10825912883431556
85	119	0.12262644127612898
85	768	0.11439979981097757
86	236	0.162709055562162
86	495	0.1533467008842747
89	94	0.23424851126708612
89	411	0.17798053206444303
89	427	0.14568366334187358
89	624	0.19993835956134523
91	459	0.1175865540480598
91	585	0.12964298613191366
92	411	0.2379368725829866
92	420	0.10166975895727912
92	427	0.22671454971246105
92	755	0.34705688880391755
93	836	0.15005319881699017
94	427	0.17343104117327324
95	107	0.10187499759228624
98	139	0.19872924113029128
100	493	0.10135631452551724
103	534	0.11179568182311139
105	114	0.16277616112516305
107	162	0.11230818599606224
108	766	0.23796751597110852
109	112	0.14036474305568625
109	470	0.10534987296619384
111	460	0.12188760936120765
111	590	0.1406667485778862
111	834	0.11513554624962426
113	483	0.10111827249969799
114	766	0.13613235061600404
115	477	0.11246901318419292
116	292	0.18138724051781946
116	462	0.10166454115150506
116	521	0.12210424759494094
116	771	0.14400629241754964
117	150	0.11987133149153978
117	844	0.11148693388709394
118	124	0.11384021487595958
119	150	0.18095098083646416
123	832	0.11433000598031468
126	235	0.10318860079945807
126	330	0.10584110684215851
126	807	0.11462144092238383
127	128	0.14438396751037802
131	698	0.10466606221340567
131	839	0.2522948146216359
132	275	0.11636196617819815
132	379	0.12610988655203229
132	692	0.1503540424077632
132	806	0.10641633889715953
132	851	0.1144468790734055
133	216	0.1819659554865795
135	467	0.1111162369442848
135	803	0.10312250633168399
136	500	0.10827215875559199
136	538	0.106410876474331
137	400	0.10284629208494724
138	141	0.11928723134322955
141	806	0.13735888988738404
142	339	0.13049796685770743
142	725	0.10268356738348895
143	515	0.11347269861518176
145	264	0.14183112304271409
149	341	0.10312764724645519
149	733	0.13441158945011789
151	420	0.10855185845426256
153	548	0.11328975887306252
154	167	0.14261564782350955
156	825	0.10285084324008074
157	454	0.10511603440330042
157	498	0.16487274448763686
158	392	0.14880710391113758
158	631	0.10121055367363657
164	298	0.21168678810804945
164	384	0.1409813916983049
168	616	0.1112608044990615
171	174	0.12333927578268469
172	174	0.11749399011499741
172	180	0.14438246999740592
172	395	0.12992694622763115
172	869	0.1285674217195343
176	279	0.11711988146979714
178	548	0.13470328561155342
178	623	0.1199943728525547
178	845	0.10311432151895743
180	233	0.11361595289973019
183	851	0.10317920366987728
184	186	0.11454158410221554
184	472	0.11220088909265225
189	544	0.12299546640970577
190	759	0.11797545835232179
192	856	0.10927528980396627
193	450	0.10675868770384088
194	722	0.132149471011168
194	726	0.17658002143803475
196	203	0.1263589856733515
196	463	0.12412953873365054
196	822	0.13851936471652201
197	206	0.11638310433111793
198	554	0.12755571369809782
199	430	0.1445226681146502
199	523	0.12825904771918034
199	779	0.10063236463304247
199	780	0.10642144196291027
200	204	0.23653296653184389
200	373	0.10218567599443784
200	559	0.10028180692407355
203	251	0.12070078195291362
205	646	0.10165667905234341
205	655	0.11072044442368285
205	847	0.11625763884358513
207	603	0.10913551300019607
208	263	0.10528353055462646
208	595	0.10283963122175394
209	762	0.10735585295520822
211	278	0.12649000436452176
211	326	0.14623289444925966
211	641	0.10808297142690251
212	264	0.1569088946955956
213	253	0.1225690836273852
213	510	0.16808034499292143
214	489	0.11884426279664492
214	511	0.14171270643390158
215	869	0.10076902328978089
219	517	0.10310837843407511
221	829	0.12536274303201567
224	744	0.10444552504020387
229	643	0.15741832925280294
231	686	0.1374355430299959
232	280	0.13913853874164442
232	296	0.10052125699706478
232	756	0.10182204641213537
234	666	0.10557062256025967
235	668	0.13091609419376615
235	676	0.10261410564139908
236	459	0.1473896191359731
238	495	0.1407603317531384
240	558	0.11229302370516583
241	772	0.11291428193220077
243	517	0.13504278359830657
244	246	0.15775835171869154
244	492	0.12145055147690337
244	648	0.15195072834482506
244	851	0.10396208392154517
245	493	0.18333625388481153
245	616	0.3360378205083385
245	644	0.13931725868362294
245	651	0.1251649592905577
246	321	0.21648964448960498
246	492	0.10126899552969236
246	494	0.180107421871857
247	472	0.1050091025842672
247	495	0.130669150249341
247	737	0.10692343473398935
248	251	0.14484889494697678
249	251	0.25465253774857094
249	587	0.10203749371592401
251	253	0.20544200142686855
255	561	0.19646834791570938
256	302	0.14055394536550594
257	521	0.11417061300341598
259	265	0.11128485628483012
260	702	0.10640345681509417
265	431	0.19459716463149676
265	493	0.1107109883496629
265	633	0.11312965398802388
267	477	0.1049226365006696
267	538	0.13933098000620142
271	373	0.13051706017065035
273	829	0.10042454119273306
275	738	0.10627196542353491
277	367	0.14228308076607712
278	510	0.10131792512557332
278	557	0.12292011820777458
279	315	0.12311988904418464
280	296	0.30116903246482796
280	300	0.29502620682137704
280	594	0.1238775457151491
280	821	0.1414638870442751
282	475	0.14805809827759406
282	524	0.10540284844897754
282	721	0.10883904630829154
285	291	0.14480946491355687
287	293	0.11888186321572088
287	306	0.13555768049914096
287	612	0.20605040373430467
288	299	0.12111250940999738
288	540	0.10744193848456712
288	598	0.10474415930882067
288	736	0.11003063896108245
288	805	0.21825802389597793
290	312	0.3488266742938959
292	422	0.11390926084900244
293	595	0.10543389141244038
294	415	0.12419919567745101
294	703	0.1174643086309408
296	300	0.19879422033742986
296	310	0.15373820659311507
296	821	0.10400033444094119
296	826	0.1047810558559307
299	609	0.1124045879719024
300	826	0.17081718586165717
301	794	0.10634796455097714
302	733	0.1073221088689952
302	759	0.1046399807716468
302	829	0.1056753062061807
303	847	0.11646969553423854
305	821	0.2290420544080793
306	354	0.12759585932552822
309	415	0.10131210459950696
310	594	0.10617329862934508
312	462	0.1372754586216696
314	687	0.10203680652743927
315	722	0.1072150867933518
315	723	0.12634228248123433
316	390	0.10632748379872851
317	467	0.10505146720327727
318	617	0.11509741303858866
318	654	0.10972382919779193
318	779	0.19271731333683567
320	352	0.11196584476358393
321	468	0.11599258501525452
322	336	0.10411358260825586
322	819	0.11072705623769794
322	868	0.10616671167233657
323	793	0.11585911975207537
325	408	0.18421818778029775
325	423	0.27240613157077914
325	753	0.1603241095178107
326	562	0.10986503733098954
328	804	0.15895409854092912
329	451	0.11160573347673922
329	628	0.1323721836786452
329	646	0.13284430796243482
329	655	0.11553010575369303
330	675	0.12789575533321326
330	801	0.1038418684299978
330	807	0.1778381678835831
331	698	0.2553761087571851
331	841	0.14785042795320935
333	805	0.10447425476181234
334	674	0.10416330734421529
342	410	0.12139393836950771
344	519	0.2517487477473739
344	861	0.11917382639436003
346	347	0.2622155781435159
354	591	0.1144788383545758
356	360	0.18443551541086758
356	363	0.23709221117253743
357	359	0.15773902674030893
357	469	0.11813599853430892
358	363	0.31261578406373136
358	864	0.13645924771380966
359	361	0.17128132474846314
359	806	0.1065838141581658
359	814	0.14444506984130814
360	363	0.1240776120525416
360	552	0.1064441382195086
360	752	0.11216426342034105
361	362	0.22456322671975393
361	566	0.11228130596968647
363	522	0.1177666264148309
363	778	0.10033021996512478
363	830	0.12865575067811882
363	879	0.10446159237366315
365	370	0.30493040516544945
365	450	0.15085407346927648
365	453	0.131307915305675
365	455	0.12486281565535018
365	652	0.16362497331122655
366	380	0.15980276454912304
367	446	0.10885369380091015
369	380	0.13793962037008325
369	548	0.19774241555168426
369	717	0.12362550888925987
370	375	0.3548367253858951
370	450	0.109803070965564
370	455	0.14394651553038207
370	528	0.18945797165906145
371	654	0.14794611916687253
372	442	0.10432245745426925
372	551	0.10325315227925423
372	708	0.11498108916187084
373	543	0.14614418255086778
373	549	0.11709947958607667
373	764	0.10697287014460907
375	455	0.1233063985457665
375	739	0.10995633040567453
378	397	0.10935058699930554
378	436	0.28077220908180545
378	522	0.18693353862415138
378	799	0.17625000752254608
378	848	0.13147843356937514
378	879	0.17414663177337936
381	623	0.14177400869242746
381	754	0.11761155771059244
382	433	0.11178307228890727
385	867	0.19615143566417126
390	560	0.134464002699078
391	581	0.1023925345845999
392	774	0.12150056458415755
394	734	0.12357061397977741
396	631	0.10445966825865975
398	465	0.15167984060528286
398	799	0.12378854006210216
402	868	0.11020641713881271
404	721	0.10775252755920645
406	488	0.18762162150220515
406	669	0.10251725213930954
407	419	0.11140971130719503
407	573	0.12176654698654472
407	663	0.13381840868054953
408	411	0.29877470003485795
408	427	0.11617272109026533
408	752	0.11356165226468687
408	753	0.15617790418014188
411	624	0.13880194443314062
411	686	0.10198417018742853
411	752	0.10207711316745699
411	753	0.3050031309037547
411	755	0.15721978061098868
412	770	0.10064119274706894
412	800	0.11458593278830957
412	806	0.12349121532573347
415	612	0.1014244790124325
416	417	0.13993253360076646
416	786	0.1193151361196742
417	797	0.11279738252274729
418	425	0.11727682709058238
418	762	0.14262127924095347
419	429	0.37632902724969525
419	573	0.17230079444113303
420	780	0.10566967132985455
422	785	0.11059079180529788
424	630	0.13119806586082167
424	835	0.10013164980701932
425	642	0.1316490936587028
427	624	0.2696182303699283
427	755	0.1051830524996605
429	573	0.15697074856246104
429	823	0.12496061600072328
430	792	0.10557875658307395
432	832	0.1174574539162288
432	843	0.10868409840779807
433	445	0.10358234128652256
433	447	0.13138840444439767
434	701	0.11617763414282867
436	499	0.1481923379672961
436	522	0.10725778443497322
436	778	0.12038547550341235
436	837	0.12834198271034766
436	864	0.1620788619239514
436	866	0.15981537059615167
436	872	0.12361290739724368
437	439	0.15733377092207135
437	447	0.12554215710499136
437	701	0.16081175791049582
439	441	0.16729124226730466
439	447	0.1391166434541745
439	703	0.15668256469872557
440	671	0.11557576043366095
440	777	0.10551976536322932
441	701	0.19788545728279444
441	706	0.1021594264548829
441	712	0.10352653742324994
444	445	0.13258931223367704
444	720	0.1420324452146862
445	447	0.10883335152268976
446	614	0.11535071918898052
446	702	0.17065796877336167
446	731	0.11559226107469614
450	455	0.27479465020120364
450	654	0.3088555431535036
450	739	0.10184585641810713
451	455	0.23864983790266
451	655	0.15501258972577342
452	822	0.16639262713345107
454	630	0.10834880772112945
456	809	0.10970596930618363
457	500	0.21701855026749628
458	550	0.19158682970481478
459	664	0.10946640884832627
460	836	0.10464508709503506
463	805	0.1190282479030928
465	503	0.17903472052839128
467	819	0.10610821930405732
469	621	0.10988226289840147
474	841	0.17946702535674655
477	479	0.1414847676312613
480	623	0.1033705457724459
480	687	0.16021376256390932
481	868	0.15342044511960035
483	491	0.16234421266963975
483	605	0.10485935793360146
483	672	0.1618313185145159
483	752	0.12865338633845827
484	485	0.1874139538424554
484	812	0.11350559914475865
484	869	0.2666535554037997
485	752	0.1523212913641321
486	489	0.11381425024037296
487	490	0.24541231565048302
488	500	0.14521996163306022
489	663	0.1039221854190066
490	505	0.12473913943265655
490	586	0.12323930128565327
491	511	0.17014418370635487
491	776	0.12160775221067294
491	862	0.10539935964184613
493	537	0.1963010474757084
493	633	0.36461193305981054
493	651	0.11704746988932804
495	553	0.1281324648932923
495	868	0.1095056627938065
499	522	0.2105524866677851
499	558	0.11161328469635395
499	837	0.2998471989729475
499	872	0.21714302283053366
500	668	0.11354832572244399
501	505	0.10833282847470033
501	682	0.1104032539895916
503	660	0.1780648689297513
505	704	0.11597232829124417
507	510	0.13191062947662202
512	513	0.11031456199550316
512	635	0.10793985359015627
515	567	0.10756190422688955
522	837	0.27882970409146196
522	872	0.19093977299728807
522	879	0.128590225044501
524	615	0.15465665150364166
527	547	0.12964560083119206
531	534	0.19389482898135788
531	535	0.18908513488010695
534	535	0.11487379025789504
537	843	0.10813515625537004
538	759	0.1118635167302429
539	616	0.300082376150444
540	805	0.1442527380162777
541	845	0.10420545666807633
543	877	0.1441120347360309
544	547	0.3501368441870016
544	548	0.1596439664088809
546	623	0.11476141639855804
547	548	0.1412070383839047
550	764	0.11833264732511728
551	771	0.13105633141381084
552	599	0.30234500060348746
552	705	0.10233294764148139
552	778	0.16643037111216558
552	818	0.11143356033826005
552	842	0.12630723687604212
555	842	0.1687679925163784
556	767	0.10198527734330906
557	558	0.10884627738338605
557	634	0.11753422515649226
557	635	0.10050321636154946
560	647	0.10799127943924904
562	694	0.11622001588889931
562	725	0.10272448242042935
563	568	0.10712139412658211
563	570	0.28234498403257824
563	587	0.11251824657768636
566	569	0.134099651560276
569	575	0.18256563592700126
570	580	0.32482882272455527
570	678	0.12580051766318634
573	823	0.1762047782791725
574	579	0.30994284435931496
576	577	0.15377525269288686
576	713	0.10784041722727257
577	729	0.11802628221012322
578	728	0.13280996082568536
580	587	0.153700291961186
588	759	0.13116306595909222
588	844	0.11964939353027129
589	594	0.12335504789486616
591	593	0.2952635758256722
591	595	0.20336293729727004
592	596	0.21834458188994293
593	713	0.10398634318578077
598	859	0.10753193313405747
599	752	0.2004532400532242
599	818	0.11912060351543419
599	848	0.14906177683960128
600	644	0.29243632500530636
600	843	0.17685401827674696
601	606	0.11771094115065578
601	852	0.13346609024501518
603	644	0.19371481375557303
604	605	0.2260928583036075
621	840	0.11384302010126168
621	841	0.11782947711366352
623	734	0.11249082181417817
624	753	0.14462124884893185
625	810	0.12358693933127257
626	631	0.37151362802594223
629	777	0.10214077800149536
633	651	0.2138799146169225
637	800	0.11009070367372198
638	811	0.15636675831886482
644	843	0.2826782103969367
645	718	0.10225719652090344
646	844	0.1572523371803156
646	845	0.11734748048132004
647	732	0.10068957397213947
652	656	0.2429409814834071
654	656	0.1322795987341271
657	805	0.16083171974493285
663	667	0.10304911672662354
663	797	0.12435156733869562
665	856	0.11008984072746787
667	824	0.10470762833914936
668	675	0.21739552814260027
668	676	0.16474951718803202
668	677	0.20960907945554136
670	678	0.11104869456829246
671	679	0.15767943991164315
674	679	0.1861012157152016
677	807	0.1381801515195184
698	841	0.10907458276226181
699	735	0.20432468801404646
703	706	0.15639765376250409
703	712	0.12006626480980925
703	715	0.13913518814609516
704	717	0.15777185266390759
704	724	0.1510383861548958
705	708	0.13319298723359996
706	711	0.15404086396891062
707	710	0.1655186302223661
707	716	0.11075328868212866
707	727	0.10001187489787676
710	716	0.11130743969135067
710	720	0.16607111165781663
710	735	0.2536218309123992
712	713	0.3057217858019424
713	786	0.1278538066938889
713	822	0.1032906441483452
714	806	0.10133781597134361
716	724	0.30892279345291995
716	727	0.1186081680236758
720	735	0.18327672301097775
721	734	0.11096103821266899
721	832	0.11195002283012474
722	726	0.39589796011673317
724	727	0.19841350527465795
724	735	0.2811585878204414
750	776	0.30188978956494505
751	755	0.17590762380658728
751	776	0.12715592386139543
752	753	0.1186630444921801
752	754	0.3433954012537216
760	767	0.1025103448028491
766	862	0.1114495130746069
767	771	0.11699342426038287
767	773	0.12552392544859053
768	769	0.10369483102115493
774	845	0.1187989204241516
774	847	0.15725618865756527
775	777	0.1419182121529313
776	778	0.3176311158218659
776	828	0.16604382580160873
776	866	0.10770518345127136
779	780	0.2697188971515872
781	792	0.10423083059831231
786	788	0.33995313149180767
786	797	0.10774820172422944
787	798	0.25448457021400106
787	870	0.1282866307418588
798	829	0.10017937369650937
799	818	0.12372572041021661
799	828	0.19685491639303945
800	802	0.23250826499571914
800	806	0.1285469976874616
801	816	0.3718946766787234
802	814	0.1331637636075854
804	807	0.15236446847139634
804	808	0.3551206578857184
804	815	0.1682954877267791
806	814	0.11304270639178257
813	815	0.18610587518116575
818	848	0.23377602216830554
828	837	0.1167147643611918
830	864	0.24858969371335782
833	834	0.16658548234860746
835	836	0.16240813054775546
840	841	0.15314611594656027
842	864	0.19439052898053163
842	866	0.13297639445202641
849	853	0.2384381796674854
851	860	0.12101562734295174
855	856	0.18324444561311357
857	858	0.1111177182896794
857	862	0.35386206028704686
