0	4	0.10815510950255847
2	452	0.10367859083662123
2	756	0.10767392596536567
3	640	0.20576785785716653
3	642	0.13878464337797655
4	76	0.10119433503566855
4	234	0.12772983610917343
4	420	0.1270932912769643
4	665	0.12002371608426152
5	358	0.10651628655960013
5	768	0.10506160412738537
6	409	0.10776497185551684
6	858	0.10801314874002117
7	379	0.11514894588771378
8	682	0.1246429373412195
10	825	0.1835181846552681
11	70	0.3953724374134251
11	523	0.116859385340125
11	792	0.11524329985931847
13	811	0.10198853531488765
14	103	0.1388857883430201
15	92	0.10835281907285534
15	377	0.10730563623798384
17	498	0.11674689106967712
17	727	0.10061186691991017
18	232	0.10603207740227959
19	132	0.12116034766121382
21	187	0.10161663086804658
21	240	0.1228724985618019
21	433	0.12526225555394493
23	156	0.14168498595207804
23	477	0.15181197848244266
24	479	0.12756140597799612
26	27	0.11840799273583592
27	709	0.11379020506582925
28	159	0.16931308370751544
28	749	0.1330291130736579
30	862	0.10004306728477544
31	398	0.12362135877434684
31	436	0.212959560426346
31	522	0.24372103259672373
31	842	0.15563198297487166
31	864	0.12961323643409206
32	91	0.10254912589063304
34	302	0.11943465915858487
35	131	0.1473411457506656
36	513	0.10423745385650923
36	585	0.10488509849261453
36	802	0.1140292898275465
37	40	0.12893536015221305
37	837	0.11863481896372871
39	356	0.10589702053037049
39	378	0.15869119603721388
39	818	0.14027868402176
40	257	0.10714128111939057
40	358	0.15813197617917849
40	522	0.10031287828376609
40	660	0.11217925331926476
42	649	0.11407455901840467
45	438	0.10345217563647129
47	98	0.11731986115848829
47	766	0.13633223089019159
47	855	0.12000613229622958
48	51	0.10053956765206201
50	419	0.16745008243026097
51	508	0.1114316487386555
51	845	0.1156147283538532
51	847	0.13852951566095573
53	454	0.10277372038251188
53	490	0.16200506028416992
54	167	0.10776200282407318
55	346	0.14953641300964848
56	271	0.11750206142856852
56	376	0.14014669176601108
56	547	0.12379234721499961
58	213	0.11833670060902116
58	253	0.17473342989031765
60	143	0.1406762867784268
60	618	0.11840102735034594
61	449	0.11512923215863108
63	64	0.10964856084148726
63	65	0.1902929103803569
64	66	0.12141900830940655
65	66	0.35970853427563493
70	206	0.10472233986805923
70	523	0.33745078392751265
71	439	0.1168958679483335
71	711	0.12019814667886525
72	379	0.12893452400339805
73	188	0.13276358352472253
73	398	0.1587124121795855
73	792	0.11221360505870306
74	456	0.11422255612450995
74	495	0.11139255240841013
75	247	0.1210830666498412
76	189	0.12228107615558007
77	88	0.13276452391424107
78	769	0.11277795728263225
79	616	0.24088824171931364
80	459	0.13639748905052895
81	130	0.11803443828223548
81	618	0.17811132129630947
82	482	0.11616346908440063
82	490	0.20053045856180585
84	311	0.10806570810177273
84	657	0.10181621959969363
85	692	0.1299089174969459
86	474	0.11700969866451942
86	481	0.12054759597700192
89	408	0.28971325710935486
89	427	0.2681586582639783
89	751	0.2663545532362463
89	753	0.28765381923541244
91	770	0.11615740960800561
92	325	0.40712644570475653
92	411	0.1052920427620547
93	835	0.20541169922128427
94	325	0.25664594672477653
94	552	0.10253759739842296
94	624	0.389626003143869
94	754	0.11130051039822134
95	632	0.10635902178851664
97	465	0.1339745893545894
97	862	0.1000624297642185
98	102	0.18983780880643364
98	105	0.1183054463129937
99	112	0.17233787271823975
100	265	0.13618377022288444
101	231	0.11197728962560567
102	105	0.1880383627807823
102	139	0.22676704097513725
103	210	0.1139001332654655
105	114	0.12867973473815206
105	139	0.1099998094449266
109	112	0.16716656303295022
109	496	0.11042346849121504
111	460	0.10104782942178035
114	544	0.14678261531932843
114	764	0.13974593176118433
114	766	0.13440727282483725
115	477	0.19043208700368508
116	422	0.11972663152796652
116	462	0.11736514849925302
117	666	0.12755068233075537
117	672	0.10529913948588594
118	789	0.1372949488422064
120	519	0.11020873690407587
123	252	0.10652922799994906
123	313	0.1049457942054605
125	144	0.12804317292947548
125	817	0.14905311092669163
126	328	0.18669270046622063
127	235	0.16129942502397668
127	328	0.1231483354777442
127	677	0.11145918439756726
127	801	0.1453912087275758
128	668	0.12053788368669519
128	676	0.14655255028996692
129	700	0.10277595750443627
129	825	0.11099247437681675
130	165	0.10542243415280211
130	618	0.22728561730922248
131	247	0.15507369533897739
131	618	0.1255250857599294
131	839	0.13494336775141574
132	322	0.10389994007939891
132	361	0.11029287453407395
132	621	0.12428047417612295
132	648	0.16539343186471517
132	814	0.10466382487606792
133	324	0.10295938072372693
133	362	0.1364718242946599
134	635	0.42072820310255044
135	769	0.11889682699276495
135	814	0.10309455526483224
137	238	0.10133795924433292
137	615	0.12287971736820508
138	141	0.3277022942913293
138	634	0.10292378206800624
139	823	0.10555760840927389
140	806	0.11960302118370932
140	814	0.1031150834376178
141	814	0.1170384225009678
142	372	0.1183438662021615
143	471	0.10220062400898385
145	200	0.10230906188633852
149	733	0.17784129781563318
150	852	0.11444146753973294
151	255	0.10279237366861496
151	488	0.1192694795908934
155	389	0.10272569589608632
156	562	0.11231505350212723
160	314	0.1070531494327218
162	504	0.1080555584181268
165	817	0.1021015327395536
166	837	0.10266873051157566
170	393	0.11942086619624578
170	499	0.10690825711255732
172	232	0.10469185277597838
172	458	0.10107325186178524
173	406	0.10219114385490893
176	724	0.10093682179637375
176	812	0.1107063410916054
177	680	0.17227548716664817
178	182	0.11068905187046983
178	418	0.11502661694997471
179	396	0.10218409773017159
179	484	0.20541455028640437
182	542	0.11387401657640897
184	575	0.11983151420594307
184	829	0.10934816532930511
185	625	0.10308728281315434
185	810	0.11350275118903447
186	684	0.11772705678909955
188	199	0.20090360799562335
188	852	0.13879200109530676
189	204	0.13755739085050378
189	206	0.11036236581917389
189	544	0.11649743475180008
191	786	0.10321610063430063
192	249	0.12757165045012933
192	251	0.18892703549854467
192	837	0.10636175327064694
193	451	0.11726179570388433
193	739	0.10368550432083769
194	212	0.10859334454980475
194	541	0.1092938199877952
194	723	0.1700390230868989
195	206	0.3315194635571396
196	199	0.1362751075379334
196	203	0.18045425722114763
196	876	0.1665682383808645
199	574	0.10489074870103289
200	204	0.23881738716085293
200	208	0.2556614882236376
200	448	0.11032679237747581
202	207	0.17810814499857996
202	506	0.10265469570783495
203	822	0.11083678662433513
203	876	0.1464615929511401
204	208	0.23052750979717496
205	303	0.1113453220506047
205	453	0.134687163567594
205	547	0.13747110627620518
208	559	0.1035413852880664
208	838	0.10281467571698226
210	800	0.10156157038296279
210	873	0.11393126993916036
212	379	0.11789196336726808
212	536	0.21654000615272592
213	359	0.11394778358015685
213	510	0.1035452446261611
214	430	0.14382735691824838
215	255	0.11995284058576242
215	471	0.12081684727809806
215	485	0.12972552113535718
215	486	0.1118813349191177
216	283	0.12249410240508683
217	229	0.101685696568146
224	496	0.11897778638605487
225	542	0.10883284747305988
227	233	0.21939975079249474
229	522	0.12142194534039856
230	231	0.1297554478496481
230	332	0.15523331199469892
231	457	0.12737582170275294
231	669	0.11865549342657329
232	484	0.10678160488380214
232	485	0.127784189005107
234	427	0.1175617844559428
234	503	0.1566983079434777
236	774	0.10673554617451796
236	831	0.10988740138098475
237	461	0.17232673694428108
237	833	0.2323384694008548
238	247	0.10253419868650857
238	404	0.14330974339916586
239	361	0.13523453451108236
243	865	0.10905042198934559
244	372	0.11009353107548357
244	492	0.1215098216661244
244	648	0.16833457055820253
245	539	0.18978175829828775
246	321	0.14276869945216228
247	388	0.10721828866708498
247	404	0.10924830951347035
247	516	0.15096947481089407
247	618	0.10699762170864457
247	763	0.10040761788555969
249	251	0.26854349958984775
251	711	0.10801316944702186
256	388	0.16591744135515912
256	763	0.13482308746687624
257	590	0.12458604463520989
257	833	0.11854467239602395
257	835	0.1132738312161533
257	836	0.10398068740253698
258	491	0.10805861787491867
258	723	0.14218905110800809
258	833	0.12225056830460536
258	834	0.12933461449131867
258	836	0.14011918001707174
260	619	0.10880541512218221
262	613	0.10273436008759544
264	279	0.11907714379388402
265	364	0.10576885863385763
267	538	0.14467507434660032
275	336	0.11449725405777714
275	647	0.1170573976932848
276	343	0.10694201928139827
277	687	0.14328088423828417
278	634	0.12297170966710726
280	821	0.1977368051823436
281	282	0.1059513968125838
281	394	0.10499055408057176
282	621	0.14286370773514598
284	830	0.1571235613462961
286	634	0.15583818520803272
287	609	0.12646958509439746
288	298	0.19688750720521614
288	435	0.10520802163279121
288	657	0.12064674034587511
288	805	0.1292937250260218
289	742	0.12208267109989686
290	292	0.10830471243881198
290	312	0.20612686047906711
291	295	0.1932850774073715
292	312	0.18362033702622219
292	430	0.11012742276400879
292	678	0.14896038050000263
293	294	0.30094578678951045
296	310	0.19069753963445601
296	821	0.12561571583299833
299	309	0.1170585212361395
299	596	0.11826653690019379
299	711	0.15992430186231962
301	841	0.10275944509106613
303	369	0.10371129706091119
303	874	0.10330344210900348
305	594	0.10356345394268211
305	821	0.30348498697321885
306	438	0.10543995408490718
310	594	0.11373149123568348
312	822	0.1022564061444244
315	406	0.11275642539810145
318	453	0.11179224900298357
319	321	0.11478915830194747
319	466	0.1255498926134724
320	363	0.10926913614116834
325	624	0.1470284080150746
325	751	0.10845422747610096
325	754	0.10926596572503672
328	801	0.11858953577817803
328	808	0.16330284296960101
329	371	0.1366096173162933
329	455	0.10811742175086948
329	652	0.12250770610123723
329	656	0.12199765223230716
330	808	0.15166626120202023
330	816	0.1008341808172452
336	733	0.10450840489169896
336	825	0.120878266049627
346	347	0.27507916329257615
347	669	0.10111213998023656
347	724	0.1015630066247944
348	501	0.13328668422310042
348	715	0.10786124501434832
348	735	0.1001802635998671
348	773	0.10294820844724975
349	694	0.10730004417805226
351	479	0.1049711505655537
352	537	0.1155992430258198
356	360	0.2578017192055195
358	752	0.13893251234576695
358	754	0.11419449553950287
358	837	0.1179298681529628
360	378	0.10978905937220186
360	552	0.10898079875598242
360	555	0.13307628221640672
360	599	0.10519212497534615
360	879	0.1292258549457968
361	814	0.12503227446043175
362	372	0.11684229916787167
362	630	0.1300704719797748
365	375	0.1429047150916014
365	450	0.2622954846462998
365	453	0.20026862080609326
365	780	0.1280887984673845
366	369	0.14074490816939084
368	512	0.10014660984646251
369	846	0.11270090865781135
370	371	0.12098129999316125
370	375	0.2525875564942614
370	453	0.11528955074160221
370	652	0.13803829977916934
370	654	0.1484691792781728
370	655	0.12575504125196207
371	528	0.1170784455849455
372	702	0.1096033621773611
373	547	0.10337585738742508
374	549	0.12063583851682846
375	453	0.1903655910749125
375	654	0.2126764478370326
378	397	0.11075033495923156
378	555	0.16900897005199272
378	754	0.10703440646407993
378	818	0.16950004952209674
378	830	0.11170877533591125
381	853	0.14961039650769442
385	769	0.10005752229054679
387	533	0.10669546700319871
388	635	0.1192286814488569
388	763	0.13214916929054488
390	392	0.10270991581239272
392	626	0.10116648097189292
393	614	0.11176807441621447
398	420	0.12445486180466431
398	452	0.11881309278357118
398	595	0.10075014204661586
398	599	0.11051081812698388
398	861	0.1132028215647438
401	593	0.10039053918924562
402	433	0.11094743809440047
402	625	0.1046062036293667
404	737	0.11273540799963531
406	505	0.14174328044018664
407	417	0.18481328739225794
407	573	0.14577084053949357
407	667	0.1546148302498759
408	624	0.11150396477428899
408	750	0.10184954610177935
408	755	0.11886819119859565
409	759	0.10892770207263192
411	423	0.2990125639506814
416	824	0.14493459441523376
417	419	0.2284088368132647
417	667	0.1059800865403783
417	788	0.16527528752213877
419	573	0.12985800622981214
422	426	0.13734449928154693
422	452	0.11659388687306725
422	462	0.13944305176605137
422	541	0.12371504460105984
423	751	0.26766339398607397
424	457	0.11173590044607215
424	500	0.10930813008419042
424	510	0.10604306842877785
425	642	0.1417309105099066
427	753	0.1636953084340891
427	755	0.18272449049074024
429	792	0.11279697090301623
429	823	0.1480691768768785
430	822	0.11678762977180608
431	493	0.22332716870720123
431	539	0.12757028303413348
431	770	0.19132933896944088
433	437	0.19975822060957105
433	441	0.12209957428965708
433	588	0.11296215298641515
434	698	0.30618490673707816
434	841	0.10963214230216221
435	745	0.15303697713510703
436	499	0.11277010392762521
436	522	0.2607992231069587
436	830	0.23445713066286503
436	842	0.11438745180669481
436	848	0.13023472075119868
436	866	0.11591720144110665
436	872	0.2991353016276892
437	441	0.10278319067320671
437	447	0.40330781819202705
437	709	0.12299829708596628
439	441	0.121846172648241
439	447	0.1787134161518764
439	706	0.21195539950107747
439	763	0.10260046142696273
441	588	0.1419055712575162
442	714	0.16512889529578517
444	698	0.1925787469340969
444	720	0.1219255195811589
445	638	0.10133800057518982
445	713	0.11609483686015527
445	715	0.15024527396591572
447	712	0.10141106184104774
448	522	0.12137624199775554
448	592	0.11200123743855042
450	453	0.3022825063807968
450	654	0.12266513532749825
450	655	0.10635556293664726
451	455	0.237350605982143
452	486	0.11159211729385368
452	713	0.11424874817134169
453	654	0.11182564165450651
453	655	0.15251554501388445
454	457	0.10115115442753482
454	487	0.16762062601069283
454	490	0.12398052770150242
454	505	0.15081616489623376
454	506	0.10268670052703364
454	630	0.11769855507143641
455	652	0.2395307353018733
455	653	0.103097642282748
457	487	0.15382385249133385
457	488	0.19047402449780104
457	500	0.24347463707800096
460	586	0.12139614435181137
460	834	0.28672851882371697
461	836	0.24487389749672245
464	782	0.10693325599341096
469	743	0.1572033763778445
470	477	0.11279562742664212
470	481	0.15173614280040923
470	597	0.1136298302321897
472	639	0.1202354061097335
473	646	0.114706272239993
474	481	0.13308535815916714
474	495	0.21255904242728207
474	516	0.13413539987345718
474	868	0.15248222290382163
475	615	0.10395304337731727
475	701	0.11298433402077117
480	687	0.2114728792000401
481	734	0.10480071927389936
482	686	0.11714547964870851
483	485	0.258236622812142
483	855	0.11951081099611804
484	486	0.15514407084265275
484	678	0.13783850840119227
485	486	0.15635493889678295
485	491	0.16217167916209624
486	511	0.22360396728648013
486	667	0.10681963277474503
488	490	0.27678285693657245
488	500	0.36047293045918294
488	506	0.11112768385626537
489	491	0.11817151397748335
490	500	0.1422144614394911
490	506	0.10766867402488159
493	616	0.16545850825383226
493	633	0.1705656192826201
493	770	0.10598527693977663
499	581	0.11367554439930547
499	818	0.2365834113158551
499	864	0.11378203226534007
501	505	0.224737916274141
501	506	0.11392144647466604
502	662	0.1356256313246284
503	665	0.199469063457103
503	856	0.14395899008802268
510	640	0.10709083062872263
511	745	0.10300813554433266
512	513	0.15641327230806332
512	632	0.12631959127676057
513	819	0.17087620403876058
516	860	0.10772761062990976
519	756	0.27608589539986844
521	773	0.15757929148316713
522	818	0.14878297068012605
522	830	0.25264785437286863
523	709	0.11891193076842546
524	647	0.10631726820673267
528	628	0.13869647484210879
528	653	0.10134862411366817
537	651	0.15458413862588094
539	633	0.1195596564495057
539	651	0.311662371080837
541	723	0.11058784565419183
543	548	0.13864894995890412
544	877	0.11741217664035052
547	550	0.27053775138197067
549	764	0.14958231662436275
550	764	0.19634407924437028
550	846	0.14015675481105125
552	599	0.11617151582890455
552	752	0.422944100199764
552	754	0.11831075744153481
552	879	0.23440436470029333
555	776	0.10936843564219967
555	864	0.12099950880877149
557	558	0.176673570056273
557	867	0.11620883365422519
559	708	0.10842420045593185
562	617	0.11600570420991711
562	664	0.10063091898018042
563	734	0.1152495907434261
564	675	0.11323124310977731
564	801	0.10752529559858501
564	808	0.14303703867684245
565	585	0.16777911559972597
566	575	0.1294319657100727
566	579	0.20801848038981713
568	570	0.17635852337515479
568	587	0.10480320950060647
569	575	0.19412722456055595
570	577	0.1147465852805809
570	580	0.10424264674035474
570	672	0.1394375016940218
571	606	0.11125778201500844
575	579	0.19519550309651973
576	577	0.11613403751380638
577	587	0.22159846158638657
585	661	0.1001299439198498
588	645	0.14386789634015956
588	706	0.1039037287445822
591	593	0.27959440756251464
591	596	0.25210583689471433
592	712	0.15405167742030254
596	711	0.11477060618676349
598	765	0.1223875195158235
599	752	0.10467436034974693
599	799	0.12355821932973482
599	842	0.14558630124806468
600	603	0.18114067856477384
601	605	0.1805563770715077
604	605	0.2748330002859123
604	672	0.13300375179077661
606	659	0.11250098184628497
609	612	0.24631250808612098
616	633	0.261829920700844
617	696	0.11045187881992131
624	755	0.11360286059375051
626	629	0.1643416635752824
626	775	0.12338349017880411
635	763	0.10880555947985711
643	703	0.1137306169400512
643	775	0.11426407016713622
646	844	0.10366436899620594
647	734	0.12287876722506041
652	654	0.17787272111097113
653	655	0.14597311715343103
653	656	0.11867766474927643
657	805	0.19188522288043175
657	855	0.10556125143925885
660	665	0.11588500438399936
661	729	0.1039457918283292
668	676	0.39518528837231814
668	813	0.19008631312448318
669	682	0.1456230047798557
671	719	0.12010771040005555
671	831	0.10694484107586634
674	679	0.3048972499820015
676	804	0.11453145517081409
676	816	0.1938839493993998
677	815	0.16028807503714113
678	869	0.12247885276846271
693	767	0.10297376229169887
698	841	0.11144803766977762
699	710	0.37829712282746497
699	727	0.16882077757933336
700	708	0.10529732823010993
703	712	0.25686152926255557
703	713	0.12627554762137527
704	707	0.11621859537375741
706	713	0.15403208883643182
706	715	0.2437068567141942
706	786	0.10468376545771271
707	710	0.18570682415850476
707	717	0.31444424697348355
707	720	0.19474258072574324
707	735	0.10660579711329608
707	763	0.14369354697016118
709	713	0.13844572775945332
709	715	0.12357647323874842
710	716	0.19774982096804908
710	720	0.27313943631922993
710	724	0.136195290549823
710	735	0.17383928244598612
711	712	0.10428512306208677
711	715	0.14997433571636065
711	785	0.10249639836507678
712	785	0.11800596026470465
713	715	0.2545318666051926
713	735	0.14629333631059058
713	794	0.1077416259222335
713	797	0.14571805636655616
716	717	0.16832601575091205
716	720	0.4412540174166932
716	724	0.2448900423397889
716	727	0.10753762290025477
717	720	0.22294172811948038
720	735	0.15180363523252338
721	736	0.13992040716709145
723	855	0.10654372722895775
724	727	0.1937475432952323
724	735	0.2074799800022519
726	826	0.10151655689003164
726	862	0.10191472485475654
732	873	0.12557747759216492
733	829	0.14757249019157878
738	774	0.10063423913173579
739	847	0.10665979870345942
750	776	0.21412736794606008
750	818	0.15567252143580698
750	830	0.10351903473572563
750	872	0.10662727996140602
751	753	0.22997089624041359
752	879	0.13562447149374454
754	778	0.16222601001996073
754	830	0.10319273634426154
758	781	0.20091289897128434
761	762	0.14179234490880407
762	772	0.21124622038870922
764	823	0.10877076463072233
766	823	0.10822797810237955
767	771	0.2330569414722405
774	779	0.12596722578210975
775	777	0.12627292090410722
776	799	0.1259477821567135
776	837	0.11086833081105311
778	848	0.1996956411512304
779	780	0.3471139463544047
780	866	0.15663908694582204
780	872	0.11765901563528161
782	793	0.12681885669793988
786	788	0.3052010645472826
788	797	0.10597238130484571
789	866	0.10006641916390697
789	872	0.1145737889858144
790	793	0.10861323054316274
797	823	0.12713020337147019
799	828	0.13666497389723176
799	837	0.13796709253879316
799	864	0.10353773237055988
799	866	0.20083025245128275
801	808	0.20850492978141277
801	815	0.1549610361945873
802	814	0.2366711156249347
804	807	0.21952816773937728
804	808	0.1285917607077286
804	813	0.115873835942001
804	815	0.18428020513609308
804	816	0.18967260197820024
807	813	0.21860467641542927
808	813	0.2944300525168277
808	816	0.29478999845513426
811	858	0.1062279025284749
812	851	0.14701608605481095
818	830	0.2851175993092714
828	837	0.20992042939218455
828	864	0.16344444195788402
828	879	0.23891739847533924
830	866	0.2099709819757863
835	836	0.1372946087493547
837	848	0.10355954570697792
837	879	0.1458542704781073
842	848	0.2749218178580097
842	879	0.15216256881425783
847	877	0.10370638387582994
848	872	0.3111890673644873
855	857	0.18494637063086813
863	876	0.14461014972876604
866	872	0.42024995069826954
866	879	0.18423971250837756
874	877	0.1388878569509997
