0	829	0.11472001883613087
1	468	0.18035091626556143
2	73	0.1344878756760779
3	238	0.10373164816219052
3	425	0.13378461114039297
3	499	0.10328710390701352
4	408	0.10657700746791457
4	423	0.14883484594328797
4	466	0.10009597234968275
5	388	0.12263917382751344
7	9	0.14925657434411027
7	267	0.11757646662177997
8	488	0.1303418314977443
8	669	0.11594136322722401
10	289	0.12249374651273752
10	825	0.15368508866090427
11	70	0.3082576860567263
11	203	0.11110041235559186
11	822	0.23002509476475558
18	47	0.10591324072714933
18	73	0.16808403907445782
18	188	0.13538915990807546
18	489	0.12892840758183483
18	855	0.2467035729610838
19	560	0.1001775261421488
21	838	0.10521775585797413
25	42	0.12002168900613304
26	533	0.1082800408819368
27	71	0.17495465935396404
29	648	0.12295707552180668
30	556	0.11487999986364537
30	855	0.1566204116166808
31	448	0.113680476509869
31	499	0.1550364057019802
31	864	0.33548659095581984
32	124	0.17809841800282447
32	551	0.4615551691153915
32	687	0.10030095747362099
32	767	0.1352106302832874
35	72	0.14698868770679085
35	131	0.1214501080539268
36	198	0.11149485611603469
37	40	0.24896106161612902
37	818	0.1137191316413209
38	778	0.12260651504430226
42	387	0.11686109698973468
44	400	0.4907621094440198
45	596	0.11588387039729317
48	51	0.13291353932398806
49	761	0.11664105678017753
50	108	0.1846410225207719
50	407	0.17696631057919804
53	488	0.12100837879248179
54	557	0.10167991741008253
54	740	0.10842043941348611
56	527	0.27503368261626077
57	789	0.12151242006878606
58	625	0.10375124286051246
58	763	0.10765625922039106
64	67	0.16855745700521108
66	67	0.12069318647645486
70	203	0.1711930651256879
70	290	0.10089621552976544
70	452	0.19220558741009056
70	533	0.10772111568438834
73	188	0.17256489721802243
73	430	0.12945290079625654
73	452	0.10873187111720431
74	170	0.10602123027737602
74	841	0.12023117473162606
75	247	0.11105763639310286
76	182	0.15497973917820423
77	877	0.12823694485591627
78	80	0.2867618533862635
78	144	0.12916004092316677
78	212	0.11732751968303293
78	759	0.10717295895474893
79	265	0.2044010123352036
79	493	0.11891826741226641
79	539	0.1005951603881892
79	616	0.11503550470447023
81	130	0.1362856692178874
82	454	0.1990946357393098
82	487	0.10554802327756097
82	488	0.17413076157298846
82	490	0.2193500195867919
82	683	0.10860552938746976
85	176	0.10234874290951121
85	693	0.1092999597368139
85	780	0.12472701240305989
86	459	0.10148133694503675
87	323	0.19772880199556303
87	342	0.10919389982698192
89	94	0.14908632214153272
89	751	0.25916475598692534
90	874	0.10034692838398
91	513	0.1378131245437224
92	94	0.10474673418390205
92	325	0.14571898364422625
92	624	0.24305053433375812
93	460	0.12069658528820024
93	499	0.13845664306971484
94	408	0.216524344087055
94	624	0.2913350626738491
94	753	0.20030426810122087
95	163	0.13010692136934474
95	532	0.11873549568945387
95	557	0.10392842369586405
96	115	0.10764891946866173
97	660	0.10448751122604993
100	109	0.125317788356338
104	621	0.10158555061632171
105	766	0.41006235812339603
107	163	0.13591273081144853
108	139	0.26683763437817115
108	766	0.16841341363375675
109	112	0.13181378590256076
110	167	0.11598101060302077
111	835	0.11816256013567408
114	145	0.11132792183758286
114	547	0.10152497998815925
114	549	0.11134832776284266
114	846	0.11945007480783218
116	292	0.22281615956137374
120	519	0.10372324883107192
126	127	0.15326182543426864
126	330	0.10813808505692406
127	235	0.10597377458523195
128	328	0.14962486411182707
128	330	0.1123205726833646
129	704	0.10696005793271365
130	618	0.2883277030348946
131	495	0.10157645992770245
132	264	0.11202940378706928
132	282	0.11470858184733372
132	648	0.12723561255186472
133	362	0.126461874410067
135	144	0.11767012945382964
137	272	0.13306939605382423
138	357	0.1026372423952598
140	142	0.4043606013467818
140	372	0.11530650562013993
140	469	0.11259448335633748
141	253	0.10082023156245691
142	802	0.10169531899072967
144	513	0.12235953849624923
144	865	0.12260877461952886
145	208	0.17650087071256182
146	254	0.13499628970524105
148	425	0.12715634345757756
149	588	0.15116322444347444
151	739	0.18114699140817592
153	599	0.11382644092146457
155	191	0.10166953324852222
156	326	0.10916791298157637
157	424	0.12250228754333034
158	392	0.10727427479481093
162	163	0.24165873068245847
162	532	0.14416665830854897
163	532	0.12582162043008024
164	540	0.15668726101512978
166	299	0.1113299539601613
166	879	0.10498028648929789
167	425	0.11639840466414181
168	493	0.1130562304894424
168	651	0.13287981945127608
168	790	0.20261443563346415
170	811	0.10127885167850768
171	174	0.1404353835795115
171	176	0.2680325926480337
171	183	0.21812741365525312
172	174	0.1648275488982044
174	176	0.17416571220887175
176	180	0.13108197256884876
177	547	0.12302913455501031
177	550	0.12635620121288196
180	183	0.10764132290844444
185	825	0.11350082212885129
186	621	0.10448430807078261
187	207	0.1213933643052992
188	199	0.3173234953756257
188	739	0.11050022179962585
189	680	0.1611903734205434
191	559	0.11278877084757004
192	251	0.1310790999967961
192	739	0.11381122145990277
192	845	0.10198367400399451
193	329	0.13300826164072552
194	722	0.11043725845483716
194	726	0.11003936999927524
194	855	0.11965914830322352
195	206	0.41015234492946984
195	658	0.1077238124993073
196	203	0.2977286973155127
196	541	0.15020898891190537
196	863	0.13722356401335428
198	202	0.12985140086094474
200	465	0.10615664215982251
203	541	0.12007182006468156
204	208	0.1975998596675041
206	502	0.12315188630574003
207	641	0.11170531653312166
209	410	0.13062664376711827
210	870	0.17234463878045683
211	691	0.11044998977652876
212	279	0.13709084993584325
212	442	0.10238646748124375
212	492	0.126644093197101
212	802	0.12482916112665253
213	510	0.13257165441339705
214	587	0.14739637264773933
215	471	0.1223682676875691
215	822	0.11681841317510469
216	494	0.12002196886631823
217	832	0.12216802732307061
219	475	0.10066427301514101
221	388	0.10408214850605552
229	622	0.15511709585873523
229	626	0.10042806812846941
229	775	0.1930615566084845
230	540	0.11717415094278115
232	485	0.13473769510940486
232	489	0.13737619782171992
232	491	0.1255336201029378
232	589	0.10203172744308893
232	723	0.12125908497531444
232	857	0.10058258056986265
234	666	0.101537698845279
237	461	0.1360072202508175
238	247	0.11096734486727156
238	388	0.1156661075572461
238	742	0.1322732557652876
243	554	0.11108623029131402
243	598	0.13597930266678457
244	372	0.10291437304138265
245	431	0.2143455377402257
245	493	0.13372892435193906
245	644	0.10196482450195654
246	494	0.3034377643935455
251	576	0.11242215466452815
251	774	0.1174674487716373
251	855	0.1005079441397572
255	561	0.16609047636999222
256	635	0.10222837837437648
257	258	0.1194634293087136
257	262	0.11157628054525777
257	483	0.10336067009911215
257	836	0.15133607351329081
258	834	0.17453277927099123
258	835	0.13348971128641265
265	537	0.21383014632246755
266	340	0.1017249531327694
269	270	0.24618667257637417
271	369	0.11056360025499704
272	800	0.12450539405492082
273	454	0.10000099609103327
277	480	0.1009076070496873
277	687	0.10766623264885225
280	296	0.13975675017331368
280	370	0.12946682591059872
280	594	0.10762960586281199
281	875	0.11830082494494835
282	404	0.14334731690149932
285	291	0.14283077697681443
287	294	0.1922787587103009
290	292	0.15221667095034877
290	312	0.19424019241167945
292	312	0.15775760906588987
294	592	0.12810122709183483
294	609	0.10379287235660715
298	540	0.15542602780794834
300	594	0.1519024910697166
301	794	0.13258437814344068
302	422	0.10198983671948005
302	474	0.11921997158504817
302	811	0.12413244337076756
305	726	0.11549300742758606
305	821	0.13709044503960116
305	826	0.1338639188965524
309	715	0.1159872364506623
315	556	0.1010083745581979
315	666	0.10294042783055299
315	869	0.10024901888435847
317	334	0.10672551633489481
318	370	0.10141620860784518
318	451	0.14579284400515713
318	455	0.14764029918997693
318	653	0.10716919391965726
321	361	0.11120142891428382
325	411	0.17671585023715009
325	682	0.10115369874147219
325	776	0.1117429514576152
328	675	0.1018180634355968
328	813	0.12269041910156618
329	455	0.19055345498990603
329	655	0.12912603318232263
331	524	0.18898884000747082
331	698	0.11160283720314604
334	859	0.14201377959115047
335	728	0.10555573777081988
343	670	0.10464854250578161
344	428	0.1176612695357593
344	756	0.26603990835565405
346	348	0.15517409582391598
346	727	0.12520025270213847
347	500	0.10345266932046626
347	727	0.11981444627261019
349	800	0.12087527006288237
352	356	0.16202489561896935
354	588	0.10747681705689906
354	591	0.14246979436491272
354	789	0.1184594090005232
355	478	0.139093768898951
356	850	0.10320493502104981
357	359	0.17493968716940145
357	361	0.2093788843681176
359	361	0.10221581356430715
361	362	0.2052076026645699
363	522	0.11362448344693903
365	370	0.1242308532740449
365	375	0.14506464269981567
365	451	0.12228377248372874
365	863	0.10921044569679031
367	457	0.11591295421803949
369	473	0.1126187372840042
371	375	0.2131819552116497
371	450	0.129855783888227
371	653	0.15873183879288105
371	655	0.12603820021118756
372	705	0.12129807509242607
374	376	0.2910177099563051
374	815	0.13613961336007974
375	450	0.1085980012214785
375	528	0.1617259663029219
378	499	0.1639790712619185
378	754	0.10134028647598278
378	799	0.20779614774613187
378	828	0.11411449380807537
378	864	0.1355133729052233
378	879	0.19111010114066618
380	543	0.10375089142862398
380	711	0.10377844698977527
383	410	0.10627113263394156
386	514	0.30395716239555925
389	472	0.10314216490145722
390	562	0.11317588519207746
390	621	0.1465999381621168
390	647	0.11144059786727141
391	396	0.1029686625398335
394	395	0.13768296714820696
398	448	0.16454021869637991
398	739	0.13579155900797843
404	467	0.11456643261171474
404	474	0.10375415443614792
405	489	0.10060276705238645
405	672	0.10676693076773904
407	429	0.1564099999648601
407	824	0.14117491094935666
408	599	0.12737567161636604
408	624	0.45476191264558946
408	755	0.3620820831535915
411	427	0.17963155588814578
411	751	0.3650241647531932
412	643	0.14805000339802954
414	520	0.12324052840387331
416	419	0.4491811925326802
419	663	0.11414917121721847
420	541	0.12921648539586886
420	683	0.10453448621991132
423	427	0.17687270016943413
425	551	0.10483886658678335
426	551	0.10545171981114387
427	624	0.1379197344012961
427	755	0.19095304062756666
430	523	0.20990592521624024
431	616	0.2978746775413077
433	437	0.17419776681787402
434	698	0.12735110001419267
434	710	0.1581860961152902
436	750	0.13136704718452827
436	754	0.10404381690627576
436	842	0.10752144410930545
436	848	0.11420462842843887
436	872	0.12519207980354138
437	439	0.32670484773631253
437	712	0.16551000202696134
439	441	0.21873436297944454
439	447	0.12087887461395433
439	706	0.1355803306989676
439	712	0.14746364356586528
441	703	0.14971215782921637
441	711	0.16322715018394832
442	802	0.10414354760799217
444	704	0.129307537258926
444	716	0.10877585434280297
444	763	0.10114715040948721
445	447	0.3213740442941974
445	535	0.14806698518381423
446	702	0.10899737799391418
449	562	0.1294430375969549
451	453	0.14497818362541817
451	455	0.19051502725827507
451	652	0.11413382211641719
451	653	0.1152811690707922
453	654	0.1768962640012693
453	656	0.15125448470831498
454	482	0.2693396159954231
457	482	0.19117283524315967
457	498	0.10715069580636549
457	505	0.10149622179167586
457	676	0.1041537979949297
460	461	0.13654105870798985
461	836	0.12724255000695006
462	463	0.1038093811211867
463	822	0.1045241342178505
467	468	0.12108744607217066
469	565	0.13465297787090894
472	474	0.10490361085381085
472	516	0.10176322907903876
477	819	0.1193355576852627
480	687	0.18122346357099448
483	484	0.18843836190382354
483	485	0.2650300162035327
483	491	0.20385731987235794
483	511	0.15106426727280806
483	754	0.10956119263463664
484	486	0.11382241263011124
484	778	0.109031615269942
485	486	0.13162888967936065
485	511	0.1371958779576899
486	489	0.11901237231720149
486	511	0.1346601777164453
486	869	0.23893798499848717
488	490	0.3516804492176507
488	857	0.1285940836244164
489	491	0.1935888854202006
489	577	0.11990332544801534
489	663	0.13952888534623048
490	498	0.12054981397464107
490	501	0.1141385229901693
491	678	0.1360182282363264
491	869	0.25829766855251773
493	633	0.15340309129290836
493	651	0.1789725747707989
495	516	0.10341568318569536
495	737	0.10076088310277666
499	799	0.2566630277154982
501	505	0.2636231941628559
501	506	0.13645141983114156
505	575	0.120098800659593
510	765	0.10056297431527358
511	672	0.11751189246866499
513	831	0.10824764837252916
514	817	0.11714522379105688
515	852	0.10636471060641856
519	756	0.14955329898549213
522	828	0.15172442981175754
522	837	0.10825025358790868
522	848	0.12127926760190189
522	864	0.10430181832210124
522	866	0.11776867991575277
523	822	0.1041667897727174
528	652	0.1577790499623812
530	535	0.2035921930262105
530	796	0.10019355499570552
531	534	0.16309153718886302
531	770	0.10546350636759871
537	539	0.23708398731429714
537	616	0.1900975012194738
539	651	0.3389655147611065
540	548	0.1041304932240685
540	657	0.12455830643907542
543	550	0.12166570824921968
544	550	0.16605038053609122
546	577	0.1101875393552092
546	670	0.11505001802448328
547	549	0.11056825993968847
547	550	0.10088821702661824
549	816	0.1196767367410972
550	764	0.11223805034879779
551	638	0.11265193120059931
551	640	0.15320964610014415
551	774	0.10236215608979447
551	855	0.11601254999160457
554	555	0.1023256442620742
554	798	0.186872757794051
562	617	0.1346922389714402
563	568	0.20728868365517153
563	570	0.11393664147104672
565	579	0.1011045898137252
568	570	0.22081787399994826
569	579	0.10716855110402201
571	604	0.1050326342816743
574	575	0.19315983090077266
574	579	0.1689320445900991
574	743	0.10367815101818494
577	580	0.21146759007498656
581	599	0.1089519641400317
588	592	0.12552835859488515
591	593	0.14278547243412604
591	596	0.14312908924746495
591	715	0.13477737317095395
592	706	0.10419825923628559
593	596	0.4189723871856855
595	669	0.1068329873733359
595	713	0.10989692177240877
599	799	0.10909415383724502
606	659	0.11595841900076999
616	633	0.14119831998023125
622	775	0.10397824813634265
624	755	0.3654041416481641
626	631	0.18238110209824732
629	679	0.1086947019223841
631	777	0.13386186961604346
633	651	0.10063088466593689
635	759	0.12519577467637533
639	803	0.1088622796647109
645	844	0.19885218241806094
645	847	0.12729657804330394
646	774	0.10611522671092673
646	779	0.12214745519054393
646	845	0.11570556622331649
652	654	0.17379108115177624
654	656	0.3902373736731898
654	739	0.10073058347846511
665	855	0.11654274964315535
668	676	0.12946052222349413
668	807	0.12348898357284586
675	677	0.10219231963660266
682	686	0.28999164183928755
693	780	0.12754067367964705
699	717	0.2053628355807174
702	708	0.25554092812219925
702	731	0.12857755487673694
702	778	0.11699036867154838
704	707	0.16481082921933474
704	716	0.13037081485224614
704	724	0.18220059709042352
704	727	0.21837030946096717
705	731	0.21467206324110163
706	785	0.13757901833643232
707	717	0.12071457208183854
707	724	0.18789221181981702
707	727	0.22947828953200186
709	712	0.17310312006760584
709	713	0.26799635625933815
710	720	0.17956262088154173
713	763	0.12482007364873692
713	784	0.103241836134918
715	855	0.10557208911553322
716	720	0.14242576697588685
717	727	0.17420424135955317
718	726	0.152903794445124
722	723	0.13538356661284495
723	726	0.15589787604729868
724	727	0.23041749181202734
724	735	0.24400516816179352
727	763	0.16366341823889224
729	759	0.11785349119320081
730	731	0.12929084123542173
747	796	0.16395951333441242
747	843	0.10511630609431656
750	752	0.2518208246260788
750	754	0.16736835443584402
750	848	0.1507250804569426
752	778	0.37248803085401266
754	778	0.38081635380417095
759	768	0.14210896700950615
759	867	0.11885411625942136
760	771	0.1384987730038168
760	773	0.10440383109454872
761	857	0.10580887553048302
762	772	0.19644352483257327
763	819	0.10999498319721987
767	771	0.10876912337894386
770	819	0.10668968275573182
774	845	0.13105478270581963
776	799	0.11122011577430767
776	872	0.12790530156905414
784	785	0.1436083247193779
786	797	0.24894623749856717
787	793	0.10330113144997423
788	794	0.13422260706956113
799	828	0.32557968866442155
800	802	0.10948370433702247
800	806	0.10510270552284129
801	807	0.1576258636961674
801	808	0.10046384809887964
801	816	0.1324162768388239
802	806	0.1420941641895898
804	807	0.3748523750151456
804	816	0.32826338436917896
806	814	0.13942336057841137
807	808	0.15379601018920946
807	816	0.3480716918378176
808	815	0.1262002672767581
818	828	0.2109259187573612
818	842	0.14907052801658638
821	826	0.10753498735098913
828	837	0.23827085280044608
828	842	0.1574765338601673
833	836	0.15462353280728444
834	835	0.3908209192331343
835	836	0.13787255428924353
840	841	0.1033916301202014
841	851	0.12751275631176945
842	866	0.11088085646398022
848	872	0.19530565422741258
849	853	0.1305588878908437
851	857	0.10531465578088738
856	857	0.17105579747589605
864	879	0.13676516728640223
866	879	0.24618872039053177
874	877	0.25179847687702855
