0	666	0.13640613454826978
2	73	0.10964158156780487
2	257	0.11075960561221555
2	430	0.1276031135251838
3	185	0.11314341896251401
3	640	0.11415098280607788
4	92	0.1184496768865208
4	466	0.13311305364160492
5	557	0.10172406440455756
5	850	0.10941678059064777
6	69	0.11617405184735154
7	434	0.10896585901286925
8	119	0.12127101213293064
10	21	0.11970129717711112
10	61	0.122302512767489
11	214	0.11631307761501221
11	523	0.30327955825589703
11	788	0.17356953984705595
16	874	0.10045577783044005
17	238	0.1116210009293051
17	671	0.12421026489762586
17	716	0.10451600073435374
18	73	0.12839638081555177
18	98	0.11284847586343373
18	257	0.10923305835149234
18	430	0.10134934914951457
20	137	0.11407282599264743
20	301	0.13827270099822866
20	769	0.10072166878658788
20	819	0.10732500118695536
23	24	0.1883042655562144
23	28	0.125566112735837
23	289	0.11418743649903634
23	800	0.1492646764601941
24	159	0.1371740542660856
24	413	0.1069450180355489
24	625	0.12988794235663786
25	26	0.23673580702067035
25	533	0.12260193889767365
26	414	0.14607521294593423
26	662	0.13581721957297624
27	68	0.14555623615446578
27	95	0.13127504569784462
27	712	0.16369073551070734
28	331	0.11183243763189678
29	32	0.11671791222269545
30	418	0.10563006968866546
31	38	0.1283678259161761
31	356	0.14507412588281926
31	436	0.24695240868195478
31	522	0.12281563932176794
31	555	0.11959036238741014
31	778	0.105070290482447
31	799	0.26227454062313327
31	818	0.10400026307813767
31	872	0.15737804385550877
32	551	0.1476804344676801
37	40	0.12573245278967474
37	356	0.10210180719254972
37	665	0.12532448005297617
37	872	0.13520594289133622
38	39	0.18812467534036165
38	40	0.19771754607704456
38	214	0.10191232076493795
38	356	0.1250821946305572
38	358	0.10391855238625096
40	601	0.11310448238559893
42	219	0.13050732305279758
42	404	0.11626404389164785
42	533	0.11766766783507904
43	48	0.2465276488379789
43	51	0.24835403672332199
47	139	0.10609288838859711
47	607	0.11122498514205376
51	465	0.11637221083911926
51	665	0.14011081642547873
52	281	0.10966648406761483
53	630	0.25363911778704307
55	752	0.14231924105910804
56	114	0.11209512254246834
56	374	0.18634048180511031
56	406	0.11945330826030329
57	311	0.14519973075164638
57	705	0.1013514887059135
58	249	0.14803674359290267
63	65	0.15018984241127326
63	67	0.1310136456979683
64	66	0.20253952055359029
65	67	0.14005955408328105
66	67	0.15657715935161415
68	341	0.10304661311380811
68	711	0.12134061937035201
69	323	0.10830931297131939
69	759	0.11378711642192342
70	73	0.19556392196034425
70	214	0.12502353049220774
70	728	0.10532200111852787
70	797	0.10470111873666685
73	116	0.11237608666423855
73	430	0.3833930049509821
73	576	0.109732155785308
74	107	0.10404320964268529
74	733	0.10805814828662606
76	178	0.10919335746191372
76	274	0.13960855691216723
76	548	0.1807026214731705
78	134	0.10695982576315015
78	247	0.13061193273587282
79	245	0.28835260040036215
79	265	0.11314961807195845
79	431	0.1841647603185932
79	633	0.257562360204018
79	651	0.20229198546712351
79	770	0.11473028244709328
81	130	0.18202829681650437
82	482	0.25273824246056353
82	498	0.1437066077959186
82	500	0.13758700581306288
82	501	0.12493020460634552
82	505	0.14331058993430146
82	506	0.1608986678275469
83	463	0.10371238621186403
84	85	0.20132019578216637
84	693	0.12826132723622502
85	610	0.11279153415530536
85	693	0.10852764334579351
86	91	0.19412839222812647
86	281	0.13187575488282524
86	621	0.14737939680288661
89	92	0.14228514106001192
89	325	0.1822727197589577
89	427	0.43187031622603633
89	552	0.17735182723455573
89	752	0.14917687792824552
89	755	0.16469460318586399
92	94	0.17889635520814984
92	325	0.1076629810318074
92	411	0.15827339843112648
92	423	0.19480371837914323
92	427	0.18903428316628984
93	236	0.12179932876973575
93	461	0.11570128065241177
94	325	0.2330894926636393
94	408	0.10631286683916664
94	411	0.11979954316723253
94	661	0.1141779764628112
94	751	0.36287540675667923
94	752	0.10707810749149704
95	107	0.23428421765623683
95	134	0.1323711467101952
96	99	0.10496807389730504
96	109	0.13468241965043404
96	115	0.11239018061600053
97	206	0.10022741528295416
98	102	0.10416719914750874
98	139	0.16790068564543104
99	289	0.13476467637845238
100	537	0.10048228899324868
102	766	0.16753221598372706
104	773	0.11753474394950979
105	108	0.23632087504815774
105	823	0.10480917247573728
110	167	0.10721486850847062
110	613	0.1281398657575244
111	590	0.12075485248728349
111	630	0.12980541510441262
112	121	0.107626222146888
114	374	0.13588707289273325
114	548	0.10997160423372135
114	764	0.12412148386368647
116	273	0.10859537565470746
116	292	0.1348500606940999
116	711	0.11052597448814255
117	678	0.10677396233731816
118	167	0.11658441830237853
119	765	0.1373915911933357
120	396	0.11853861236494449
121	155	0.11249084498793335
126	127	0.14093375437992461
126	676	0.15644866952837636
126	804	0.10039928803407472
126	816	0.13818731701172296
127	564	0.15477281976789567
127	668	0.11313638581220901
127	808	0.11181379458620144
128	675	0.13411215780183142
129	270	0.10871620065793224
129	638	0.10219064069393262
129	700	0.10918468930527093
129	768	0.1160733228081873
131	404	0.10790588513975943
131	474	0.13815147673257158
132	469	0.1991213261426571
132	692	0.1121816176832869
132	743	0.14498482762573756
132	814	0.10423204102799699
133	184	0.10819766691437227
133	324	0.12113069202496482
133	361	0.16698994497162908
134	256	0.11148965757680983
135	339	0.1336513529025332
135	385	0.10049494332657802
135	733	0.10088161402116878
135	769	0.1353081230732323
137	281	0.13823363418433712
137	560	0.10279691995184403
140	224	0.1021502654924852
140	469	0.10089078342639489
142	598	0.1180579328197621
145	542	0.1329544012641649
145	772	0.11568015789626858
149	174	0.12869812687417878
149	198	0.10431756318811734
149	513	0.15427650032872212
150	578	0.11291178472587696
151	329	0.10048412211983224
151	375	0.10955425511674938
151	421	0.1049696429987757
151	482	0.10922654273955877
151	654	0.10236424192192091
153	378	0.10611698810387482
153	550	0.10258303867639841
153	799	0.11001235166160263
156	841	0.16991408128796373
157	338	0.16040526802598387
157	454	0.10586259873164505
164	657	0.17116069332830955
166	832	0.10003759008135205
166	855	0.10363600828652245
166	866	0.11737201230184707
168	633	0.13522024489492093
168	782	0.10853571549593666
170	177	0.10009574474813308
170	182	0.13378850695694117
170	761	0.10536747534684485
170	875	0.1070293935181213
171	256	0.10137894141958935
172	491	0.11696813324609134
174	183	0.17482271198687224
174	219	0.1125819519364153
176	489	0.10438259216218294
177	380	0.1293245936720018
180	183	0.17053370098407092
180	583	0.10282085677025957
180	679	0.10407321035880805
183	315	0.10116476806250305
184	239	0.11106340170513485
184	728	0.11371184414679995
184	768	0.11950467747380815
188	196	0.13318438844332492
188	199	0.11013632983958932
188	483	0.12684511572596557
188	696	0.12357890632565603
189	527	0.10795495464011931
191	606	0.11351932997087012
192	203	0.1769540717695493
192	253	0.11258924022792528
192	704	0.10232204974078297
193	205	0.16488869022558536
193	453	0.10853254136232117
193	548	0.10051217993114461
193	696	0.12284027661020792
193	768	0.10374553175836487
193	845	0.12981659326061393
194	196	0.1611510803448603
194	726	0.12906168934040702
194	857	0.12459725832919556
195	201	0.18610713009244878
196	315	0.11502348143520882
196	430	0.10390752745383597
196	857	0.12258939226433142
197	234	0.13425786911169252
198	381	0.10434002039063525
201	334	0.11780246374099171
202	207	0.15059785297683229
203	489	0.13040358202646177
204	208	0.27205008017676674
204	739	0.1111316439320653
205	455	0.15163736387103854
205	544	0.10664765385509627
208	235	0.10775901823395673
208	502	0.12716737084815144
208	582	0.13316157554161448
208	685	0.10351728902313975
209	477	0.10124471607106503
210	211	0.1168460700285645
211	402	0.11117771512529549
211	694	0.10728711169774928
211	875	0.11148853244958729
212	216	0.12215005734602885
214	511	0.1216064052812803
214	756	0.11385433847388858
215	485	0.13830094331979337
215	576	0.11953507603201824
215	822	0.12668038459813707
219	404	0.10108826214607437
220	716	0.1155190913745105
222	557	0.10164588084985919
222	762	0.10098928411751384
225	297	0.15789534931641683
230	319	0.10257003844628568
231	500	0.12397920630082254
232	310	0.12429350325250539
232	347	0.1129515655191501
232	430	0.10091849833179557
232	723	0.12203018412920531
232	856	0.11628108771720871
234	751	0.10277926829355112
235	328	0.1252123421741193
235	675	0.16719911147367025
235	807	0.1442290645540737
236	459	0.18012483367969756
236	513	0.13532893322661407
236	831	0.335391355510121
237	258	0.15444754371323927
237	460	0.14671015986957997
237	461	0.14573641298664805
237	835	0.14676967608078717
238	336	0.10465780999794863
238	476	0.1109927144844359
240	697	0.15506386825026258
240	873	0.14261394488936646
241	278	0.11732216238464908
241	317	0.10912494332172328
243	558	0.1255308807973516
244	246	0.2213213098912989
244	647	0.10909314470957764
244	802	0.10397402218861229
245	265	0.1519472962289183
245	431	0.17891136054204163
245	537	0.13035203529671632
245	539	0.2218770122068314
245	616	0.24485056157732557
248	685	0.13829568192597808
251	541	0.11168412388755987
256	308	0.10312024768008707
257	461	0.11937566271391768
257	834	0.14421799908174884
258	836	0.15624337675928818
259	496	0.14711765828258772
262	674	0.11482902275254642
264	536	0.24705872320773736
264	588	0.12224842536011987
265	493	0.2644301467206008
265	539	0.27619881099262994
265	616	0.2932793196717439
265	633	0.21930905895881514
267	538	0.22285216829355167
268	538	0.10769691975944679
268	875	0.130090398651706
269	518	0.10911813668660343
270	829	0.10261491788449414
275	559	0.10347551595613406
277	687	0.12478984102647264
278	507	0.10946959890641884
278	814	0.10241932915105492
280	296	0.2382053867676347
281	617	0.11083619953620202
281	696	0.12573811491306516
283	310	0.14379611169289003
283	321	0.11603708357890828
283	684	0.1226097073076823
285	650	0.16078850252743093
286	632	0.12403992323273438
287	293	0.12971326179456133
287	612	0.16294751177721833
288	657	0.10917981961196602
289	740	0.10950305130057811
290	292	0.17471803850783743
290	312	0.1833831164536056
290	712	0.12220006390946535
291	338	0.10148378623370667
292	422	0.11895175156877573
292	462	0.11561129633116836
293	609	0.13722617748541283
294	415	0.1484515760261525
294	609	0.11199980122842323
296	826	0.1251778066118163
297	320	0.11155570006962376
298	729	0.12830478368431136
298	736	0.10435132438053746
299	309	0.3488903782244378
299	541	0.1163383311823753
301	327	0.10095906865276821
301	792	0.10482964666087795
302	557	0.12760449522204276
303	653	0.1144447409110474
303	845	0.10847557733402102
303	863	0.1014236297400643
304	718	0.10051014949897973
304	736	0.13317194332458415
306	354	0.1122702649926557
307	609	0.11967422112680282
308	515	0.11892547318031776
308	570	0.11588251491866831
308	715	0.10705001386753465
308	784	0.1013961841093789
309	593	0.10296309802234425
311	705	0.12031901120915153
312	695	0.10068731515259771
313	632	0.11779634960411592
314	557	0.10547575037248932
315	437	0.1006699176257596
315	513	0.10312066986159202
315	722	0.18406088641796334
318	420	0.11685546882781357
318	779	0.1367824623610324
319	723	0.10084572775643695
320	352	0.12508330879649568
322	336	0.10788981305955193
322	475	0.10111677573722028
322	721	0.13130747655587308
322	803	0.10508349556756118
323	759	0.11426687246675628
325	408	0.1458035338379898
325	751	0.1280098592484522
325	753	0.15651524869135242
326	400	0.11376257426432206
326	524	0.12474589235012729
328	330	0.1841992147021446
328	813	0.12022670711175505
329	455	0.16949792105650663
329	653	0.11504658129063938
329	654	0.1785805060382715
329	847	0.15401986596545236
331	761	0.10618649611652237
332	755	0.11733654516774414
333	805	0.19315445535121425
338	630	0.10618550712281256
338	775	0.10785303043982275
339	409	0.1008014047561924
340	684	0.1265720460146965
341	643	0.13042797344083668
342	746	0.11287278520168385
344	622	0.12936757439555016
346	348	0.19098928689842298
346	501	0.10699942330271657
346	505	0.12456261784312556
347	706	0.1284200186691273
347	735	0.13069572556678133
348	716	0.10154417441672267
349	355	0.12315231505620168
353	588	0.14418896325275968
354	396	0.1003726621878059
354	593	0.17696131295079368
355	478	0.15630025947221216
356	555	0.11318947744360602
356	750	0.11730367247908378
358	360	0.10872302977882115
358	398	0.11587531982461072
358	552	0.15480873824856844
358	837	0.12330054631487089
358	879	0.1194583989856828
359	361	0.19046576777641833
359	802	0.10069698744123311
360	381	0.13508205286631658
360	436	0.128380343965873
360	818	0.12754226351280706
360	879	0.1461352182687458
361	806	0.18148013694740492
362	630	0.1145764712406643
363	394	0.10012956115357462
365	371	0.14711445107369478
365	375	0.181866076185036
365	450	0.118434153430795
365	528	0.18963804574281418
365	779	0.14517311550165807
366	373	0.1080917076407168
367	421	0.2487938423266574
369	473	0.1849812953309764
370	455	0.18453673129449966
370	845	0.10532935281211858
371	656	0.1705184357387593
373	715	0.12289787116430231
373	724	0.13496147688555865
374	547	0.1409494432795838
375	450	0.10161284323591128
375	653	0.21582963893472726
375	656	0.10686074522551495
376	473	0.11101742614522674
376	549	0.11513629596713329
376	816	0.11675984451181297
378	830	0.10787984638912215
380	543	0.12453806677221783
380	703	0.11311147179944124
380	713	0.13798443267226526
380	735	0.13007884715406898
385	705	0.1115949050030838
385	867	0.18098070446280137
386	514	0.2896165505320154
386	865	0.10124598422641674
388	557	0.11563841167171009
388	635	0.17721165436318465
394	395	0.1061146951803025
398	452	0.14344257612088873
398	754	0.10475976262629563
402	471	0.10865062363078401
402	732	0.11697233441043621
404	742	0.1186250085596185
405	486	0.14065799444519422
406	488	0.11495911350631284
406	500	0.1129714428619298
406	749	0.10599336641448076
407	416	0.17893444651913867
407	429	0.2737976505268997
407	823	0.15844733637814024
409	734	0.10668711433469756
410	610	0.10658199593369935
411	503	0.11523770841826371
412	806	0.11502998116720062
413	414	0.17583577753599366
416	417	0.2608839850036207
416	797	0.14861617309344835
417	429	0.159815705982185
417	786	0.10547983515384499
417	792	0.11095455500225508
417	797	0.10058820012852086
419	573	0.19784392045965554
419	824	0.11670434013585888
421	482	0.14177670632895376
422	773	0.13249008468136225
423	657	0.103509863606826
423	680	0.12175015877678215
423	753	0.28000727800622877
423	755	0.19090996657012835
424	500	0.11691146018843548
425	556	0.10625656939643378
425	640	0.10954536217947582
425	642	0.14549665205606546
426	773	0.13219612406869705
427	751	0.11545090112241291
427	753	0.17044573561394044
428	519	0.27727196803472925
428	756	0.38481911065701
429	788	0.10646572535577967
430	576	0.16892835251322608
430	822	0.17229255882290972
433	439	0.2633314626444034
433	535	0.10113014113937345
433	701	0.24689696491178376
433	706	0.10868043475984686
433	811	0.1584246497070072
434	444	0.22816472836458965
434	698	0.16492202962598215
435	748	0.1416684415470998
436	499	0.12213605949826402
436	522	0.33598933155056576
436	552	0.12210532394322614
436	818	0.17008221221558623
436	828	0.12401002241637495
436	830	0.1536338642550741
436	864	0.1054503633002304
436	866	0.2671241564700657
436	872	0.3191717370001068
437	445	0.22328099321118414
438	443	0.10793329263588741
439	445	0.23428947753281354
439	619	0.11983859002742273
440	775	0.10967703270729154
442	462	0.12481107330982656
442	641	0.10994007173011408
445	447	0.13849717926058253
445	701	0.16721365023209547
445	711	0.10016752164124954
445	729	0.11242492523801216
447	588	0.10740561202965367
450	652	0.1892875504436498
451	453	0.11543621756830122
452	822	0.3297256829942849
453	455	0.208550443800906
453	646	0.1028046567538649
453	696	0.13091327373491607
453	739	0.10496840633908845
454	487	0.15738958246453102
454	488	0.1442725618191573
454	490	0.2091637781787498
454	498	0.10861565359456243
455	655	0.12612479725321937
455	656	0.1394542072894149
457	487	0.1334023130926484
457	488	0.12637981665186557
457	856	0.13640689413094537
458	543	0.10496440168553636
458	665	0.11139694087465973
460	835	0.27332116433191667
461	836	0.1957168365796388
462	463	0.10497177815200011
465	613	0.13247254657727708
467	513	0.11269354201772133
472	542	0.13204293171651396
474	868	0.1318032424956755
476	478	0.23963127615314814
477	479	0.11636571454250391
477	838	0.10679002394912124
477	873	0.11631196934561898
479	762	0.14809221140847392
481	538	0.10144371952390638
481	721	0.1348023535212728
482	500	0.2417057051337419
482	501	0.11474858780613341
482	675	0.11981955789846371
483	484	0.36649085766853917
483	726	0.11037913894266853
483	869	0.23182218930169068
484	568	0.16133661909018224
484	571	0.14894663922021864
484	667	0.1144598328725907
484	752	0.11499460244165947
484	754	0.1380519830540823
484	776	0.10133887521807451
484	869	0.15968992593656217
485	489	0.24939020808378404
485	491	0.1129181297953303
485	511	0.3057985112380999
485	568	0.15227221334198368
485	869	0.15312347492073966
486	489	0.18169998609715796
486	672	0.12377071944030284
486	678	0.10868877998575863
486	822	0.11122504331397053
487	488	0.20317255026305808
489	491	0.10055441329500975
489	678	0.14874872549276844
489	869	0.23264769053594486
491	663	0.11726734567388807
491	678	0.11900457078809341
491	869	0.19805813404319897
492	714	0.10561303472322506
493	770	0.13622639740103634
498	671	0.10498380061282633
499	754	0.12887454023404304
499	830	0.13442172532783592
499	866	0.142447753398339
499	879	0.30757385044617536
501	677	0.10643127985173756
501	704	0.10284093399737622
502	680	0.14926247651289962
503	753	0.10861341615443097
505	682	0.1265800728270188
505	686	0.14478279547288112
513	782	0.11275583890581134
517	828	0.1068108247057161
520	533	0.24689234613971234
520	537	0.10487028755959316
522	752	0.11208070175881094
522	799	0.3468039185314427
522	848	0.12778243238643816
522	864	0.36320046257551475
522	866	0.11107684475311633
522	872	0.3241157163053605
523	712	0.10062087785256836
523	822	0.12323975851095055
525	812	0.11935855045781968
526	529	0.12013504871689278
527	547	0.10353864495576716
528	656	0.11326366420803892
532	535	0.10054863146621726
532	620	0.10583063445924355
537	539	0.12139641831774739
537	616	0.11906281423230966
538	618	0.10312532100166516
539	616	0.21871136656569506
544	550	0.21884196399812278
547	548	0.24038118600487868
548	550	0.1004266500677119
552	599	0.3591577112370891
552	750	0.17796069514834478
552	752	0.4078781982034987
552	828	0.14807954978873744
552	837	0.2242541446758614
552	872	0.17606752223575617
552	879	0.10288970901129359
555	799	0.1109173630632611
555	842	0.11144280714153348
556	695	0.10134607721432666
562	637	0.10911270979376295
562	696	0.13091411968724104
563	568	0.1854412335962016
563	587	0.230796673068197
566	574	0.1696621392684438
566	850	0.10409712835468699
567	587	0.16316736754267974
570	577	0.18770581557212482
570	580	0.2194442428426821
570	587	0.10930250510779158
571	659	0.10317197653611455
574	579	0.226968142866888
577	672	0.12510453489923162
577	729	0.12384581342076284
580	587	0.4054979107772611
580	765	0.15394472109512733
580	802	0.11020491002119272
580	869	0.13093133219385222
586	835	0.11078092286023253
588	645	0.13791099418409816
588	763	0.12902794402374165
589	594	0.13773550485932073
591	592	0.2882031466073931
591	596	0.22070090465740103
591	789	0.11242640075809054
592	593	0.14656041903790448
592	596	0.14824415441928887
592	789	0.10020379128642258
593	596	0.18303233820909148
593	619	0.11500954328964294
598	604	0.12742651085720094
599	624	0.1143207441575878
599	750	0.3979243736243971
599	776	0.10346568127489829
599	866	0.12231174267815266
599	872	0.10479268384818655
600	843	0.12763698497148973
601	605	0.17457053085096688
604	605	0.39797319953692667
604	606	0.1481241889249543
605	606	0.21346937883576547
614	693	0.12582312445464364
617	838	0.11669884358795966
621	630	0.10676706964681015
624	751	0.3380312513170823
624	753	0.1587231145318872
626	643	0.11236977132407867
627	632	0.1276147698923744
628	780	0.11664197687485481
629	631	0.11011781470621362
633	651	0.2856221495068157
633	721	0.10140220795016566
635	742	0.10411785431123129
635	769	0.1472130050304408
638	831	0.10135819898493552
643	703	0.11608967852511495
645	844	0.2126407108677685
645	859	0.13042426068128957
646	739	0.10280932151650836
647	734	0.17302658106047794
652	655	0.12612579974186164
652	656	0.1176325424571388
652	739	0.1101602070258619
653	654	0.21733921650427043
653	655	0.10593965233556693
660	862	0.13525016466936407
663	667	0.35040230998000405
665	855	0.12111289744614119
665	876	0.11733999315332284
668	808	0.1499415335537667
668	813	0.11500954520819015
669	682	0.15665741050878237
670	678	0.11098866664034061
674	774	0.10509914119611023
675	807	0.13989123399342757
675	855	0.10232106067587914
676	804	0.11347555679440084
676	816	0.186461123075993
678	869	0.1743319428692893
682	686	0.2076262916104911
683	686	0.19215160286412558
688	689	0.1439736827995112
688	763	0.1055224247625621
697	795	0.15692665256590801
698	735	0.1342145311472186
698	742	0.11712662108042032
698	851	0.10579518116778888
699	704	0.12898109869336102
699	716	0.16310687357176643
699	724	0.12927748245516993
699	735	0.20849885362846168
701	703	0.13117893893151494
701	868	0.11035154674040927
702	708	0.16884775189137485
703	709	0.12006025259790298
703	713	0.13931676697068476
703	715	0.15208565968979454
703	786	0.13697744231045314
703	788	0.10756214389305292
704	716	0.2546857078781113
704	717	0.23961489209630715
704	727	0.15045336752837268
705	708	0.16854412988651304
705	730	0.2737447560751175
705	754	0.1315495407618413
706	709	0.1018166723209395
706	711	0.15003241365408507
706	797	0.10600920164120331
706	855	0.10001897843839908
708	730	0.27818215326839457
709	713	0.2659505447737805
709	763	0.12244935838831887
710	727	0.10121366871727072
711	712	0.22781963421535983
711	785	0.11785886169814602
712	792	0.1062359264386718
716	727	0.17944749164864218
717	720	0.11890469622404766
722	723	0.10446980994613196
723	857	0.11415825719862414
724	727	0.2674902706893511
727	735	0.18312456895430151
732	838	0.14290521657114222
734	737	0.13945269875188993
739	792	0.12674409573646808
742	829	0.10072241475179543
742	841	0.1252091538644018
750	778	0.17458772956446594
750	866	0.10242806277995423
751	755	0.19054295525515097
752	754	0.21639805368175644
752	828	0.12741803125978476
752	830	0.12519192810095586
752	837	0.1754670200510078
752	864	0.14762685414822654
752	872	0.15269590505185313
754	778	0.11251941167794526
754	837	0.1388666482700645
754	879	0.1563762604159296
759	865	0.1370428875003115
759	867	0.10130908224084191
760	841	0.10571432653278136
761	762	0.15348552956908104
761	841	0.10211761274405978
761	855	0.16327942691184338
766	862	0.10247190609987855
767	771	0.11635723343843438
770	843	0.11503247242296254
776	778	0.1581521341568307
776	818	0.16390215014753007
776	866	0.1307682338057901
778	837	0.11003170175761062
778	864	0.11785252211673043
779	780	0.11928105275058651
780	863	0.1296309882876249
781	784	0.105817978582851
781	797	0.14609324407875784
785	794	0.15047783461395783
785	822	0.10008912363820724
786	788	0.2780505653119666
786	792	0.18891216069982095
789	866	0.12152823397359473
792	797	0.2629721057841781
793	798	0.14323021850895756
799	830	0.22876728291784565
799	848	0.38513055123653644
801	804	0.13914475617338753
804	808	0.13240826777740766
804	816	0.23785441563120568
807	808	0.25655682071637365
807	815	0.101049124200345
808	815	0.12079270743477001
812	825	0.10128909518515611
812	839	0.1139423548326206
812	851	0.11678672167323778
813	815	0.16173525148567547
818	830	0.1815153120716513
818	848	0.11767404609787963
818	864	0.4065926554742035
818	872	0.21086845171177582
818	879	0.15812505220872236
820	821	0.121466961516231
828	837	0.11839183828726435
830	864	0.18685126220603454
830	872	0.13408360259173374
834	836	0.1607243181573613
837	842	0.12212850454442861
837	864	0.11102043261768177
837	872	0.11084202425333448
848	872	0.1055905991499678
851	856	0.12737973067415811
856	860	0.16650178927054057
856	862	0.29551786644934663
857	862	0.10236791954560827
864	872	0.2775053555347556
866	872	0.3662206974676609
