0	768	0.10430314300170182
1	467	0.1544952626120403
2	430	0.11258918466230843
2	452	0.1296414314310392
4	665	0.1080030223837008
8	682	0.18364841836183185
8	683	0.10915295014047041
10	825	0.14334714751686706
11	70	0.23510770901112138
11	73	0.22614950133286962
11	398	0.10365047785591465
11	523	0.14211024778731793
15	230	0.11393909146635431
17	707	0.10358339322270999
18	203	0.12079028785650459
19	382	0.12544871924661866
22	43	0.11541015364858756
24	159	0.12312138156122292
25	26	0.12626569354143258
26	42	0.10228139318106871
26	387	0.14215846162558657
29	177	0.10034653441334129
30	32	0.16409204939216765
31	499	0.10188418339417252
31	864	0.10568737267202664
36	630	0.11507778904938887
43	48	0.17634284156957705
45	591	0.12720695172530108
50	416	0.11604097818424168
50	419	0.1519720011649619
50	429	0.19868143701374175
54	425	0.1231162737580351
54	640	0.15144857322602392
61	185	0.10182894807014697
68	71	0.1877078595674706
73	430	0.1317137691215502
73	452	0.1720135525237352
76	473	0.12425688516991552
78	135	0.12660505581748466
79	265	0.18867746836137758
79	431	0.29436276653267696
79	537	0.1757930295731724
79	616	0.1721418777930423
84	85	0.18790445936330807
86	459	0.11145899644033995
89	411	0.11986774636991764
89	420	0.10813270875178355
92	325	0.1203731793128954
92	427	0.1474289603295437
92	624	0.12109867201765276
94	423	0.1356914255886562
95	107	0.10364832139377167
96	112	0.164238474564278
98	102	0.12224714951063068
100	112	0.11563859837466031
105	108	0.11519510188862463
109	112	0.1640730904975852
114	550	0.1231766837293008
114	764	0.11913452280575945
116	521	0.1062381683215007
123	252	0.1938539243548473
126	668	0.11792350215208586
126	807	0.11909835921782094
127	328	0.14062954928908705
127	329	0.12550115385570507
128	807	0.1236903196301553
128	815	0.11625763511690444
134	635	0.1034725742142184
136	737	0.11340845053824307
151	234	0.10699697365374768
171	183	0.14877730573859257
174	176	0.1335499495029155
174	183	0.15558089139075126
176	179	0.14429172975245996
182	274	0.14780920667886344
187	198	0.1536682659728685
189	204	0.18123414979609614
191	604	0.1105302634600589
194	257	0.1449666838685267
195	502	0.10545267894118764
197	201	0.1215106899239233
197	206	0.11016629440493468
199	203	0.1904049491206724
199	452	0.11500399689409836
203	452	0.11032296991093911
210	870	0.18014964863672125
213	839	0.10499875762439898
214	822	0.10608182531731782
218	233	0.1903726321632886
226	445	0.11058572804682366
229	622	0.18643910337171574
230	598	0.1280782488832986
232	300	0.10522766641927514
236	831	0.17537687269727828
243	599	0.11182517983388898
244	246	0.1032082525432729
244	492	0.20997058507943883
245	431	0.12354080063162229
245	651	0.15860592349485578
246	494	0.14641207471316459
249	253	0.21274319375596126
252	832	0.10559624325938777
259	539	0.1078485380647354
263	543	0.10915280684101232
265	431	0.12373770842658419
265	493	0.14222480877288568
265	616	0.11304691319023169
270	273	0.27542364975153216
274	373	0.10290013635073668
280	300	0.12822771758644863
280	310	0.13646766006831326
283	684	0.101761981977497
285	291	0.11756678796508593
287	294	0.1632497787918535
288	298	0.1466378468044242
290	521	0.10833073411415839
294	709	0.10133979141744213
298	657	0.15001842353096378
300	821	0.14184643596093519
301	769	0.10525918047769892
312	521	0.10014639677857178
315	589	0.11051156415731866
325	624	0.3481599184940277
329	451	0.14392758100918182
329	654	0.15788193010692997
329	656	0.11897151880980193
344	428	0.19580399224383782
346	487	0.10720171221942569
346	506	0.1279673927636312
346	707	0.13349518729120718
355	478	0.11754664121262567
358	363	0.11466870635420287
360	866	0.10104151776709258
361	814	0.10151463412301169
362	684	0.12945720246149184
365	371	0.11792759137574538
370	371	0.13891211182268778
370	653	0.17724235298557986
371	528	0.14799310971625806
371	652	0.1124744797119603
371	654	0.11148868235518879
371	655	0.12311197384519289
374	527	0.10850850800692168
375	453	0.11212408581144896
376	549	0.11323849042478291
378	499	0.1596925038377191
378	828	0.12874216409774902
378	872	0.13028310237139168
391	396	0.10704862037930034
393	542	0.178715927370955
407	416	0.11071840926607124
407	417	0.12575792203766858
407	429	0.28832941696565195
408	423	0.27131301672547
408	427	0.16676095387963824
410	641	0.11240608430230513
412	641	0.10953371042395765
416	419	0.1520641251493804
420	739	0.11893264461969563
422	565	0.10366589145022714
423	427	0.1798307908645108
424	630	0.21067366178620728
427	624	0.13522880391365133
427	753	0.24481903999658156
427	755	0.1159222217308655
431	537	0.13666788289281376
431	616	0.16642015466526372
433	701	0.15106099814997462
436	818	0.14811911437024308
439	441	0.13077279765432298
439	713	0.1374003648085344
441	447	0.14281300161655786
441	701	0.1021070460059604
444	699	0.11847200432886658
445	713	0.10330970668328757
446	700	0.1891712912639523
446	757	0.10109416653824516
450	451	0.1474138484867709
454	498	0.10576093154642181
454	500	0.22654136020108165
455	528	0.11592159141679921
457	482	0.1257962361101835
460	833	0.10687099183249332
460	836	0.24335567781376127
461	834	0.12685206826142253
467	468	0.13903707345669403
472	841	0.11856336634088328
482	500	0.12594777053221082
483	485	0.18110565478023372
483	489	0.1041924957227599
483	678	0.1161041314760886
484	486	0.11154990036165673
484	491	0.16680021089577712
484	869	0.1302523973922525
486	723	0.10042317070350985
486	869	0.23262305374996697
491	869	0.13112753746361433
493	616	0.10056200565530359
493	651	0.1573792175147379
499	555	0.11772440290115914
499	866	0.13552099207528157
501	505	0.13656072566234778
501	506	0.1131358185198316
505	506	0.17977963128858096
540	805	0.12858111338113637
543	544	0.14614773181454607
543	547	0.18895158415123225
543	548	0.13915597018221065
544	548	0.19602031381960705
551	767	0.1106288237794397
552	750	0.1480584919622505
552	778	0.10308010965913927
556	638	0.10427760151744032
569	579	0.16359843540377247
577	580	0.10995672145599776
588	593	0.10299065196162258
588	595	0.18202194133258284
591	593	0.1846328925205122
592	593	0.12977030400395675
599	754	0.1936572866614354
599	755	0.12496805817555143
604	605	0.10888049083148608
624	753	0.16913365354935506
634	865	0.15196187499690927
652	653	0.2334795695651227
652	654	0.12298455120228174
652	655	0.15973828378197485
653	654	0.15242644475940584
668	804	0.10763895980162642
671	674	0.2135827176330113
674	679	0.16623497564950024
676	677	0.10522493562028139
693	773	0.10685254466267143
699	707	0.11469511682765708
699	724	0.2300569117765865
702	705	0.13876982574417626
703	711	0.3076398841312715
704	735	0.10765179149130245
706	713	0.14074301248558058
712	713	0.14201000275715447
713	788	0.10519413964128368
717	724	0.19267156907391603
717	735	0.15756808099493888
720	727	0.18236148892080364
724	727	0.18362332599464737
750	752	0.11438557659241098
750	754	0.17690829354066717
750	778	0.1606080957513828
751	753	0.20388983122556087
752	754	0.1221089700888856
752	837	0.1047537035183205
752	879	0.10850067271346706
753	755	0.19942809723021165
754	778	0.1203067102973363
778	872	0.11431971578152245
784	785	0.22347055441200558
785	794	0.14487104552646762
795	819	0.10958108606057067
801	804	0.1020569083817683
802	814	0.1398211475154117
804	808	0.10564291406666072
807	808	0.16703380136958082
807	815	0.17050571352340738
808	815	0.15128399684327273
818	837	0.2187216636052072
818	842	0.14920304383004376
823	824	0.18340597021833047
834	835	0.11824784362770628
834	836	0.1302324383351058
848	866	0.3080845406055649
849	853	0.14189914203962095
856	862	0.1655470461497285
864	866	0.13949500519464925
874	877	0.23759705222747296
