0	184	0.12392099225024807
2	822	0.10769584046443596
3	54	0.11412412229929872
3	425	0.14165722668169736
4	650	0.1135969138371769
5	504	0.11291263290690652
6	841	0.1128008772966653
14	825	0.10734330453193626
17	202	0.10734524821478379
19	851	0.15218538848844781
19	875	0.10968452985620239
21	469	0.1010818911677048
23	28	0.14091809916262016
23	96	0.10461951379151317
23	477	0.11817728768627547
25	26	0.18052182099199388
26	71	0.10280858519505322
26	533	0.11482802108233323
27	546	0.11070413459547206
31	499	0.21254953377642727
31	552	0.1016180208974751
31	828	0.12689843838861264
31	830	0.2035598712270191
31	864	0.11001684564247367
34	518	0.1488819555861501
37	39	0.19960776092588256
38	378	0.10442775328265615
38	426	0.10584267808386702
39	356	0.11227149754890497
41	399	0.15892479744678192
43	847	0.10778506980794135
44	192	0.11147602938287338
47	105	0.1273381992368714
48	660	0.12267911412862549
50	573	0.1419722600064064
51	845	0.14219115343092517
53	157	0.10158997817202518
60	322	0.12548077432755014
64	67	0.10874594092006812
66	67	0.10012625360535869
70	73	0.12519714690283076
70	422	0.11641539946605299
70	491	0.10463084526271167
70	523	0.12888005866744678
70	822	0.1991010066834303
71	251	0.1071266845991598
71	563	0.10247578005344705
72	689	0.10672780441006813
73	203	0.12255899974277462
73	430	0.2821355022444966
73	792	0.11428286560455131
73	822	0.11747582885217969
76	208	0.11355952715399864
76	680	0.15843249825997452
77	877	0.11296308792566946
79	245	0.1717027198583318
79	265	0.45502921562387033
79	431	0.2738389476510726
79	493	0.2286007024105593
79	616	0.2081843834098543
79	633	0.1252866189459443
81	130	0.3420064096486773
82	487	0.3224370588077191
82	501	0.15152371223649738
84	85	0.14723406050888035
85	463	0.11634673323329386
85	613	0.10624607522027381
85	686	0.12184402039470754
85	692	0.13506476758429675
86	247	0.1517781627697028
88	90	0.13326595851482123
89	92	0.21129093879270835
89	427	0.3048280614786507
89	751	0.16283443921120355
89	754	0.18472142692416968
89	755	0.10357129228913452
92	751	0.2117467172695431
92	754	0.1039711388159678
94	325	0.12160741054514865
94	423	0.20273058246138762
94	624	0.24843408424476934
94	669	0.11066728024771302
96	112	0.1753123992633527
97	503	0.10119825116109084
98	139	0.12468117064082823
100	651	0.12407690906789474
102	766	0.10037042829407788
107	163	0.1523188743846709
109	115	0.1028557974005546
111	833	0.10169531908919775
111	835	0.11283451582953286
116	290	0.289943888847871
116	312	0.23147822131085719
117	150	0.11275226855796636
125	620	0.11013396467701002
125	817	0.11843699270768362
127	676	0.11184475606767125
127	807	0.10912622246883051
127	815	0.12478733851360131
130	618	0.13857001386436188
131	538	0.10391012873290663
131	695	0.12276836918243522
132	133	0.12423990271762088
134	673	0.1071551987724632
137	281	0.10009789754956176
139	766	0.13683866273284348
142	610	0.13102716531728256
145	204	0.10890890221020846
148	736	0.11591848232724335
149	588	0.12153483182917388
153	204	0.11991289262245457
159	479	0.13994237605060167
163	410	0.11182769680430903
164	657	0.11156105126335324
166	828	0.11242958348443592
166	848	0.10302703461672023
167	425	0.11381943803345435
171	174	0.16507052066191008
172	174	0.17613773414777584
172	180	0.14144778376585215
172	485	0.12242193611504065
174	176	0.19533475312930615
174	227	0.10343502582056915
174	513	0.11977083342277937
174	723	0.11305536681940917
175	178	0.10277448384447903
179	354	0.15265397800380226
181	465	0.11134330331061883
184	575	0.14636020131966898
184	579	0.1203086802641603
188	196	0.21616187440479023
188	203	0.14439069864719703
189	204	0.17368183542360846
189	263	0.12568498084225077
189	466	0.1038044575681745
189	503	0.1160620151178314
193	303	0.16709170187523295
193	548	0.10604462595261274
193	655	0.10615446629599089
194	203	0.16159735605211897
195	197	0.12910666046027727
195	201	0.15616098985368812
196	203	0.17001355327028514
196	257	0.10478253063506628
196	258	0.11183827980652847
199	205	0.10728678088479528
199	723	0.10203325906590124
200	297	0.10201594256003993
201	204	0.11608380843286967
201	206	0.11619699957554547
203	420	0.10664238388772793
204	263	0.11396280061091726
204	582	0.12331595050706258
204	851	0.10377347500996044
205	646	0.13173693010843265
205	655	0.10807768309705981
207	581	0.14171329853184006
207	720	0.10214151312872544
209	641	0.11439649379532034
212	239	0.11804004470379321
214	215	0.11589497484859623
214	580	0.10217911321910034
215	491	0.14317245179740462
215	568	0.10330923217694805
216	246	0.11530525431752979
216	283	0.102387256489375
229	777	0.3273483332137357
230	805	0.12343435376118579
231	454	0.10398122606703197
231	482	0.12015644476163906
231	490	0.13543188765773118
231	669	0.15845439358192842
232	484	0.10748667471703142
232	726	0.16561008475073136
234	396	0.10838684822159807
235	668	0.16294360821777304
236	459	0.37682246695335375
237	461	0.2778431464779034
237	833	0.20450502175109306
240	557	0.1089179073092707
244	589	0.10738757760530693
245	265	0.14666804557400498
245	364	0.109799704361483
245	431	0.10511150661300826
245	537	0.1483603907161959
245	633	0.2384394160349938
246	494	0.4783221208691707
247	404	0.1950969028321296
247	495	0.11965546239212957
247	721	0.10878862326566927
247	868	0.10193588122294393
249	253	0.15855671374474958
251	706	0.10053384344298227
255	604	0.11297619184358483
257	491	0.10867448203094027
258	461	0.12598636616892467
265	431	0.2904267168441995
265	493	0.19328303751395712
265	537	0.18788005190085533
265	539	0.2012035804956131
265	633	0.20229647301640885
270	273	0.1382876907965521
275	559	0.11321628567661293
275	838	0.1146947625558139
278	634	0.12248006801166753
280	296	0.12289894277325517
280	300	0.16538852347368369
281	701	0.1232257378589561
285	291	0.1682530301501489
285	295	0.10778467724837533
287	293	0.22326124843119316
289	331	0.1182044852324683
290	292	0.1997177700687892
290	312	0.33222564327128595
290	426	0.11133556342546394
291	295	0.11940470080035286
292	422	0.15228932676999934
293	309	0.15364282874296847
294	612	0.1561262124516617
295	777	0.1082775738230654
299	309	0.19854662052399488
302	474	0.10096309972049225
303	845	0.1960299487962256
306	354	0.11249851889658438
308	489	0.10477903927444272
308	563	0.10988411266407223
308	672	0.10709686005295153
311	778	0.10200516097731858
312	462	0.10929043156237656
317	644	0.13848701143017123
318	329	0.1607333572343019
318	780	0.15308666364889528
322	404	0.100576791121503
323	759	0.10594904005030922
325	332	0.12086276215824222
325	411	0.1081201971870386
325	427	0.23354887092107038
325	753	0.16634382190798286
327	413	0.1112159469379
327	817	0.13840455281616648
329	528	0.10734465675008058
329	652	0.11236277047830188
329	653	0.14121640609133998
332	598	0.16475074550321003
333	657	0.10187433601490413
341	673	0.11751454981598165
341	768	0.10822634623027742
344	428	0.1779393696567132
346	348	0.11802374721194799
346	709	0.1170930747986388
347	704	0.14151919867199983
347	709	0.11039266482171949
348	720	0.13838134918333722
348	856	0.11577268140065886
349	476	0.16085701512488684
349	825	0.11323200468033892
354	591	0.10916548392361032
354	593	0.13642994433088915
354	595	0.10888499267127363
355	359	0.14360083792630965
356	363	0.17134173657186003
356	828	0.11310516868407813
356	872	0.15587522021216285
357	362	0.16938407800838753
357	814	0.12620268192942566
358	363	0.1107862438230629
360	848	0.1360462148203259
365	370	0.29742772213681196
365	528	0.13488936483847558
365	655	0.15903586983546972
370	652	0.16997986009338323
370	655	0.10404884233369728
371	653	0.13461670881517804
375	654	0.1422937452289899
376	544	0.12157376133236412
378	864	0.13208713194857633
378	872	0.18440924035737086
378	879	0.1084286748681247
388	510	0.10577542877323193
388	588	0.10625749613570258
394	395	0.13168578624900978
394	396	0.1757694371059956
396	829	0.10173203164127459
405	491	0.1199631413714211
406	749	0.16125769673188386
407	417	0.12053563115957144
407	419	0.1357488806944198
407	429	0.10790536253317737
407	824	0.13666311615898952
408	755	0.1992611660200438
411	751	0.14065114417013672
411	753	0.1848343775622348
412	496	0.17874356608693703
412	598	0.10273396116162613
415	608	0.10157337820467961
416	419	0.2362051676753153
416	823	0.18825433135783204
417	824	0.145247162631968
419	823	0.10124639098111682
420	739	0.12818705491330235
422	784	0.12414365792724094
422	794	0.11081003734979629
425	551	0.11017744232893989
425	642	0.22941383687554762
428	519	0.2838064884086387
430	523	0.2741928005073391
430	792	0.11558200858845077
430	822	0.3719911864622854
431	537	0.10718311381631379
433	441	0.10912701277927009
433	445	0.10782498031459421
433	713	0.12899719150415592
435	748	0.10622112659484394
436	555	0.12174844486046246
436	640	0.11008367663072786
436	750	0.11895964491275236
436	752	0.12196283395215061
439	445	0.14628747075686696
439	447	0.2460516148933728
441	447	0.112558976989536
441	709	0.10155581494939185
442	814	0.10676966675509596
445	588	0.10420764113550784
445	763	0.10222966896430762
446	700	0.24473587082017126
447	709	0.1035486946955535
448	799	0.13585078663875075
448	837	0.1599935943182552
450	453	0.16817790509551656
452	497	0.11728914395817587
452	523	0.235344329309823
452	822	0.12766326870203135
453	652	0.18480355328262368
454	482	0.24142467830227007
455	653	0.10596931663700902
455	656	0.14115131947029808
457	487	0.11687215911971491
457	488	0.2877463640568728
459	831	0.10076450065851555
460	834	0.1982360331067139
460	836	0.1980278662777615
462	850	0.10373080743788912
463	521	0.11067038691172554
465	466	0.13004834329127235
465	613	0.13897713804812087
467	468	0.13635240852505584
467	768	0.1292375525786094
469	474	0.11038963164353865
469	769	0.10286269121472293
470	495	0.11000130141276876
470	841	0.11747854671144783
472	871	0.10949198389031597
476	478	0.10179108216479771
477	538	0.11374015833989744
482	487	0.12262719471346509
482	490	0.24641333218312816
482	500	0.1728434062598032
482	669	0.17409351850683646
483	491	0.25863805282373964
484	485	0.1367946619829217
484	486	0.10223985339935956
484	869	0.21049792524950164
485	511	0.111967529707493
485	667	0.11246141712064876
485	672	0.13269649151023033
486	511	0.10833817216866208
488	490	0.19456849464205683
488	699	0.12206764692564695
489	491	0.12004020023962388
490	500	0.22817446421948062
490	505	0.12419729237225478
490	676	0.10130511721048088
492	839	0.1048270368300842
495	721	0.14804029836930396
496	566	0.10306864702306083
499	848	0.10577379283915546
499	866	0.16054774243942074
499	872	0.18843316014207848
500	686	0.1016593394771425
505	506	0.1523580651449109
511	869	0.1544219164420421
513	557	0.12478308157046993
513	621	0.10547735766515498
519	756	0.22396033728457415
520	533	0.16108028047066633
522	799	0.25434863021844945
522	837	0.1736775050066582
527	543	0.1634936058835047
528	653	0.10579594194000216
530	535	0.17846777366088482
531	791	0.14026516591945515
532	791	0.10131348336775939
534	535	0.12292720016434573
537	539	0.17839527799793467
540	657	0.11609798897578606
540	757	0.10006374173790425
547	550	0.14611994950592957
548	550	0.24908456211626698
551	771	0.10628570162230284
552	828	0.12624767415365548
556	772	0.11140868784366739
557	673	0.12743877766796521
559	561	0.11381982200175296
561	580	0.11613063348772663
564	815	0.14037101406842367
566	569	0.11468423615286222
568	576	0.22958423656653448
568	580	0.23987793909482447
570	576	0.2102206396725927
570	577	0.10079921590506855
571	606	0.20248435003167928
574	575	0.18526233488905847
576	580	0.2197670124693533
579	743	0.10754657195655372
591	593	0.11445154715563717
592	595	0.11818182322318076
599	752	0.3492914582122115
600	644	0.28568541376805423
601	604	0.2013785564085181
605	678	0.10578504991332
617	696	0.14073628567608854
621	734	0.10128439942097171
625	810	0.15979667935347305
629	643	0.12080199805847514
629	792	0.10216551173243035
630	685	0.11943529540649409
630	833	0.11486157835330592
661	663	0.1071549931341356
661	667	0.12280889802756413
663	667	0.2178734393794927
669	682	0.21582844951621638
671	674	0.10330026314958662
671	831	0.11064602209076878
672	678	0.16450486920176594
675	677	0.19222999316368952
686	862	0.1199497183417211
699	735	0.3921078186361902
702	708	0.1100084473915374
702	731	0.23331930245662466
704	710	0.12896180911031097
704	717	0.22386036110598187
705	731	0.38709820671721434
706	711	0.12356847163592796
706	735	0.1310682745232961
706	797	0.12924480226583762
707	710	0.1520452282344379
707	717	0.13788137033194314
709	856	0.10826053407572432
712	715	0.22002747539272438
712	786	0.10580838936895043
713	715	0.3818517929145715
713	786	0.10984719887680612
716	724	0.1188795390320385
717	735	0.13712293063128592
720	735	0.21099951011084864
722	723	0.1137712707313845
727	735	0.11913591180555441
750	754	0.31420641432902063
750	776	0.11241191342447107
750	879	0.11813970486469028
752	754	0.294910127987191
752	864	0.10567516991199641
753	755	0.42138651759834034
754	776	0.15180936594613703
754	866	0.16438947283048655
754	872	0.12194565978885877
754	879	0.16272517443490178
764	823	0.14824714854745447
771	773	0.10618190877616443
776	778	0.21872147326690983
776	828	0.1542371416317106
776	837	0.10184788285972686
776	842	0.10431046342497007
782	787	0.15751045053532062
784	794	0.333899901459783
786	788	0.15560541522190477
786	797	0.10749009318547113
787	798	0.11260451204304217
792	797	0.20127861159200855
792	822	0.10401963280112256
799	837	0.20522019669485267
799	879	0.11311954837911951
801	815	0.1329952646957588
802	814	0.11286388391040145
804	808	0.1778439538968595
818	837	0.21178595544388007
818	864	0.17238787104491254
818	866	0.20802364897629205
828	848	0.20503246652563506
830	872	0.15604355856428573
834	835	0.22371876576959732
834	836	0.15415140901948107
837	848	0.27167206330390503
837	866	0.18189212677537123
837	872	0.10646252542523636
837	879	0.2532872271817338
842	879	0.10809125384324353
845	847	0.13207105748746545
848	866	0.32086195795695227
848	872	0.14916022588805516
851	858	0.12250264955471543
851	860	0.13050754833177095
855	862	0.23891743728148865
857	862	0.17928860664178692
864	879	0.1908773931787734
866	879	0.19665409660687835
