0	4	0.1794247265444827
0	97	0.15755031636408007
0	234	0.10547792476961824
2	523	0.14384606453837465
3	640	0.12772779268615744
3	642	0.10331676478259681
8	406	0.11091435376838621
8	686	0.11451290410443232
10	625	0.27716006723998404
10	825	0.11973789307231789
11	430	0.2327274581853598
13	74	0.1093067278975449
14	99	0.13753260976282666
18	257	0.1017731641243464
18	857	0.17431030084999885
18	862	0.13116563779986104
19	560	0.125399215971368
21	433	0.1851955498128408
24	159	0.10975907428506976
24	322	0.12221581234712504
26	71	0.10282999805647847
28	477	0.1370494308754165
28	600	0.10241882796566279
30	32	0.20141167311163108
31	830	0.1503103851255579
31	872	0.1452527407132816
34	854	0.10813784948630276
37	39	0.12956290637357595
38	40	0.1535979449713792
39	426	0.11297083021022061
42	520	0.11754004915577802
43	48	0.15125627254335955
43	51	0.11742054255902801
48	51	0.14038401143541288
53	111	0.20368586011864465
53	424	0.19505171433306254
53	685	0.11284707930084824
54	642	0.106030840216845
56	76	0.11404989436138556
57	591	0.11143504361872963
57	789	0.10431195541163517
63	64	0.14012887799302823
63	65	0.13404332499844568
69	72	0.1259856625348969
70	430	0.18817620708278635
77	90	0.10932004945713743
78	634	0.10896252455428536
79	265	0.10815415834020524
79	431	0.1258615352127759
81	618	0.1736938123255801
82	406	0.13175729300626274
82	482	0.12398540104830448
82	488	0.2552914869215112
82	505	0.12185950072540577
83	331	0.11920918375023395
86	236	0.10707515004131368
86	322	0.15926259864127323
88	324	0.10774023984248449
89	94	0.2853156558508034
89	408	0.1726193279850459
91	322	0.10221074266197666
92	427	0.2434358451076921
94	427	0.24620365474174255
95	588	0.1058938241466942
96	112	0.11899049593404261
97	201	0.11441651839553514
97	503	0.20419260026910885
98	105	0.16210893488161565
98	139	0.1952974882220329
99	268	0.11512085157950483
99	647	0.11189303677915906
100	787	0.10205401069813763
102	108	0.13882491815694253
105	139	0.2176623929297405
108	766	0.13749321326409267
109	477	0.11864129501162789
111	834	0.13326668369149264
117	523	0.10213933632721735
118	158	0.10662552155879816
120	158	0.18213204010665898
120	344	0.10558815334883316
127	808	0.10367108050453204
134	256	0.11716156824554966
134	388	0.3102704929687448
134	760	0.12234919997265459
135	140	0.22108928754602775
140	142	0.14651470133646455
142	769	0.15320329263760962
143	144	0.13388379016073446
148	155	0.10155118470023773
149	733	0.10809106907462365
151	234	0.10042636311171717
151	655	0.10258276655562204
153	846	0.10982423644017283
155	389	0.10323704719043073
158	344	0.11972204024018623
158	622	0.13228872676491352
162	532	0.10781139965726094
164	298	0.11257273685243022
170	373	0.11566536901344639
170	762	0.10579662682678659
171	176	0.2048308506271635
175	226	0.11596917734369158
178	274	0.1676728186003987
178	548	0.13296656902713977
179	183	0.13905113585877596
184	264	0.10808603090657953
184	467	0.14218562531783732
189	200	0.20821482048411427
191	605	0.11424267297079688
194	203	0.16701701800383656
195	197	0.2466350407679543
195	201	0.24749777531251185
197	201	0.25534380639057086
197	851	0.1040204772925089
199	780	0.10134107448663313
202	207	0.11349867109602
202	581	0.10074453463692896
203	485	0.12390239893088548
203	779	0.10104306851338277
203	876	0.10426694629749265
204	208	0.17407566330189278
204	502	0.13070029277773665
205	303	0.1246312183915949
208	762	0.10400737294107174
212	536	0.12183193269027077
214	485	0.1441558274016329
214	678	0.1071507147405302
215	822	0.12408997052211007
217	432	0.11572349090263681
217	777	0.13712934034779856
218	233	0.1205483111685652
222	260	0.10249631865804226
227	233	0.15073159197593236
230	598	0.1038254396648744
231	779	0.13031421029298826
235	564	0.2178049871023059
236	630	0.10823474724721642
236	733	0.10219052992760015
237	460	0.14888289101991115
237	461	0.11593774001057919
238	404	0.12194853319754224
238	470	0.10037132294979643
238	495	0.11413432393268548
238	841	0.11599367482119964
245	431	0.23647136669899102
246	266	0.11966550197724667
246	494	0.15824113912392074
247	516	0.11338204746667588
247	721	0.11242364014327687
249	251	0.20329226192170077
251	253	0.1151639756571485
255	498	0.10666089895814346
255	571	0.108127448729119
256	513	0.10218612216952541
257	836	0.11786229205145099
260	335	0.15531703726264792
264	536	0.10284739699958609
265	770	0.11415675519603796
276	277	0.11574998665743484
279	536	0.1050306899524698
280	296	0.16988922803375667
284	499	0.11256043723347485
288	298	0.18449752475366435
288	333	0.13552133999773408
290	292	0.29934789124931577
290	312	0.12297479690965585
290	672	0.10180918923802333
291	777	0.10190393670826377
292	312	0.13348520649126316
293	294	0.17099757152703654
293	415	0.11685311854575245
294	415	0.18765564496282328
298	384	0.2135677336987225
299	309	0.1021975709658467
301	342	0.11712127010102488
303	318	0.12983630456393688
303	646	0.13379093712167087
305	594	0.1016395622949966
308	486	0.11075078087309831
313	634	0.10256611116045632
318	654	0.2054309517027866
319	723	0.11067483287119377
321	340	0.12700906394284806
321	494	0.14064925344532028
325	411	0.24944465556396098
325	420	0.10778417131474217
325	423	0.15239016833899496
325	427	0.11175199150467512
329	365	0.12096173798868501
329	453	0.11252204129295254
329	655	0.17984436787749514
338	775	0.12252130485621603
346	348	0.15711348927942895
347	348	0.151136083486167
354	596	0.15561308035049132
356	358	0.18299109131471367
356	752	0.10155292759641751
356	842	0.10548735371027984
357	359	0.20194028566086497
357	362	0.11462343367232075
357	466	0.10399307637852231
359	739	0.10728248902763689
360	879	0.10313888128181248
361	362	0.1831876194319939
362	806	0.12695346835265217
363	776	0.11221123959679807
364	537	0.11216475872555899
365	370	0.17791755878807888
365	371	0.3298585016668187
365	528	0.10908718449396683
366	380	0.1213635984186443
371	453	0.12492308621734506
371	845	0.12681548289816383
373	720	0.10152661298705067
374	527	0.12661062596789968
374	547	0.11577775120190308
374	764	0.1386298280856237
375	455	0.1971277897517523
375	652	0.11887923716536387
376	550	0.12050817780157769
378	555	0.14410059661652486
378	599	0.1269314186712581
386	514	0.1762538093724832
387	533	0.1073270333925797
391	396	0.1875750631316535
394	581	0.10342474419786873
398	504	0.10847644472512336
398	581	0.11310087651590668
398	739	0.15188643981301644
401	593	0.11160924284650646
404	470	0.10398787916201281
406	501	0.13040547434964578
406	506	0.17224050458148482
407	417	0.1238521567934811
407	823	0.12164971423920934
408	423	0.1032868536613449
408	755	0.1613762190569705
410	641	0.1344410059381384
411	755	0.38046428263203885
414	649	0.10392672168948304
416	417	0.3370503822064296
417	573	0.15324788742943002
419	573	0.31366085143268413
419	824	0.15865909111273616
420	591	0.11285368122100548
420	751	0.10407723175590046
423	751	0.19291863928267494
423	753	0.29945518012651123
427	624	0.13680522668698689
429	788	0.14720524899984302
429	823	0.10922693428263519
433	445	0.11440218206203243
433	713	0.10049390587241677
435	577	0.11799595247152411
436	522	0.10815795956160239
436	818	0.18840391635009002
436	828	0.14328476878272609
437	729	0.12668042254336806
438	443	0.14768971879320122
439	701	0.2564395039676659
439	715	0.1011387314207744
440	719	0.12843422748503536
441	445	0.15608168095616753
444	704	0.10349873308145645
444	707	0.17763884774409774
445	447	0.2878840694709889
445	711	0.15325476666444438
447	709	0.11172967431271089
447	711	0.12279862536345149
450	451	0.275872578612282
450	455	0.11167004904664435
452	541	0.12414381873902482
452	822	0.13297811103169208
453	655	0.13163838523976293
453	780	0.10685932034262467
454	490	0.17000944168831741
455	656	0.13740888677064106
457	488	0.16283307991235432
457	500	0.15926272725784374
457	686	0.13736294144353595
459	671	0.10569529954396048
460	833	0.1208713050243931
460	835	0.12027911268412322
461	834	0.2541745158948647
471	515	0.20340151268045373
472	516	0.17632070363508648
472	868	0.10680011482960733
476	480	0.16255460067436145
481	721	0.1525829288697146
481	868	0.1729993373462334
482	498	0.20339208481916754
483	869	0.21004490457676192
484	485	0.12993084273135122
484	486	0.2324650513898722
484	489	0.12646946081349442
484	511	0.1389350716185132
484	667	0.13589504549514464
484	678	0.1322295177378465
485	486	0.2019186893230719
486	511	0.15607742808938105
486	667	0.10917130031030503
486	752	0.10437502735891895
487	506	0.12318880250779755
487	682	0.10946352844623387
489	568	0.11346169718396726
489	571	0.12016575116105321
489	576	0.10679811458195783
491	561	0.10931118039962158
493	616	0.25757384326742777
497	619	0.10225576924463176
498	682	0.12056801185128924
499	799	0.2383861622093475
499	848	0.18446652633644608
499	866	0.3253976181941845
501	505	0.22139403218086462
515	567	0.1186569454656054
516	868	0.13837653656878798
516	871	0.13331886878086258
522	818	0.15149253264334048
522	837	0.27539180378313344
523	570	0.1124643486320042
527	544	0.11832776061722876
527	548	0.10020106230752918
532	817	0.11622266480038142
533	844	0.10291528260035265
537	616	0.19458874706921492
537	633	0.14551481746551448
537	651	0.16983083911189759
539	651	0.159257201696694
543	550	0.16299388401930345
544	548	0.1115924569601594
547	764	0.11848942580787002
548	549	0.1603450229650343
549	550	0.10465223932194645
549	826	0.13141634248292197
551	767	0.12108259679399004
552	599	0.10157654942610736
552	755	0.10032219297496467
552	778	0.2869390429470125
552	818	0.13799045421426695
552	837	0.1268440086064348
555	750	0.11279571044088636
555	866	0.13895419474551887
558	865	0.24024221922533523
559	571	0.1011335542519536
560	851	0.10870915778249514
563	587	0.12226279837866041
565	574	0.20095033994216396
566	574	0.11048909086600621
566	575	0.13136884673268487
567	568	0.10627294420270081
568	571	0.11324261996894694
568	576	0.179881986978751
568	580	0.10274565647349132
568	587	0.2460471139785374
569	574	0.10672108454973471
569	575	0.12403281633909441
570	577	0.12179019572684248
570	869	0.11372957400487609
571	606	0.11962362330639822
574	575	0.3252360596198265
575	579	0.3221005479869503
577	580	0.10613605403799513
580	601	0.10493983911655619
588	706	0.10154011081394682
588	763	0.1230276620834713
591	593	0.12085463821159811
592	596	0.17275206886443598
593	595	0.32009394696533866
593	596	0.1485450026074236
595	596	0.1941562529046298
599	778	0.16549509655628508
599	828	0.10607974938657427
601	606	0.1401312674869811
604	605	0.15179518016603077
621	851	0.10319203821824097
622	775	0.1040767996950975
626	631	0.1553429012290133
629	631	0.2520247251648363
630	676	0.11082938055684091
631	788	0.1126807579115247
635	737	0.10639827878398131
635	759	0.11657908528287951
640	642	0.15062453142577514
644	843	0.18719886665814794
646	845	0.1302274062219528
652	653	0.1225767811632263
653	655	0.1007380785954467
653	656	0.1070854696349044
654	655	0.11207334152119729
655	656	0.10241313733424387
659	660	0.1009115710033951
661	663	0.129344900015916
665	855	0.15749380761761822
667	824	0.10828550645376996
668	677	0.16276963025548818
668	801	0.16422521656683475
671	674	0.13636073151459352
675	676	0.11380579671787962
676	856	0.11429983008002577
682	686	0.1814217103740992
688	689	0.11241556483930909
691	694	0.14409927090561797
699	707	0.2418722078644031
699	716	0.1715417670268108
699	720	0.15940004022326096
703	712	0.1469884087510912
703	715	0.1414502464827515
704	716	0.14814083683730048
704	724	0.1042777490512221
705	708	0.2770844376600234
705	730	0.12882428054048714
707	720	0.3077892294427582
707	724	0.27275540205218457
709	711	0.11104738381792169
709	712	0.243846270099085
709	713	0.1953596650661486
709	863	0.10931560128746724
710	724	0.11692247169713485
713	717	0.1032455105668148
716	720	0.23978884566748365
716	735	0.26775879527493684
720	724	0.13980823205753398
720	735	0.17028355799191952
723	726	0.1459441196044695
723	826	0.11521680520744985
724	735	0.27236356506527204
737	738	0.18142005530938435
739	774	0.10411214811875068
750	776	0.1515559465856633
750	830	0.1207351219668195
751	755	0.12953902436922082
752	776	0.10361708002758473
752	872	0.1441779555820742
753	755	0.10943252730416556
754	799	0.14474458574630394
758	781	0.3131561752836502
760	771	0.1974197929822763
761	772	0.1727070778419679
762	772	0.1530829870025568
767	771	0.10485452449984015
769	803	0.11105039047884493
778	828	0.10843401380919365
778	864	0.13134650872432294
784	794	0.2140191458383403
786	797	0.1162395295619843
787	798	0.11774851728299776
788	797	0.1496548534338178
799	848	0.15268859655374722
800	814	0.12646585632112745
808	813	0.3262948738847051
812	869	0.10512794424304962
813	816	0.1494577698355765
818	828	0.19118688037941858
818	837	0.18695445739562952
821	826	0.17330321689052558
823	824	0.23113153754029556
828	830	0.20288840977555014
828	837	0.27924142790674783
828	864	0.12765097344478119
830	837	0.2689852696322392
830	842	0.19372765524168084
837	842	0.10435623400795523
837	848	0.14756330274937218
842	879	0.12859355249888765
844	845	0.14134024762819256
848	864	0.29213684590309186
848	872	0.16212012891788727
857	860	0.14581117208551458
