0	223	0.10992085878876354
0	257	0.10753589570158659
0	396	0.1201542190055357
0	401	0.10011247956830338
0	536	0.18273607740108855
0	583	0.10404367137722205
0	650	0.19531762934646935
0	660	0.14725420851409765
0	733	0.12490314755725745
1	440	0.1689696163592066
1	560	0.16768933303318098
1	769	0.10492975523406643
2	11	0.1687885746638911
2	70	0.2127263178790385
2	257	0.12697031866264313
2	540	0.10024068215205752
3	30	0.106865884373899
3	32	0.16175693649266104
3	49	0.12479693243538123
3	54	0.30379173605047827
3	57	0.11777688059954117
3	166	0.1205090589052664
3	425	0.1253936384676624
3	557	0.11074187360527417
3	642	0.18263828597716705
3	695	0.10645097765120168
3	705	0.12273639009164208
3	723	0.10170361970391072
3	832	0.12806921281595546
3	865	0.15950184508952828
3	867	0.13606631140710812
4	92	0.17253906295299656
4	427	0.14109604896524325
4	503	0.11548214641150203
4	665	0.13942599358565694
4	779	0.12905627938722833
4	780	0.10253500478423987
5	110	0.1472958413381538
5	509	0.12998945220627903
5	562	0.17487315848483986
5	733	0.11782194079497328
5	734	0.14441331484605643
5	839	0.10087924948103337
6	247	0.1299219587002563
6	352	0.12543128009166735
6	409	0.10259217391001423
6	474	0.13202981654086388
6	819	0.10136888577685464
6	871	0.11113363809517265
7	10	0.10674367355360669
7	281	0.11855065342269656
7	327	0.13090648329352944
7	681	0.11398341622462865
7	701	0.10978946554268561
8	119	0.1531072755556143
8	206	0.12200746671867964
8	273	0.10053265800036036
8	299	0.10342614693736407
8	423	0.15789177188896206
8	448	0.1132355452358888
8	457	0.10362414394860295
8	547	0.10560945206083006
8	686	0.13252941432758458
9	377	0.13324586527619361
9	529	0.11171657819833718
9	574	0.11672347730001228
9	621	0.1061264312488058
10	21	0.22062799292811958
10	23	0.12453538867593038
10	68	0.1033495637623619
10	136	0.16833845431686978
10	185	0.20723848561531097
10	316	0.11526077924062543
10	327	0.11299066221868097
10	385	0.11284372120982676
10	623	0.11829679823310002
10	694	0.11749600806073845
10	701	0.15443443335743315
10	759	0.11644318808576032
11	214	0.15911478814067623
11	344	0.15415768366360655
11	422	0.14111961455018196
11	452	0.2845129345183612
11	519	0.10168114701450798
11	520	0.11058698651209163
11	714	0.10644920303385658
12	251	0.10298868422812091
12	572	0.13386284394709597
13	95	0.12863806974828126
13	222	0.10981444980628881
13	565	0.139341124335808
13	761	0.10776164513298915
14	20	0.1036251798518216
14	75	0.10815213850906864
14	81	0.17397873789922985
14	106	0.10801253787236033
14	137	0.15802056200472478
14	162	0.10583730941315901
14	475	0.1058432185753085
14	477	0.11626404523694732
14	800	0.14502627542711247
15	94	0.10071861614075676
15	332	0.1512818611209183
15	751	0.10117875915469098
16	380	0.11537490225342494
16	710	0.11094960306386373
16	735	0.11958135364548633
17	54	0.10343781572829332
17	176	0.11264974685289891
17	238	0.12123950761425104
17	249	0.10816744580976853
17	556	0.11977738126601299
17	638	0.10497083567638078
17	661	0.12067497137335026
17	698	0.10685098796924626
17	717	0.10215683380867478
17	829	0.10841324638273492
17	865	0.11127003425078945
18	47	0.10585239886119047
18	98	0.10793844199266825
18	172	0.13140779809723363
18	203	0.17450478835182973
18	251	0.11071361369947218
18	256	0.10158086520955303
18	315	0.15737195215240454
18	491	0.11016836600968355
18	715	0.11170699482741707
18	851	0.19422625439166114
19	71	0.10733406325306849
19	143	0.11996146697840214
19	392	0.13477808573338984
19	513	0.10274925209863202
19	621	0.10458103385870642
19	694	0.10142350356558744
19	756	0.10062164877288075
19	774	0.1296974763023335
19	851	0.17003828437348997
20	269	0.15381372454482037
20	388	0.10209738364231219
20	495	0.10428494154945737
20	632	0.12258514959645112
21	267	0.10602953432637358
21	290	0.11633453776810719
21	316	0.11667243816156382
21	383	0.1075652976683324
21	474	0.10039670800435443
21	600	0.10232086736015046
21	615	0.24555258711579425
21	687	0.11390421064118703
21	691	0.10454707035720878
21	701	0.11485812811767411
21	759	0.11678105880245619
21	825	0.10954059023355238
21	832	0.10328334557520252
22	43	0.13976496407953456
22	48	0.13766079255016903
22	391	0.10472779576409591
22	604	0.11003122401646295
23	99	0.10426705298951687
23	137	0.1431745443978267
23	240	0.10260839652251914
23	269	0.10122802148894838
23	289	0.109598858785417
23	685	0.12564818140502623
23	717	0.11552012989089436
24	79	0.10970710030521508
24	86	0.1332337936412654
24	159	0.12552422295538485
24	187	0.10127732600498797
24	469	0.11404520674229454
24	476	0.1253152369850159
24	477	0.19587797140805002
24	698	0.14842714892836725
24	840	0.12375015606327028
25	314	0.10743070908006176
25	387	0.24446897013233965
25	449	0.10366775170797875
25	520	0.1281534134374136
25	860	0.12576531115314274
26	42	0.21740619588483362
26	248	0.1278917029128833
26	368	0.21320708478172945
26	556	0.12679430423309515
27	71	0.1883370580067214
27	83	0.11554285893306175
27	447	0.11466562223423349
27	510	0.10824440663115685
27	530	0.10086974793787318
27	670	0.10106222331470413
27	713	0.12605615389498762
27	794	0.13049486591451714
27	858	0.15419633865079982
28	406	0.10651189162226316
28	475	0.11924948300660677
28	479	0.18347743966758479
28	506	0.15560065618013488
28	749	0.16078149968765648
29	178	0.13661349276476062
29	187	0.1291894217676846
29	200	0.15949289045526366
29	204	0.105146076182328
29	208	0.10674825489537147
29	542	0.12751799175455378
30	54	0.13156817659168693
30	95	0.12124960766442008
30	119	0.1265417225988921
30	162	0.1646864731815615
30	182	0.13424159966816873
30	381	0.13598444291419515
30	418	0.1418803179298188
30	510	0.10324895945383901
30	551	0.35596066081082833
30	614	0.10428374530149132
30	657	0.1489730964599348
30	731	0.10080592588950636
30	837	0.10461423061953498
30	857	0.1386934731676144
31	39	0.10735364297911072
31	166	0.11137487051242134
31	499	0.17342405246484213
31	522	0.2621700023095473
31	552	0.1381481564446742
31	581	0.11973872821324252
31	599	0.1734024774161535
31	752	0.13420739860338185
31	789	0.1168115544545178
31	799	0.21208647762980287
31	828	0.10683575388062534
31	848	0.23075117107749796
31	866	0.12401440203956855
31	872	0.17388376273969378
32	34	0.1534264371914675
32	54	0.1365453204791055
32	57	0.10420803416193437
32	107	0.10704405318708203
32	119	0.11702553316359211
32	124	0.15371004816040382
32	516	0.1424088534038094
32	551	0.21039872217718628
32	621	0.10234575948797263
32	638	0.1767591879785435
32	862	0.11868830445830637
32	865	0.10199333359786482
33	504	0.129699294574451
33	584	0.10124486106672283
33	793	0.11710821348685196
33	854	0.1017934042143936
34	44	0.13302687065303884
34	54	0.11527135317113195
34	149	0.1035609065596191
34	192	0.10295913668240975
34	518	0.14482813776746317
34	649	0.13570461952591217
34	768	0.16867507585265548
35	58	0.14192389720049445
35	223	0.10457033241786365
35	477	0.10914013542081658
35	553	0.10665767686926542
36	135	0.10715943090939292
36	184	0.10848299756034237
37	40	0.15527395612580724
37	232	0.13445187310615234
37	358	0.15476621624154727
37	360	0.10918523270799453
37	398	0.1423003903707978
37	519	0.1181962483629322
37	605	0.1017090587321965
37	606	0.11974892406424588
37	818	0.11649723822830747
37	848	0.11097022207418399
38	40	0.2945048842157248
38	348	0.1053941888450556
38	356	0.27203633438466646
38	555	0.1213146465625259
38	837	0.1695199893757681
39	40	0.2441532615729425
39	166	0.10467064348450211
39	360	0.1383932579988871
39	426	0.10772153523775514
39	523	0.11642354340902095
39	660	0.1474009076386389
39	818	0.11836749290370394
39	872	0.12005191177026779
40	360	0.18778116031897096
40	363	0.10769608987774971
40	378	0.10777021221576102
40	604	0.10554229093683669
40	606	0.11720833086765858
40	660	0.17878168040948736
40	754	0.10493417222007549
40	837	0.11062173503988615
41	399	0.3087808781059204
42	368	0.10863040523408135
42	431	0.10004004265823756
42	616	0.10610355755828768
42	633	0.1176577423757488
42	685	0.11634396254361126
43	48	0.20075531985328973
43	234	0.1139131520607639
43	503	0.1206083947654378
43	711	0.15612281634824166
43	727	0.10850507483649255
43	762	0.12215833827040729
43	787	0.1012982788931029
43	788	0.10761506869190683
44	199	0.1189572577046252
44	233	0.10163520955628472
44	252	0.11395222535198272
44	302	0.16138784747081802
44	447	0.10335820731018978
44	524	0.10993732532022367
44	768	0.13570776280311914
45	116	0.10443778223070808
45	306	0.2809941279034265
45	438	0.11334429350008815
45	596	0.26010963801958514
45	609	0.11712629639375154
45	799	0.1022545369932401
45	866	0.14774001163547493
47	102	0.2830302300992323
47	108	0.14833098456429542
47	607	0.1816565296691453
48	97	0.12622208947166866
48	606	0.14263568184063738
49	78	0.10124463336329266
49	80	0.10741539662625608
49	107	0.13112135972561065
49	258	0.10671922341354421
49	354	0.11199604082497633
49	862	0.11955300357879722
50	429	0.1833779050086728
50	663	0.12272774028716602
50	667	0.11586589952431114
50	823	0.44814314137253064
51	465	0.1061069122790877
51	605	0.10822958873791934
51	646	0.1329812364346289
51	712	0.12306294055172441
51	847	0.1768016779191716
52	79	0.20498057671878214
52	192	0.10096850294693989
52	350	0.1113503809876191
52	603	0.10262196798514633
53	336	0.1545985322943391
53	338	0.10411725486636417
53	357	0.1477259227005953
53	359	0.10982747812637537
53	362	0.12394531808350218
53	424	0.27927255698309633
53	457	0.1852051938755621
53	487	0.12168125231023043
53	490	0.22740734210259486
53	733	0.10081472869364659
53	856	0.10106255263521056
54	57	0.10931512846668516
54	730	0.11136991449652743
54	865	0.14315897973836236
55	82	0.1495981271119608
55	490	0.11050445674996905
55	506	0.10361269124873851
55	707	0.11335834467032763
55	716	0.11709615268630959
56	204	0.19082977169544735
56	271	0.12922181372555092
56	374	0.1544725421165819
56	547	0.2587857811557581
57	354	0.1906230903138826
57	443	0.10696328330483641
57	445	0.10224954780916379
58	211	0.10169343439145889
58	251	0.1289182674630313
59	272	0.107250262507292
59	825	0.1176704877485106
60	322	0.13326091708195814
60	741	0.10866454401334831
60	770	0.12860779410981105
60	819	0.10898601611604311
61	163	0.10150235433435233
61	267	0.12360903643847158
61	268	0.1273025273121515
61	746	0.1333520380063999
61	841	0.11101721701446413
61	850	0.11252299602641463
62	665	0.10172644170820935
62	729	0.11346273579360358
62	760	0.11061319031586185
64	65	0.12855872437924293
64	67	0.27386295924201315
65	67	0.2109732523909076
66	67	0.10561455523085256
68	251	0.16056806143801292
68	256	0.10005449941421522
68	316	0.11441416982666504
68	327	0.11335499304954844
68	643	0.11837663271821472
68	785	0.10291687428141941
68	851	0.11199707694032372
69	123	0.15252248789445585
69	315	0.11472033839418108
69	379	0.11181339718445145
69	610	0.15269266171982024
69	645	0.11776063008325437
69	840	0.14529671800684021
70	249	0.12812320443147743
70	463	0.15816250348494032
70	485	0.10122107200508962
70	706	0.17172249420945424
70	734	0.11260877397330159
71	241	0.10195147666709367
71	256	0.10330384170242746
71	316	0.12879325392751706
71	382	0.10132217831501163
71	437	0.10120069777277625
71	440	0.13988757388087522
71	611	0.1031216899187269
71	635	0.14310235058843992
71	688	0.11981078909579958
71	694	0.11348014149302549
71	711	0.12453788930369811
71	762	0.11771776281052777
72	78	0.11064136236186299
72	83	0.11113432306341833
72	162	0.11063902784653441
72	312	0.10861394807059674
73	117	0.11507033774441208
73	199	0.12346862141232749
73	253	0.10482663357153595
73	258	0.14839100067381578
73	292	0.1340392493144185
73	463	0.16176159619144995
73	486	0.15516789721578136
73	520	0.10814546140801806
73	523	0.36989858985283053
73	533	0.1002922814108165
73	580	0.1060908249424771
73	587	0.12011284247395783
73	709	0.16231061642012737
73	739	0.15511725816021613
73	784	0.10821331924198967
73	785	0.10031399183821098
74	149	0.14144803936911232
74	212	0.15716077481781934
74	238	0.10079415297877897
74	241	0.13000029362516607
74	634	0.11965346377971381
75	129	0.10332917554982396
75	610	0.10717419113365893
75	643	0.10282489465154793
75	791	0.1028971973051574
76	114	0.15734580081440258
76	151	0.12531072096989201
76	182	0.12903678103081126
76	201	0.10496745148218906
76	561	0.13389556755826293
76	624	0.10578907550164476
77	88	0.11523801008680497
78	79	0.11029096139068181
78	80	0.17204661103515628
78	83	0.11529105114058925
78	129	0.1391296645878369
78	135	0.13140580945143984
78	557	0.2701772500710066
78	635	0.1334493644393181
78	729	0.10752998206287663
78	768	0.11732174321444346
78	782	0.10117723174829306
78	865	0.1589841522796539
79	109	0.10342410325236535
79	259	0.1435281469462526
79	349	0.11578138439249538
79	633	0.2696775629530063
79	644	0.12632503478298873
79	651	0.20851683400608864
79	790	0.10148548345002113
79	840	0.11707496166200641
80	166	0.10430487160436239
81	106	0.12061902727868351
81	137	0.12333655279118957
81	439	0.1119300464767037
81	740	0.15842480461310818
82	151	0.13253402519068402
82	157	0.15618096562977496
82	406	0.22328848180534697
82	421	0.2000990121927583
82	454	0.11265306103693828
82	482	0.3209895192936047
82	490	0.23918567039131325
82	500	0.38331421265778576
82	501	0.13721427959037855
82	506	0.21343365924078922
82	630	0.11651642495907197
82	675	0.10844352679250974
82	676	0.1209841999088633
82	679	0.13180575363636315
82	707	0.10422393624919515
82	720	0.10352797396719603
82	724	0.1037668515893529
82	749	0.10961313711396266
82	855	0.1245056369001301
83	185	0.1079567597146158
83	510	0.10151290629620162
83	858	0.12739895319094818
84	104	0.18346484443791158
84	358	0.1556592380013381
84	398	0.12174268451396075
84	465	0.12360019644065191
84	693	0.18188961807755943
84	765	0.1098212544251218
85	319	0.10484267342548155
85	596	0.10303422760028619
85	686	0.17200237975011834
85	693	0.16261808247963855
86	238	0.12188889877463364
86	322	0.41264475495603103
86	495	0.18315353344183752
86	532	0.11183483526077753
86	761	0.10810306749538262
86	865	0.11769149152195253
86	867	0.1096651885746736
87	342	0.10633258955424578
87	735	0.10775216520283849
88	877	0.18445020032413925
89	92	0.21234698960108478
89	204	0.10895376678819939
89	411	0.1278330926889333
89	427	0.5217473721497884
89	540	0.11915304278426563
89	624	0.14849806357973125
89	661	0.12401801661280576
89	751	0.282086788445253
89	776	0.13380510802646228
90	324	0.20153334316570756
90	776	0.12384840057934493
91	124	0.10287405270783183
91	551	0.12100462911131042
91	625	0.1007996981427033
91	679	0.14099927736274995
91	738	0.11103502274529636
91	741	0.12156798671025591
91	768	0.12774227836644797
91	831	0.13753149561615868
92	411	0.10701517971921426
92	423	0.15253281960952816
92	427	0.1424633716894712
92	448	0.11261508417763672
92	739	0.1624949275155406
92	753	0.24947162621935065
93	243	0.11143187699094578
93	258	0.10757169882652068
93	338	0.10369673089353214
93	459	0.12604530260799912
93	587	0.15749302424583606
93	677	0.1367270461647685
93	834	0.17549029001816152
94	101	0.11059042558845446
94	234	0.11301473900064143
94	332	0.10035176121110356
94	408	0.2473980549467418
94	591	0.12620259299171
94	624	0.12364973455326012
94	751	0.17489307892527883
94	753	0.24319620237056278
94	778	0.12530732337105055
94	805	0.11118071564489686
95	96	0.10157073533761345
95	134	0.15575276676802718
95	137	0.12860074636803592
95	162	0.17457486950820855
95	345	0.16175154634418623
95	495	0.10108833163869821
95	632	0.12283936795272099
95	769	0.1306607387497584
95	787	0.10466499970583454
95	851	0.10200944514734982
96	99	0.20637489983551963
96	115	0.1956484750943895
96	121	0.1007005537675906
97	132	0.10194555131469663
97	200	0.10372439665428142
97	208	0.15038315851635445
97	411	0.1239415849029811
97	466	0.11911629756202731
97	569	0.12807254661282727
97	650	0.10107493051992837
98	105	0.23971346287276601
98	108	0.15127922390347484
98	429	0.10888686965153917
98	766	0.17571655493437224
99	103	0.1307126856223712
99	267	0.11079982617765073
99	326	0.14561457581841353
99	431	0.13100996594803116
99	664	0.13499446376761196
99	688	0.1179715593284114
99	854	0.10128723805100993
100	106	0.11031165213989148
100	493	0.15573376275534745
100	616	0.12436438194859901
100	787	0.13397220017721964
101	234	0.12447065422006784
101	630	0.10189436323183451
102	105	0.16761795482792732
102	108	0.2539037923843751
102	114	0.12929586113931
102	139	0.4791375933873378
102	862	0.10122562013243154
103	516	0.10822655027323755
103	627	0.1253322166591347
103	737	0.1117818394521438
104	230	0.11308532257738488
104	290	0.12621332164647722
104	311	0.10120089144574532
104	670	0.10133569220847231
104	767	0.1018160981563469
105	108	0.22881495787660902
105	114	0.12135324119311558
105	857	0.11350149207297668
106	115	0.13164603994662336
106	137	0.11619521161243719
106	211	0.10344462181347022
106	477	0.17118878008526991
106	531	0.11135858347231012
106	560	0.10274863424140572
106	681	0.12178984539757574
107	162	0.10418590026169373
107	825	0.17253588644215734
107	862	0.15922497261431434
108	417	0.11798279551255364
108	607	0.10564342681859908
108	608	0.10987624698385537
108	856	0.10798384040915483
109	130	0.10858416589377308
109	156	0.16906608856644403
109	281	0.1334659434132358
109	649	0.16100995608297955
109	768	0.13097677219938006
109	811	0.10177770377461486
110	334	0.13904335011552643
110	436	0.12448875736375686
110	499	0.11275375021477732
110	872	0.12506683322167989
111	151	0.11431330965386359
111	237	0.13258920579685288
111	257	0.16848565591089074
111	774	0.10362365067264906
111	836	0.10833062642077951
112	121	0.16385101021146053
113	315	0.1038530583985731
113	484	0.12146238608712609
113	605	0.13070341165136118
114	182	0.10853620188500045
114	263	0.1251730309321261
114	374	0.22749384830175143
114	766	0.12314070143314616
115	477	0.15299793898081698
115	524	0.11132082696729059
115	565	0.10809822337826534
116	292	0.4620329259407252
116	311	0.1236064469619015
116	373	0.1438819059188017
116	576	0.11260972527009633
116	672	0.17839773297651118
116	699	0.10397928889444674
116	713	0.10495121048819803
116	863	0.10675852225913333
117	150	0.10654961728447006
117	709	0.10666931074000024
117	845	0.12001550384944605
118	120	0.11542888403075693
118	284	0.14407679079292698
118	396	0.12283105547961234
118	522	0.11573938288780097
118	837	0.12819976468262376
119	638	0.12553181041159223
119	650	0.13096839339901964
119	761	0.10929882660869679
120	158	0.2046056195804327
120	391	0.14519967392690836
120	392	0.1601743995488728
120	629	0.1023667147495002
121	211	0.12785880117172918
121	545	0.1217134524854672
121	870	0.11731921770902792
122	538	0.133152345803465
122	781	0.10052255105123095
122	783	0.10542043904916842
123	219	0.10044031006921954
124	581	0.11722271206743974
124	611	0.10316172292641097
124	768	0.13095412552501637
125	163	0.11492683457011095
125	236	0.10820273379914186
125	252	0.1120080558129381
125	327	0.21014441740201903
125	433	0.11883022446042547
125	534	0.1310922899735834
125	557	0.1444698127521128
125	620	0.12051730355771613
125	769	0.12399529820248055
126	127	0.3033550399007328
126	328	0.11414553438732045
126	675	0.1458895055109625
126	676	0.2287619415509428
126	677	0.10965629150884224
126	816	0.12034502285460971
127	128	0.32887307342579086
127	675	0.10928217826433631
127	676	0.17562724893442294
127	801	0.21543522178476388
128	564	0.1522399436700065
128	808	0.10574541785171607
128	813	0.16593442546272444
128	815	0.10040069726116913
129	269	0.12384583300994952
129	621	0.10253969337228502
130	238	0.1441225611721685
130	326	0.1199124761521626
130	691	0.1112864833094798
130	737	0.10060275311100748
130	817	0.10873920942815182
131	618	0.11021115566708149
131	714	0.11205174603037063
131	839	0.24619157277473616
131	868	0.120524997634131
132	140	0.13919171582416712
132	357	0.13375178336693744
132	404	0.15491859531624597
132	536	0.13204016897863954
132	648	0.1481243079056413
133	184	0.103594097261166
133	324	0.10344997233807446
133	421	0.1320524035289522
134	219	0.13428190732788736
134	341	0.11066005329384623
134	350	0.1027442368322548
134	635	0.1375790691118776
134	769	0.1741293706998207
135	254	0.11049219463420697
135	467	0.10182102704437955
135	469	0.10336594045214097
135	472	0.10254739776912053
135	513	0.1001009172864406
135	632	0.10089855257024298
135	633	0.10103011535644375
135	679	0.1276552957113269
135	760	0.1351675950153873
135	803	0.15554315435763386
135	868	0.11627613162227399
136	316	0.11303817756386146
136	410	0.10607943214781901
136	434	0.18810083564027844
136	621	0.11967367473356322
136	701	0.12199889697872819
136	800	0.10243094323457773
137	162	0.15168772102267078
137	475	0.11292478346201569
137	477	0.11470948388098134
137	496	0.10568060580096371
137	554	0.11325270249000777
137	694	0.10357020328149084
137	787	0.10391300412375189
137	851	0.1058751771376076
138	213	0.11940919039265672
138	357	0.10503492347640536
138	361	0.13619823909526507
138	566	0.1447006705161843
138	688	0.10264801431526026
138	814	0.1512411995913276
139	766	0.14159463673983969
139	823	0.10264044036442191
139	862	0.10941029423864768
140	418	0.15122732583466714
140	425	0.10023997523405767
140	442	0.17968322655172453
140	464	0.11773889568271528
140	674	0.13102645630194956
140	769	0.1332113499037981
140	802	0.1424382466081135
141	186	0.14320239291716694
141	189	0.103017864591275
141	190	0.10712236322586921
141	209	0.10227278349214404
141	264	0.10915403743171834
141	282	0.1150573608983458
141	359	0.10909020850972533
141	379	0.12603136024185252
141	496	0.10050563017756817
141	634	0.138103794644555
141	769	0.14429522750530877
141	802	0.214623690231516
141	806	0.1320612581323047
142	272	0.12215483715323447
142	331	0.10554396183063398
142	394	0.13974329705938188
142	496	0.15570732192183223
142	558	0.11353977461898114
142	575	0.10975007677261488
142	621	0.11562302751583778
142	814	0.10088828728427607
143	144	0.22310484836500213
144	184	0.1423323077254165
144	242	0.11744126487164294
144	327	0.12308174725890743
144	512	0.18820640562787858
144	557	0.17603475796699172
145	189	0.13080233614770112
145	200	0.13769355778184805
145	274	0.11700282742986423
145	401	0.11197842133329938
146	352	0.10513263333310992
146	644	0.12622419123329603
146	741	0.14645886681826856
146	787	0.12209085238053632
146	850	0.11017362444190947
147	218	0.11880292418168516
147	259	0.13463589665610157
147	634	0.11075998888868117
147	814	0.10583333132445104
148	319	0.17233787695841737
148	379	0.1151655649542632
148	389	0.14540503494100074
148	758	0.1407641344301359
149	184	0.2106096624179685
149	212	0.12584214676931613
149	279	0.24487373470804738
149	317	0.11187856450212916
149	647	0.12463798755267344
150	469	0.10642569076848872
150	529	0.12808722485326593
150	598	0.14405747387160783
150	702	0.11518731397830696
150	708	0.11383586792950548
151	188	0.15749210323712975
151	205	0.13490673170896123
151	231	0.13163482611258018
151	329	0.16352526959844207
151	365	0.1295249886961852
151	367	0.11344859599789169
151	408	0.10637567081343964
151	421	0.11475153142896756
151	451	0.17049685508544762
151	453	0.13107585538182948
151	528	0.10819003266410704
151	617	0.10776582307011756
151	652	0.18057072536242727
151	654	0.12103865937402881
151	779	0.14376827368058026
151	780	0.17756684795040925
152	188	0.10440342850807988
152	588	0.10984664947630805
152	647	0.15787474479033164
152	772	0.10073345177343934
153	366	0.10033131857102917
153	369	0.1959723689469458
153	378	0.18506077153366984
153	380	0.13068348040970756
153	382	0.1002700839517232
153	418	0.1019153338750552
153	473	0.1022640056872881
153	596	0.13608589414712893
153	752	0.11950970768730612
153	818	0.11160852849393081
153	842	0.11224071253306253
153	848	0.13209945981311014
154	167	0.2718571087281458
154	318	0.12492519786405883
154	527	0.10197966439435915
154	739	0.10243413272913193
155	865	0.12217545032412253
156	170	0.1555112709752451
156	402	0.15810060441952462
156	470	0.11253369119902575
156	559	0.10675815121553599
156	562	0.11941793519387253
156	649	0.10669871801319743
156	698	0.12353603158472351
156	811	0.15399168419384113
157	500	0.10124856174162081
157	586	0.11734354111277043
157	761	0.11253025882570653
157	772	0.11711674027900393
157	851	0.11722096791697603
158	229	0.1468284793356225
158	622	0.1153617648977502
158	679	0.11764417538405668
158	835	0.11452815473276294
159	632	0.10069663680788637
160	190	0.10554918916038668
160	342	0.11354105408076205
160	472	0.1212753671578215
160	516	0.1580426858701196
160	580	0.11741902268250244
160	695	0.10751798503549073
160	811	0.11330958250713695
161	545	0.11373711285094279
161	642	0.10065577029298889
161	721	0.1297466710685554
162	173	0.10226421114562423
162	209	0.10158211640313262
162	410	0.14434419220614425
162	479	0.12105073004073759
162	639	0.14641567340842734
162	664	0.18267611389700344
162	666	0.10113365344701505
162	802	0.10158821376261348
162	819	0.1365805286856644
162	860	0.1118101826151338
163	165	0.1657860835117339
163	187	0.13374129535381526
163	449	0.1005824879391845
163	534	0.175031888101171
163	578	0.11985303338080645
163	597	0.10918192932396374
163	619	0.12118323016024996
164	288	0.18838324670244302
164	298	0.13774061004060786
164	540	0.2395549707531723
164	640	0.10877527323636298
164	668	0.11159620848530749
165	268	0.11172123042482966
165	404	0.10614744136656441
165	409	0.12212679689457695
165	689	0.12108588267349304
166	173	0.10028121714362066
166	223	0.11343182424103548
166	522	0.13432188515302845
166	660	0.1407703952269684
166	837	0.13266116094879316
167	405	0.10482694392500137
167	752	0.11435588653449072
168	174	0.11397974239545754
168	183	0.16814979620823306
168	233	0.10961894746313562
168	245	0.1082681324047893
168	364	0.12154491321259565
168	537	0.16821287906649948
168	651	0.14788065682057525
168	790	0.15633880842833286
169	644	0.13557482169867854
170	177	0.16001918655617517
170	178	0.17217085520314038
170	263	0.11275091951436736
170	302	0.14259551009439617
170	402	0.1027869665055347
170	418	0.11962152643611645
170	541	0.1122069928142405
170	543	0.11306394646576358
170	715	0.10649154696750406
170	811	0.13434652639122194
170	818	0.138270713765205
171	172	0.1693589075463543
171	174	0.12287677082073724
171	176	0.11086500465956337
171	179	0.1333064349282115
171	286	0.11122907609177046
171	342	0.14431689785533613
171	459	0.13342921239448138
171	481	0.14061565282843574
171	868	0.10881608860521569
172	174	0.1213121955271023
172	263	0.11008170746100976
172	280	0.10100707867773187
172	315	0.17103687848168406
172	485	0.11464613092547467
172	489	0.11489106966158812
172	750	0.14840098960586068
172	776	0.11921246713438315
172	820	0.12230864172670952
173	496	0.10122169788131466
173	505	0.12829767933588446
174	176	0.29609349183654726
174	180	0.1327304786412975
174	218	0.11263873309417614
174	233	0.11606436204157718
174	671	0.11389050244071658
174	703	0.107204404718604
175	333	0.11183266632355433
176	341	0.12287305363471518
177	178	0.1520137281526422
177	182	0.15322013284848085
177	208	0.11210712206061531
177	263	0.14649397345724277
177	374	0.1115791452333358
177	542	0.11858833111215651
177	700	0.1040639050773741
178	189	0.12257409332584997
178	208	0.10175489762102466
178	263	0.10005920106070149
178	274	0.10756699161071838
178	418	0.18294408954760638
178	435	0.10926222529190098
178	543	0.11504230813149967
178	662	0.11672044768002746
179	397	0.11634919262300789
179	405	0.10834542437277903
179	484	0.12017848930711528
179	485	0.12809965770664292
179	486	0.12623212649645477
179	658	0.1435109234101584
179	726	0.11361375874302042
180	183	0.18437497694562754
180	227	0.12108705587200437
180	319	0.1524355113210757
180	391	0.10297275107478021
180	491	0.10910556236836609
180	722	0.10068554632005575
181	204	0.1440574447676574
181	465	0.1610120405930658
182	271	0.23777707053767796
182	274	0.20308877649679535
182	549	0.1320944333559435
182	838	0.11958512849604584
183	239	0.10211506002911977
183	334	0.10696507309578228
183	395	0.10555521502283566
183	666	0.10680088248490814
183	679	0.13415574219418638
183	724	0.10298099025111396
184	244	0.1526210236706559
184	264	0.29346276238135194
184	279	0.12842320101239899
184	317	0.10594344721985029
184	335	0.10809488619068404
184	472	0.1269904638404299
184	513	0.11033550688644088
184	557	0.10661844893559295
184	565	0.11096708834307478
184	575	0.14778829580067482
184	814	0.15571257895767288
185	289	0.11157182591058401
185	623	0.11432366900775305
185	825	0.1290513944374217
186	189	0.12287776609172474
186	246	0.12299285650607977
186	283	0.12371751807577291
186	359	0.10127412731808252
186	362	0.12790148195027803
186	469	0.12195995276474708
186	564	0.14256292946838778
187	207	0.10852294185674571
187	470	0.10559886203234625
187	841	0.12011121180589905
188	199	0.12981542011825176
188	365	0.10575716631421461
188	455	0.10085962395948207
188	485	0.10480385348559096
188	486	0.10461259870242547
188	523	0.10240598262529527
188	588	0.10585292774496008
188	652	0.12167299917042096
188	660	0.10040598975943375
188	822	0.15072226433855
189	225	0.1208588218353516
189	284	0.11196746563671284
189	466	0.1588049828731135
189	547	0.10934187693890658
189	550	0.11076973527950656
189	564	0.1101669455853123
189	582	0.10453273280662062
189	802	0.11536563824795477
190	354	0.1399820693187406
190	445	0.10306392538601127
190	546	0.1188089834026306
190	625	0.150810616404991
190	714	0.14348049372675503
191	601	0.12335449405323202
191	606	0.10204360269922315
191	701	0.10949201925791176
191	852	0.11388397182393044
192	249	0.11687948256664445
192	251	0.2940127821374345
192	346	0.11507462432813335
192	501	0.1094323168178445
192	628	0.11157717825415796
192	656	0.10273858563564318
192	720	0.14362310695013156
192	722	0.12108715760175323
192	739	0.1506428718231342
192	855	0.10855387640282622
193	196	0.10923985323612485
193	203	0.10890613878239386
193	205	0.12648645906106906
193	370	0.15699264980337213
193	371	0.14678618733946786
193	458	0.17576309864545836
193	543	0.15419389643755707
193	547	0.14335245512988248
193	550	0.13788690869170767
193	652	0.1296556709164287
193	655	0.13549320193773212
194	203	0.2173696502862805
194	256	0.15818355555094468
194	262	0.1373510736106427
194	590	0.11517236773926584
194	833	0.1317407020500686
196	203	0.1984180540596927
196	256	0.12083970401022533
196	456	0.1573958374075971
196	462	0.12847188791868777
196	483	0.12507159612534421
196	541	0.15213724061991662
196	562	0.1198711831980301
196	869	0.11495003948420088
196	876	0.2301631244125252
197	201	0.29141946468489316
197	206	0.497455598096413
198	202	0.16222380447048365
198	306	0.10241767249674719
198	487	0.1028000138376577
198	542	0.10407679533050611
198	699	0.11886751553490217
199	203	0.10153780507503792
199	253	0.14453807128225588
199	420	0.1949987503413849
199	486	0.10837682073784353
199	491	0.10376707744986027
199	528	0.10050225838583698
199	617	0.11018856608397745
199	646	0.10740729708637034
199	654	0.11443491769441808
199	779	0.13093706039303765
199	780	0.27888889706861897
199	856	0.23289947089165752
199	857	0.16842816547192185
200	204	0.3672649856984538
200	208	0.3316023278338823
200	369	0.11019021013465954
200	411	0.10560552062037887
200	685	0.10583467815442309
201	658	0.21866395439374153
202	207	0.22304779876775413
202	581	0.11362621040178691
202	603	0.11499919202607983
203	449	0.10112981018195526
203	491	0.10062899862900607
203	503	0.10246966817550811
203	693	0.15398372560370124
203	780	0.10612559781021813
203	862	0.11068125518581755
203	863	0.150033437942899
204	208	0.1849951829377669
204	411	0.10554375673520841
204	465	0.11725790372054089
204	529	0.10084667886083744
204	559	0.14041757063277557
204	761	0.1045287491142211
204	838	0.1252904248651672
205	370	0.1048565982083328
205	371	0.1935382594863339
205	420	0.10779243020729573
205	453	0.13398935161547718
205	543	0.1639925739312933
205	696	0.10441056050475579
205	779	0.10782457063226278
206	411	0.10476015576714903
206	502	0.10851943746429571
207	457	0.1093232171144468
207	669	0.11464500991672325
208	263	0.12958921091730877
208	374	0.10403110752053216
208	674	0.1408047900319561
208	686	0.11034104975771968
208	851	0.1224407425092213
209	226	0.10119878906268417
209	410	0.12386061974625369
209	479	0.152321609109756
209	496	0.18418251433949998
209	539	0.10285377882274345
209	546	0.10747815056923568
209	641	0.22358856103432206
210	247	0.11195742881540102
210	272	0.11914722111954477
210	326	0.10689842290221131
210	513	0.1131484850260896
210	515	0.10503129985187022
210	812	0.10809404707060596
211	236	0.10087335625008552
211	244	0.12375892368466934
211	252	0.10093847663681847
211	442	0.11407411611293217
211	446	0.1270793363335068
211	477	0.1281469574826311
211	507	0.16148394578979014
211	583	0.12129218190619907
211	870	0.10235346929840751
212	228	0.13719342231799977
212	390	0.1097001084637466
212	442	0.13330166884242867
212	456	0.11792295402464324
212	494	0.12396598208850146
212	565	0.10798892293216979
212	743	0.1274244468034397
212	759	0.11183248754602276
213	361	0.10848229070734784
213	492	0.11119789893587516
213	715	0.12362328072389313
214	215	0.12806008267935312
214	308	0.10203187293879734
214	344	0.16303184285777533
214	428	0.10264159318962923
214	463	0.1021098682669671
214	471	0.1159451062903873
214	541	0.10469368431422996
214	568	0.2206841523299023
214	570	0.13321516144571255
214	869	0.1459109419500324
215	405	0.10227241729512061
215	463	0.10352253424291537
215	484	0.10410157747803095
215	485	0.28569111077331133
215	489	0.1924270871339972
215	523	0.13543979465296618
215	561	0.1266950401448123
215	601	0.10992306453945783
216	283	0.11454508137696308
216	321	0.20687664824527877
216	494	0.18595718858995539
216	575	0.1075851284598859
216	579	0.1284234551509563
217	304	0.20377280542545195
217	353	0.19841772859528387
217	432	0.13870803626794095
217	775	0.11413363170534449
218	233	0.24922179001742498
218	589	0.10036951229830879
219	512	0.1288276887290001
220	381	0.1446111288873631
220	406	0.14287471073765015
220	640	0.12778865666002298
220	683	0.10358002378357349
220	717	0.10947867835189724
221	581	0.10204758459343695
221	699	0.10915323578064491
221	765	0.14452383464061572
221	829	0.10066030784331736
223	236	0.10956117074256311
223	349	0.10036634394500599
223	610	0.11655578154923582
225	241	0.10264734531992031
225	393	0.1098957673351594
225	712	0.10881897145369417
225	876	0.10140839939697031
226	706	0.10907911728904988
226	796	0.12191370370432848
226	803	0.10052653177812827
227	233	0.12747984476203883
227	315	0.13594571729476562
227	632	0.1295637650141029
227	694	0.11465317753018896
228	247	0.10706574418262228
228	301	0.1160975186462271
228	868	0.1042816374219885
229	542	0.12461575226689772
229	622	0.10443032638541831
229	629	0.18398348960633182
229	679	0.20815195035368822
229	775	0.15740915231026287
230	231	0.13231970787311764
230	262	0.10294102315963542
230	325	0.22623563796608076
230	332	0.173381418367043
230	410	0.12642439844170736
230	598	0.12440320555748423
230	624	0.10058935414010785
230	657	0.12767175740210315
231	325	0.12017572434934637
231	488	0.11213677826769985
231	669	0.12008359772741571
232	458	0.23480973245550713
232	521	0.1404469896025415
232	711	0.14385789152627004
234	255	0.1358906593789568
234	262	0.10264238750961588
234	590	0.10349941086279214
234	592	0.10014430594810325
234	666	0.14898023508078928
235	564	0.43711597148647513
235	623	0.2024027677844382
235	676	0.12059350373630565
235	677	0.13041963644989948
235	804	0.18735749305543706
235	807	0.13321244152481568
236	252	0.12190480740239377
236	322	0.13875499597303267
236	352	0.1121899602964604
236	512	0.11888221611169847
236	583	0.12455472462477049
236	831	0.2145623337414987
237	460	0.3863800785737153
237	834	0.10138988197861754
237	835	0.38100193976520547
237	836	0.6296860837378769
238	281	0.10525437802865703
238	404	0.18264515876773238
238	492	0.10033950331458283
238	740	0.11471405431162078
238	768	0.10457304002846496
238	870	0.10246481737399893
239	401	0.11470113650864636
239	510	0.10626989126599246
239	527	0.1013523354735186
239	839	0.13684211631430898
240	243	0.1397846482337129
240	476	0.1400620028530327
240	697	0.11964583514749691
241	467	0.1134117754981069
241	704	0.1234581514726554
241	790	0.10924626068385906
242	640	0.10578736918293058
242	688	0.12286431052466239
243	332	0.11283108981470368
243	499	0.16750764107166247
243	555	0.14351148527774646
243	778	0.11559251877064905
243	879	0.13219050180701566
244	421	0.11166838671779396
244	494	0.199546699200391
244	648	0.10540641312977768
244	806	0.13732184530031732
244	851	0.17498783924389186
245	404	0.10829034625301226
245	431	0.1347040766542179
245	476	0.12211622717463122
245	479	0.10611816227118527
245	493	0.11444548366160963
245	516	0.10604319040751273
245	517	0.1200241941839882
245	537	0.15392429494281873
245	539	0.49173950952731205
245	651	0.28679206305384874
245	873	0.14242675399221408
246	283	0.12027845486796589
246	359	0.19919580292205777
247	248	0.14030502751356808
247	434	0.14106768376034945
247	445	0.11812531338112323
247	474	0.14318477612230168
247	538	0.1352296228700018
247	618	0.1296347461032431
247	868	0.2359081271197876
247	871	0.15447528340393302
248	317	0.1378092989514187
248	326	0.11399041192230393
248	737	0.10082487302575813
248	868	0.1344683859832623
249	251	0.1992872587895464
249	580	0.14445317682041
249	587	0.11544105486780336
249	641	0.13485216961924026
249	706	0.11046072997146608
249	739	0.12506025773484708
249	796	0.10366517090473824
250	687	0.11064400369762133
251	420	0.10036410034441533
251	441	0.15728975142792415
251	508	0.11816891258646109
251	643	0.14247940452646532
251	646	0.11379489603958193
251	774	0.1286325101655121
251	776	0.10306641789081869
251	863	0.12789635707666674
252	352	0.1233752499984782
252	400	0.13202327014021287
252	583	0.17012000274413325
252	832	0.10566933233086588
253	420	0.15218293372023997
253	445	0.1103261914186702
253	508	0.1340597935608146
253	518	0.10096846868108363
253	568	0.11249421466923896
253	646	0.1089257657686655
253	703	0.11077439252144634
253	709	0.1502156855840818
253	716	0.12152259318371547
253	781	0.11218553866163261
254	327	0.1449541856002196
254	388	0.11231725025445025
254	439	0.10399345022764354
254	530	0.12128939551236773
254	535	0.1074589368446608
255	398	0.12856908329509012
255	420	0.17128364849322428
255	491	0.1354278759233588
255	503	0.10483655233773556
255	613	0.12364629784664842
255	745	0.10157183827844331
255	788	0.15065047873220586
255	851	0.10372645461035303
256	315	0.10049936084723543
256	513	0.1871331008149727
256	635	0.1468933691692365
256	869	0.11206915940316206
257	836	0.13694551746243822
258	424	0.13864528508745738
258	461	0.11753629146150192
258	486	0.17279028153333978
258	491	0.1084253528567248
258	521	0.12130565977008123
258	722	0.14802936054380642
258	833	0.11230180971850832
258	834	0.21930387768206422
258	862	0.14722470849564276
260	372	0.12552736275890922
260	578	0.1160886052781836
260	580	0.1523126449954881
260	648	0.10229320805295751
260	657	0.12075331526743478
260	728	0.10722143561203144
260	730	0.10225360852466003
260	867	0.1005599257103897
261	588	0.14888775472809732
261	679	0.12161825101603041
261	745	0.12684583453116546
262	692	0.10596234155267102
262	765	0.10738555708692489
262	859	0.13253192369571712
263	374	0.1269271197619863
263	669	0.1067774392348425
264	266	0.1896545795921062
264	279	0.17302109710108862
264	388	0.11740552483383024
264	536	0.16762280712454394
264	566	0.11655282021131988
264	575	0.22169318342353314
264	588	0.11516540929637106
265	368	0.10734918288615215
265	404	0.10595590419314185
265	431	0.1724033485397741
265	616	0.5320659109919229
265	688	0.11783395832639224
265	697	0.1335043854735147
266	340	0.1399892859100113
266	536	0.16745768735263877
266	575	0.10747192005823343
266	684	0.17123963825429486
267	316	0.12543048290279665
267	327	0.11653445514478203
267	349	0.13526016930844564
267	382	0.13146598242278582
267	467	0.10021425328864317
267	615	0.11607679858317048
267	698	0.1093670650899015
268	272	0.1153828099317137
268	477	0.12652289109738735
268	615	0.15637702482660687
268	875	0.10207074666908698
269	339	0.10906893987851199
269	505	0.10923932640098363
269	685	0.10092333551177722
270	482	0.13364038711386225
270	858	0.102300688249856
271	274	0.12723452432940738
271	374	0.19839538964154557
271	549	0.10627847221877491
271	601	0.1033344310894586
272	331	0.16463011364846794
272	496	0.10231013825096523
273	496	0.10319457855104505
273	501	0.13403795530716564
274	369	0.1239355514073415
274	380	0.10682632902123172
274	418	0.11740296828430945
274	764	0.12951626438273606
275	372	0.10334540599016977
275	402	0.1354845426107667
275	481	0.10211154023982637
275	647	0.2011231041657343
275	648	0.14129852194922507
275	708	0.11415054772048634
275	730	0.19417975123867118
277	524	0.10900337833218532
277	532	0.18399265935799536
278	286	0.10027102733652357
278	733	0.10271039343760183
279	317	0.12984143285140562
279	820	0.12001250418094468
280	296	0.38589163190611586
280	305	0.31710671709409693
280	310	0.10329599700205624
280	370	0.14789036426121976
280	397	0.12136533112859667
280	826	0.22928932833056334
281	326	0.14145481803872595
281	559	0.13821301313135967
281	634	0.24185741784246256
281	649	0.10509581586103472
281	740	0.11929078172814558
282	477	0.11002326266626877
282	574	0.13108072729089107
282	625	0.11677647585105584
282	700	0.19369089795656835
282	721	0.10377795331156958
282	838	0.20022421656065614
284	397	0.11131290763859764
285	650	0.2850120500529956
286	841	0.10702336798218405
287	306	0.10589909344569708
287	591	0.14847780505466512
289	481	0.1684285458310997
289	597	0.13804590129520344
289	701	0.10805127399980546
289	868	0.1369847581310812
290	312	0.24677036682576917
290	462	0.1207768604679366
290	463	0.1429949139024626
290	483	0.1043001687681789
290	678	0.1254444810430216
290	822	0.10656993863492324
291	338	0.1406896936216209
291	482	0.14183186884052223
291	863	0.10790521366534388
292	312	0.2915012419081448
292	373	0.13140125135179284
292	426	0.11605554152310578
292	577	0.10031842346129617
292	672	0.11599647621515398
292	866	0.10218218853019295
293	294	0.24775644790846263
293	299	0.2425415538577537
293	306	0.13269130940564106
293	307	0.170834365361274
293	415	0.16371241682502788
293	609	0.2491115438426216
293	709	0.13258433304169995
294	299	0.10699067370666174
294	309	0.1473764677769123
294	415	0.1661391376727569
294	592	0.10586786089554992
294	593	0.11129581050674793
294	595	0.1221111092838743
294	609	0.1599024185002782
294	612	0.13478806327412465
294	706	0.17336169961164585
294	713	0.1469908565946586
295	372	0.13456397147526242
295	714	0.10140319125914393
296	726	0.13498452886920043
296	826	0.1376778900538325
297	647	0.13421737232946523
298	384	0.29348673278663245
298	540	0.26046029758645634
298	657	0.26596508542388114
298	761	0.12484773344548615
299	709	0.10855610251294381
299	773	0.1076279554460245
299	863	0.10662464321584159
300	365	0.11737099440654372
300	397	0.18353330196151033
300	589	0.12353181457659192
300	821	0.16163270271992897
300	826	0.19582619867854453
301	308	0.10193178752445795
301	514	0.10932454815403163
301	530	0.10535826930679683
301	532	0.1008968970408244
301	688	0.10495490031367138
301	786	0.1254163977465483
301	797	0.10181784396444514
301	809	0.10044737316343434
302	315	0.11777101625885736
302	492	0.10406518664583729
302	532	0.10290444781646785
302	600	0.10595257690811036
302	610	0.10581959156197093
302	841	0.11503694691956116
302	859	0.10118531039222203
303	646	0.10302992744242169
304	353	0.13679004114159682
304	425	0.14528403658919212
305	820	0.1332489681019171
306	591	0.1048085355715528
307	612	0.1424058577112332
308	485	0.11668919757380436
308	515	0.11340121740705204
308	570	0.15480648587632842
308	703	0.1263471957565226
309	354	0.1026357560996652
309	443	0.13248155298684663
309	591	0.1103423231844931
309	593	0.10077452093230789
309	619	0.12304383765344543
309	703	0.10429226617383469
309	715	0.10110489349339336
310	397	0.15296488492780289
310	722	0.10789315626457555
311	640	0.10079505184364561
312	422	0.2247567728097877
312	426	0.16918094856748145
312	521	0.1247146019553076
312	678	0.2693633926463327
313	402	0.12320305010061387
313	610	0.1176789523184122
313	632	0.11263916443593143
313	779	0.17870538019267718
313	845	0.11620099005242078
313	854	0.11316249735613024
315	441	0.14490653346333332
315	447	0.12513842375029952
315	645	0.12727402219268077
315	715	0.1309713764525228
315	726	0.1597780233591777
316	327	0.10140727911382927
316	404	0.12592467328136348
316	474	0.10774509705361741
316	513	0.13661751222547575
316	615	0.11771098310697709
316	635	0.13549306694446642
316	689	0.10957727866300006
316	743	0.1380722732514121
317	640	0.10606362219383621
318	371	0.10318687457803184
318	653	0.18481610661663414
318	656	0.2159996706146981
318	845	0.21284511573463574
318	876	0.10305362434355152
319	425	0.1251442251141418
319	589	0.11631888252344774
319	610	0.11809255385212117
320	355	0.10757354962113945
320	363	0.14256018219027272
320	546	0.16048940241152942
320	844	0.10114571190229886
321	574	0.13720237654079517
321	667	0.16540211503847818
322	386	0.10900016577583259
322	477	0.15942649297475703
322	495	0.13456380912307325
322	557	0.116538198018208
322	721	0.11129864026297707
322	742	0.11605478141131355
322	770	0.1456398756602286
322	819	0.13509754965821105
322	851	0.12258288459518987
322	865	0.10094922131901798
322	870	0.12750340913739877
323	583	0.13452054559495247
323	699	0.10593563490963936
325	342	0.1162997565876319
325	408	0.17000016909092186
325	669	0.11612121812468754
325	753	0.2595870609548808
325	754	0.210594306387551
325	755	0.4162739628624188
326	366	0.13882949097000494
326	560	0.17063379357018923
326	825	0.10716315016817947
326	868	0.10765784407990399
327	331	0.10083517179705567
327	403	0.10815493161955639
327	480	0.11658991879689058
327	513	0.10526076758973632
327	557	0.11606954756675641
327	817	0.38393096495051343
328	330	0.3823622939477063
328	676	0.10776877548316216
328	677	0.12837073998250723
328	813	0.13963640947048794
328	816	0.14703518633346344
329	365	0.1964355963598769
329	450	0.22530255215630085
329	451	0.21100173345918477
329	453	0.10677734748793835
329	528	0.22273642038939495
329	617	0.17827074253294092
329	652	0.2361630701348139
329	653	0.10934304009202779
330	676	0.1915433537294411
330	677	0.2039279602075635
330	804	0.10841492335933908
331	560	0.12426577077631441
331	734	0.1084281885660234
333	439	0.11788107824826434
333	805	0.11541329699867695
334	603	0.11227252183123147
334	679	0.13978570861952078
335	349	0.11368218436083162
336	338	0.14470053427901527
336	349	0.11758051623457141
336	627	0.1254879216184481
336	733	0.1429700813217758
336	734	0.11044582647362412
337	616	0.12815552905996092
337	841	0.10880706805566605
338	510	0.10454347346007904
338	536	0.1202197719754773
338	733	0.10545983748136344
339	404	0.10843882561232922
339	803	0.32406158395247464
341	404	0.12638279281463669
341	616	0.10625526269026424
342	412	0.1216828599110689
342	472	0.12497757304398839
342	481	0.1308035327075965
342	690	0.12236992416127263
342	717	0.10087079323870987
342	867	0.10027846508611261
343	355	0.1190038888699128
343	409	0.13900998095529088
343	685	0.1601168562765514
343	746	0.10094562858376718
344	348	0.10210934909238605
344	428	0.4298173930507688
344	519	0.372531375139493
345	784	0.11530038140328781
346	347	0.22894713672208764
346	348	0.1911280723058094
346	377	0.10837968028329302
346	457	0.13792857235642578
346	501	0.14765452957450892
346	561	0.1301549775869473
346	696	0.10786618889283132
346	720	0.12034937892317568
347	348	0.4129040780731041
347	457	0.13989667467655884
347	484	0.10217645814628848
347	669	0.1696501365462888
347	686	0.10794302478103658
347	711	0.11742399032954084
347	716	0.12274548383208084
348	422	0.10337324742374446
348	498	0.13270864971565244
348	590	0.11014092623126277
348	669	0.11240070299027859
348	704	0.11391380668663517
348	727	0.1546738616599711
348	857	0.12143539694205871
349	651	0.12878040459568826
349	698	0.12751530894940058
349	793	0.10361853808570892
349	871	0.1075693330724091
350	563	0.15603705310435198
350	635	0.10296816159581956
350	643	0.11193505885585875
351	560	0.11183716446692185
351	875	0.12319714260555674
352	356	0.21180244154748995
352	400	0.1544768512065419
352	439	0.10442218737010633
352	493	0.118417727489186
352	554	0.14094739824483896
352	651	0.10906413514292908
352	728	0.1056653774393528
352	850	0.12538405472376815
353	557	0.13987088711178358
353	721	0.11173407111267754
354	396	0.11360321866148698
354	551	0.1283787092159939
354	591	0.21018153501386536
354	671	0.11181681937723972
354	703	0.1254527604731857
355	361	0.16343913462491116
355	479	0.10966281248742779
355	802	0.10850122358869674
356	360	0.17952782495185993
356	448	0.21328870261457183
356	581	0.2289108788094925
356	750	0.1496084384105667
357	362	0.2744440419321031
357	372	0.17763982100339634
357	621	0.12269903403595861
357	665	0.1259615802709722
357	789	0.10018607164422387
357	800	0.11596318436549148
357	814	0.1343438557607379
358	360	0.1918881300807345
358	363	0.17142793984337212
358	517	0.1010014357658998
358	522	0.10336048549645949
358	555	0.14751185968490696
358	828	0.1335006295486081
358	879	0.11740626558421256
359	362	0.1992276778088947
359	466	0.1183369159630222
359	536	0.1024927342182383
359	739	0.13246208453651595
359	802	0.1163137459658289
360	363	0.19299250603077972
360	381	0.13223876497541542
360	391	0.12215595583804646
360	398	0.11037726738781245
360	436	0.13343424275588722
360	671	0.12237293150936858
360	778	0.15361901404882913
360	818	0.1332299045671207
360	830	0.1435137795329171
361	465	0.1539302814527223
361	494	0.15209825754370074
361	684	0.12462609669041134
361	802	0.13574475461371532
361	814	0.13667737374320388
362	367	0.11416609685838142
362	420	0.14323892909919728
362	566	0.10093811251984418
362	582	0.11272913123187447
362	806	0.12241496665227418
362	856	0.11665621269676922
363	381	0.11621522011951017
363	384	0.11663475008192879
363	396	0.10077848308167175
363	436	0.1463403639147174
363	522	0.15611522913852965
363	552	0.10793424374662987
363	555	0.17638739403276749
363	585	0.10052018967220291
363	776	0.10350805772846491
363	778	0.16796337873478273
363	848	0.14235086308482703
364	449	0.10924466141930936
364	537	0.13140347219766732
364	539	0.13584551459894406
364	616	0.12135887056044031
364	651	0.160297934943765
364	770	0.1774542750302416
365	375	0.2161132259953117
365	450	0.17731368432271488
365	453	0.20994934429926926
365	455	0.141562358077296
365	652	0.26788599628571064
365	876	0.11619857308251952
366	369	0.14394136540961505
368	513	0.10590025841237602
368	633	0.12844840200796095
369	380	0.28776391803090384
369	715	0.16861027016628335
370	371	0.3967261327464667
370	453	0.16437839147482372
370	655	0.24647212008969113
370	696	0.1041350574465795
371	453	0.24439492087121
371	455	0.11804015396507984
371	652	0.14451461070451163
371	653	0.1760144823719045
372	426	0.14697804164611478
372	569	0.12217879668016894
372	621	0.12023186919425549
372	659	0.11720499446374352
372	705	0.11023449347407531
372	730	0.16726611581358017
372	774	0.13375825604150446
372	806	0.10102883249702505
372	856	0.10266578907748122
372	857	0.1172984048985235
373	380	0.21604541249008796
373	382	0.13825411182573774
373	646	0.12201801643068544
373	709	0.1122620951798678
373	710	0.12436509151699263
373	712	0.15745392764537997
373	845	0.14705504085729904
374	543	0.13891957010250508
374	549	0.1612448957673747
375	528	0.17903077492991917
375	655	0.1981048425065535
375	656	0.12158417646924284
375	696	0.1125164317871438
376	549	0.14803078056209573
376	807	0.1414849854538744
377	497	0.10770680021869791
377	645	0.13185686957568585
378	436	0.37904746427627045
378	499	0.10213391681569274
378	754	0.2456638824898444
378	799	0.10921106092838004
378	818	0.11402417505890655
378	830	0.11243622343170265
378	842	0.3557568927725893
378	848	0.2113362204539331
378	872	0.3846529361289532
378	879	0.1462058921019347
379	566	0.11528211866896737
379	814	0.12644033450392259
380	473	0.10861311764177735
380	523	0.1341698475310385
380	543	0.10611178154254956
380	713	0.10804890536221201
380	720	0.121147547719317
380	764	0.12700990569677936
382	477	0.10451713289773908
382	589	0.11288400355505714
382	617	0.1511454698742882
383	474	0.10322340512836493
384	613	0.10440803425432753
384	657	0.14215475207931366
385	582	0.12357828996541247
385	637	0.10250558722753565
385	645	0.10096939500636092
386	395	0.10259211648537256
388	513	0.10624650323914987
388	632	0.1038779236564746
388	635	0.3868992665117769
388	637	0.10212835233002472
388	742	0.15807115226848714
388	769	0.10632051559430993
388	829	0.10069816439587825
389	426	0.11174365378986265
389	495	0.13306785781109182
389	640	0.15364196315397946
389	831	0.13385675158742644
389	856	0.1071209323778393
390	581	0.11235216076951361
390	647	0.10650535896972088
390	732	0.10548382542610554
390	743	0.1609791728944762
390	825	0.10293489589869542
390	838	0.1073510525736713
390	861	0.12363530567611981
391	394	0.19668311654418785
391	396	0.3624359513005563
391	466	0.13969343402284176
391	734	0.22434820710024106
392	468	0.10895839344810934
392	756	0.10358805193140026
393	472	0.10854114399393723
393	509	0.10144608711436653
393	542	0.38045966463574954
393	633	0.10149011769748022
393	662	0.11535492748105201
393	666	0.11899006132678956
393	775	0.16197657500652318
393	868	0.11809449191822935
394	513	0.12304025638968767
394	585	0.13137704802271835
394	646	0.10265963186583546
394	734	0.12784034158465596
395	513	0.10825808609435429
395	558	0.11065393741871345
395	632	0.10234799153411372
396	650	0.10244724548589096
396	734	0.11051022792704208
397	461	0.10832441752519632
397	726	0.13911477088813393
397	818	0.11760443882366274
397	821	0.13604747019953356
397	828	0.10578714430358994
398	427	0.1345112936945188
398	430	0.1809096569320842
398	503	0.1128925068320775
398	752	0.14587991556899838
398	799	0.11151260195110059
399	551	0.11462141165310914
400	439	0.14369701962220421
400	449	0.10933578594150878
400	582	0.10236041047268804
400	769	0.10130515805850768
400	806	0.19835536581301902
401	583	0.1134826672356824
401	712	0.10060050933771605
401	759	0.10015161325410593
401	760	0.13253471258285524
402	576	0.12431313434959963
402	580	0.14156996466209537
402	621	0.15603142118159766
402	637	0.11889108184049284
403	513	0.10266224220917758
403	615	0.10074090422757119
403	759	0.1286089728897839
403	769	0.10251380319133414
403	817	0.11043406651029525
404	616	0.14068198656841024
404	625	0.11835542582894962
404	685	0.12978526001389687
404	720	0.10568077767624186
405	484	0.2673101299967926
405	485	0.20713336544515162
405	571	0.1281722485835889
405	606	0.16145531023753976
405	658	0.10260316065874978
405	670	0.10308836874208607
406	454	0.10254922687903947
406	457	0.13570683361280034
406	482	0.26487827533950664
406	490	0.14072120563346147
406	500	0.13232409438713855
406	506	0.15251426166688906
406	683	0.12518012645203283
406	749	0.21030195587292827
407	416	0.22242742236301424
407	419	0.2600587656967427
407	429	0.16903192652565685
407	823	0.1626804711580167
408	410	0.10726003037780803
408	482	0.10275341722307874
408	624	0.399366310308296
409	410	0.13030790103289233
409	476	0.10333619296635378
409	495	0.10974881903883105
409	695	0.1078480535458676
409	701	0.17747638595213563
410	598	0.1272070169443776
410	624	0.11258122176439538
411	423	0.4054594699367333
411	427	0.27416582295572783
411	593	0.11703809190845083
411	595	0.11836857910735649
411	661	0.10768771216644749
411	675	0.12409693736984842
411	753	0.19228551151738402
411	755	0.28744070545199996
411	776	0.12473271331342602
412	442	0.10701791344104934
412	641	0.2076270434928637
412	714	0.10103887357914984
412	806	0.180459588995376
413	520	0.106959713185508
413	649	0.11424110770058471
413	825	0.17666613657758506
414	600	0.11557610985304671
414	868	0.10294912567220281
416	417	0.23074453633880057
416	573	0.16100193080748865
416	667	0.12693922941180671
416	786	0.111578733398247
416	788	0.11477157015175894
416	823	0.3208326054386288
416	824	0.21285000395226536
416	832	0.11059655117001248
417	419	0.120404167565143
417	573	0.22794111550141677
417	667	0.1840403040721539
417	792	0.11477598789265277
418	425	0.175684073819891
418	551	0.21376988817364506
418	772	0.13402696407256418
418	838	0.11932994277437177
419	429	0.14343957425028828
419	786	0.12083861271195791
420	528	0.1140932582411227
420	613	0.10975586087725944
420	628	0.10542667668534679
420	739	0.26310470647660567
420	774	0.17567920021923997
420	779	0.10941754034057323
420	780	0.2949459514783993
420	856	0.10486197211480867
421	482	0.14879922051834135
421	494	0.11502449772468676
421	496	0.12735895971648822
421	592	0.13849080011693132
421	630	0.10216077595200268
421	762	0.15544012645988395
422	767	0.10367216097521376
422	792	0.10933019369260008
423	751	0.10011849475577507
423	755	0.15125265940432853
424	457	0.13862761825637201
424	460	0.1299622349115961
424	490	0.1176423652587197
424	500	0.15339146928080635
424	676	0.10738511399796773
424	834	0.21337202104772204
424	862	0.1600814123928094
425	640	0.2580677736275774
425	723	0.10206576514748099
426	486	0.10778287570730263
426	521	0.2332966627489588
426	660	0.14623200428199132
426	665	0.11313486630647533
426	773	0.11959310004595035
426	855	0.15590389712827576
426	856	0.15294335624239064
427	503	0.21574340122668517
427	680	0.11781817403154901
427	751	0.12935527188803228
427	776	0.12359748128643272
428	519	0.19177600167647377
428	626	0.10359212832268135
429	663	0.13614976424338235
429	766	0.10921979417620929
429	797	0.1504356643382714
429	823	0.17994692594795408
429	824	0.16488492933933824
430	452	0.11029833751266434
430	462	0.138193495762955
430	483	0.12347378454862187
430	576	0.11734090626007937
430	580	0.1282242194716661
430	706	0.10443465290044371
430	711	0.10894931012741103
430	786	0.12173825235544426
431	721	0.13826454477049624
432	721	0.1124456596204612
432	736	0.11344802816907625
432	747	0.1399035337077916
432	832	0.12793734924653913
433	437	0.4388913190853768
433	439	0.42699270425216307
433	447	0.13862515429766464
433	524	0.1225400935674852
433	533	0.10824636678886386
433	681	0.11578944891057767
433	701	0.13165990436442454
433	794	0.11055427726818595
433	810	0.11278996488233685
434	474	0.15070845151388662
434	524	0.11086538232316209
434	621	0.10476175344751235
434	698	0.13959670731350826
434	707	0.11090610169737009
434	727	0.2881983911151596
434	732	0.13502439690274412
434	735	0.10276964719457805
434	812	0.10185361383177396
434	825	0.11486381656985949
435	438	0.1251446373774806
435	561	0.12195883828307288
435	659	0.12057058386356938
435	748	0.1100930708520435
436	499	0.10745574503262004
436	522	0.31937792063377834
436	780	0.12868463210274764
436	818	0.2268161354894699
436	842	0.25301890987295445
436	848	0.38905272773875393
436	864	0.21939140554075917
436	872	0.22951303870772577
436	879	0.2292133607601176
437	439	0.3849079644656635
437	441	0.12861448098194617
437	445	0.2604742674669371
437	701	0.11930765611441001
437	711	0.10079696773473891
437	713	0.18209757261950937
437	763	0.12708935930063542
437	794	0.12390894027649108
438	443	0.11678520892956913
438	572	0.10647099367692271
438	711	0.11233740728129507
439	447	0.15298357082033212
439	681	0.10324817300719216
439	769	0.10487259286037785
440	560	0.12640906221656742
441	447	0.1451956652278481
441	698	0.10637021184376859
441	706	0.1340860058916587
441	711	0.10998861569551807
441	713	0.1416816424109901
441	729	0.1582133060481794
441	784	0.12026859646489117
442	581	0.11693221437605181
442	714	0.17753121143926798
442	743	0.11203934046052981
442	806	0.14581616539447778
443	596	0.10943487295880688
443	715	0.1810431995401351
444	471	0.10639229212459544
444	492	0.11380179781324964
444	685	0.12927642714886844
444	716	0.10475511463024993
444	717	0.1197506065727188
444	720	0.1791328871232716
445	690	0.11979621898448267
445	701	0.2465658337593887
445	706	0.20026816358138638
445	711	0.13222857655458561
445	713	0.1451614190698737
445	784	0.11967505954576174
445	811	0.11122219309239822
445	844	0.10009586929156063
446	638	0.12271260042720247
446	650	0.10261721388901889
446	705	0.14193460946507705
446	708	0.23061338521381522
446	730	0.19166590961106808
446	731	0.1136956099520056
446	865	0.12452316586711311
447	495	0.12044731975958704
447	709	0.10563612908761975
448	499	0.11050238070996994
448	779	0.11520123346975851
448	837	0.10225465506735415
449	556	0.1056865999536676
450	451	0.14276770528107302
450	453	0.2011030491032605
450	528	0.28894068592401545
450	617	0.11290153693363707
450	652	0.2149096521066714
450	656	0.14803321071414888
450	863	0.21496157739800015
451	528	0.29221983068630103
451	617	0.10347618573283006
451	652	0.2716458712031441
451	780	0.20066670226448444
452	576	0.13639544878954252
452	703	0.11825883929098738
452	797	0.12785457550293325
452	822	0.31794574981832174
452	844	0.10035809155322452
452	869	0.11135427641343806
453	455	0.3977756320947807
453	779	0.13993653527427166
453	820	0.14337323543210853
454	482	0.4161793134127345
454	487	0.2506699304267145
454	498	0.24633050667485162
454	505	0.23767523179609432
454	624	0.10274446566945704
454	630	0.1374157978462183
455	652	0.10646045487477455
455	654	0.12719409708837678
455	655	0.16198896154939063
456	467	0.12254031698869575
456	540	0.1124749670956053
456	588	0.12494760454816599
456	687	0.14005001628124825
457	487	0.1626963322238677
457	488	0.19537071711835421
457	490	0.3930640246296518
457	500	0.3140641331284966
457	669	0.15507580416445274
458	503	0.12327119770780612
458	543	0.11875019114409546
458	723	0.12930502055300472
459	765	0.10794439836211489
459	770	0.11156868508131551
460	461	0.2326728610249643
460	834	0.2151365432084317
460	835	0.12607240854344462
461	833	0.24833757894184702
462	463	0.1917838003808208
462	483	0.14666800345884717
462	541	0.10586310608340865
462	600	0.10470903319548958
462	610	0.11250401926874595
462	611	0.11962126450720988
462	738	0.1109170071137497
462	822	0.13262131990257753
463	483	0.10180460074410715
463	511	0.10744578231015255
463	541	0.12621799802065997
463	734	0.15365920257255342
465	502	0.11084365528785593
465	503	0.2462107131895829
466	582	0.12005281903442261
466	686	0.12156890001132029
466	734	0.10403459468327955
466	739	0.14546561574767283
466	774	0.12127746862703373
467	474	0.11999891599502752
467	588	0.2152578647954388
467	733	0.11511009609069284
467	759	0.18034865231899258
467	817	0.10696803613925114
468	640	0.11189159268970757
469	472	0.1178509903013863
469	476	0.11893558470810495
469	477	0.1041162145535566
469	481	0.125404647560193
469	839	0.13508886468358436
469	840	0.12965636204851946
470	481	0.17440507727285345
470	737	0.12210099054940304
470	841	0.2540067299497057
471	515	0.1032918149100124
471	577	0.12202159209136483
471	678	0.10705949097152366
471	868	0.13693240826518538
472	481	0.10274955914767038
472	542	0.12093299940252948
472	597	0.10028378277870942
472	784	0.10862652524354628
472	851	0.11634602845915185
473	543	0.1023970406548915
473	544	0.12235333366159244
473	781	0.11771172899340626
473	846	0.12323415824709583
474	526	0.10812402016942126
474	727	0.109509670293284
474	735	0.12683909449646413
474	759	0.12288300684691306
474	868	0.1616108527635814
475	477	0.1680670682912224
475	840	0.13191479892686261
476	480	0.13090710179467857
476	562	0.15877439186862619
476	642	0.10081165088322533
476	698	0.11009649652683559
476	873	0.10683301908394136
477	479	0.1300353336875572
477	632	0.1067453999091593
477	838	0.15541690306124334
477	851	0.11511843052140641
478	480	0.34199137306100114
478	620	0.1083603796054277
478	767	0.10901816826005782
478	817	0.1028878994446376
479	505	0.10175393249927298
479	639	0.10573970194317918
479	679	0.10648362565286995
479	757	0.1402920821504928
479	775	0.11639471497985623
479	819	0.10419337910868627
479	873	0.11574199864461576
480	556	0.11105023372355646
481	597	0.14641400735812585
481	689	0.1335112306333483
481	839	0.13188478766879314
481	841	0.13675017191296973
482	487	0.1284358013496118
482	490	0.2773391944835566
482	500	0.3566707514829268
482	685	0.116617073741302
483	484	0.14282016158921135
483	489	0.1880539381650993
483	491	0.28084591898393246
483	511	0.3057948971875533
483	571	0.12195890342818672
483	606	0.17610180026919212
483	672	0.20964709037631038
483	678	0.2791428042207591
483	722	0.10150266146330622
483	778	0.18214513134202637
484	485	0.2773360110078899
484	489	0.26218601674763853
484	571	0.11542021400584443
484	663	0.10966165027348797
484	670	0.1009160501126186
484	678	0.14889779766237665
484	778	0.10999280194041881
484	812	0.1048174042147793
484	868	0.15646941343167944
485	489	0.25995227755493766
485	523	0.10951115688918252
485	590	0.1341368341222584
485	663	0.11248093046206292
485	869	0.13236573215303657
486	489	0.1825351535182533
486	571	0.14687911347361207
486	580	0.10840220932750415
486	587	0.13271867740478588
486	672	0.1041864010270023
486	722	0.1561740304991342
486	754	0.10782846797054207
486	856	0.14726738086761965
486	857	0.18276199473319604
487	488	0.35570959804742874
487	490	0.1968928795928339
487	699	0.11706315922990501
488	501	0.20942914514911895
488	505	0.10251453410618558
488	506	0.16146366367600226
489	561	0.10403077218868169
489	571	0.1102642792489251
489	750	0.10168784890582902
489	753	0.10325982549890574
489	776	0.1149446505263272
489	778	0.17276922710111411
489	869	0.2995555103906356
490	500	0.2760392131022128
490	749	0.10940778838943004
491	552	0.1912733888041159
491	568	0.1776212282068336
491	665	0.11095301742842739
491	672	0.21641855288703382
491	678	0.16551818308317565
491	776	0.1075988895347083
491	812	0.10449579325273498
492	524	0.15395745052058657
492	617	0.1125405593003778
492	621	0.15901139891187757
492	648	0.10398799895298201
492	696	0.1253208395069425
492	700	0.10984018641057668
493	651	0.2713585482057432
494	684	0.126059150897743
494	714	0.13984520521752333
494	846	0.12142320694105163
495	636	0.1012606923981441
496	546	0.10565718050543628
496	579	0.10486779503993317
497	505	0.12651929450524801
497	523	0.13518051848575846
497	567	0.11745989555575494
497	658	0.10191153264409428
498	646	0.13460827742238904
498	672	0.12459709195107578
498	699	0.10137008783760974
499	515	0.1042835705483196
499	522	0.10292267513784967
499	778	0.23067139793509467
499	830	0.42435253504213916
499	837	0.257313582892122
499	846	0.10808288716425611
499	872	0.2756138474828351
499	879	0.16959460380507574
500	501	0.18194543836631716
500	675	0.15661139857325881
500	683	0.11901143131883081
500	710	0.10356315312215428
500	855	0.11302622561391716
501	505	0.1630964743391658
501	676	0.10313579976763143
501	677	0.10071624960127686
501	682	0.1438043435353429
501	710	0.1446893547343861
501	717	0.10836515861145628
501	735	0.12471935245191397
502	581	0.14750973476908183
502	859	0.11699706485256689
503	665	0.2359153938020356
503	668	0.13436796841235463
503	693	0.12138194810376121
503	780	0.13621029283113745
503	862	0.11614793807216976
504	671	0.11813824968736292
504	782	0.11048397456183247
504	810	0.11779257737313391
504	867	0.10298351450182762
505	506	0.1682750947979625
505	630	0.1130337155787846
505	699	0.1008581005110683
506	669	0.15834637538835794
506	707	0.137138385517952
506	724	0.1539380162470784
506	749	0.13987491816947692
507	565	0.1355548534284792
507	841	0.1103584149478562
509	540	0.14100875953842532
509	611	0.10612095799015948
510	590	0.11400400255092208
510	839	0.16730453762115266
510	865	0.11210980197494133
511	571	0.1687124678455911
511	852	0.10699836552973284
511	869	0.10715779079321391
512	515	0.12940086850377233
512	520	0.15612781069938175
512	783	0.17145016106051306
513	621	0.1207665781855038
513	635	0.2102287270288762
513	759	0.10590432658414449
514	562	0.10544938526129823
515	577	0.1094398362485198
516	695	0.10920542394503018
516	860	0.1068771242498955
517	558	0.1141945766095761
517	761	0.12739009487367858
517	811	0.11204396581261514
517	864	0.1172775347441226
517	873	0.13156568444395417
517	879	0.18562471771603903
519	712	0.10104506508191102
520	533	0.12511787290094242
520	649	0.11698472681289046
520	651	0.10226874593275136
520	781	0.1046860392152723
520	785	0.11602128183271194
520	805	0.10241701196698917
521	773	0.16226438984810818
522	551	0.1344025722340388
522	552	0.13660289016233912
522	799	0.2869234247626624
522	818	0.24898836019689882
522	830	0.10187155724455227
522	837	0.30383956309506166
522	848	0.38660222904197994
522	872	0.1503473818232838
522	879	0.22867234152721364
523	580	0.14560806499128642
523	703	0.10362315694601029
523	715	0.12863846494324116
523	792	0.11711557630450299
523	822	0.336016271444223
524	621	0.12585533406178198
524	740	0.14793325194387935
524	742	0.14127653525653316
524	873	0.145491116883358
525	563	0.16792069701075898
527	547	0.13155987370137875
527	550	0.1543582098267176
528	653	0.11334017629438513
528	656	0.17954064847919493
528	780	0.19740323742362922
528	863	0.1199170430484923
529	708	0.11378745225475376
530	534	0.20728385604110186
530	623	0.11069657847277092
530	670	0.10102123372531054
531	534	0.17836492241670682
531	831	0.11779332143078858
533	597	0.1260989366411434
533	616	0.1532314898780299
533	649	0.28839537807416343
533	664	0.11420208563577536
534	535	0.13011591983215925
534	689	0.12619013480338223
534	746	0.11801735558228912
536	733	0.1237014644229355
537	539	0.23823814933643744
537	748	0.10468480365825202
537	770	0.20916816063724397
538	562	0.12653573750884603
538	637	0.10438011768564678
538	732	0.10074253371921113
539	651	0.1290048729721842
539	770	0.26441872104802355
540	547	0.14744753066962454
540	563	0.13303446685026543
540	736	0.12503421586660654
541	562	0.10081542911952153
541	568	0.13146711600325547
541	723	0.10302635401179946
541	738	0.15236524437841042
541	876	0.15341539044726413
542	770	0.10915177303948367
542	843	0.10242232575507962
543	544	0.4255299773601816
543	550	0.1030583704109172
543	764	0.18895042337790496
544	547	0.19399932498758435
544	548	0.5427322137998944
544	549	0.10250869377999369
544	550	0.3898981186062196
544	608	0.1027921185226078
544	764	0.13544493275556674
544	874	0.14701699259564577
545	721	0.13908704069940395
546	635	0.10947919292645192
547	548	0.32225354859282124
547	550	0.20593542980425997
547	662	0.10223774882124849
548	550	0.4903637085188777
548	662	0.10294242245490978
548	680	0.12049545381079252
548	764	0.1831171986962118
550	680	0.22168877510940913
550	764	0.15424109213551698
551	614	0.1171031563261739
551	812	0.16187135819135487
551	856	0.1200325048503866
551	857	0.10370347558612251
552	599	0.1515008616260843
552	624	0.12513059327839718
552	750	0.1904338290431853
552	752	0.5953114064392145
552	776	0.44060129878577875
552	778	0.24554726928970003
552	799	0.24383442971153774
552	818	0.11238533575781856
552	837	0.1099306975697919
552	866	0.19625169846787086
552	869	0.1517370138720855
552	872	0.12861391854733642
553	673	0.12841572232588122
554	556	0.10921911744241034
555	776	0.1075412705491645
555	778	0.13106132789688985
555	828	0.20606967199196322
555	837	0.20355622052383748
555	879	0.17809542346273427
556	638	0.1496495819730276
556	767	0.14783622375050412
556	771	0.11639495940201779
556	796	0.10806229718381793
557	578	0.12022509826850072
557	635	0.10660746008867908
557	671	0.10223401053740273
557	781	0.10094569321897134
557	782	0.11706190111033261
557	810	0.11285214764228114
557	865	0.5039096413265601
557	867	0.15608392165198814
558	718	0.10300583157160711
558	865	0.11510591025920527
559	563	0.15969553192634336
559	567	0.10295750879454385
559	589	0.11143652248083623
559	831	0.11392516624687475
560	625	0.1023461790660032
560	734	0.11717334651924863
560	769	0.11795828699258491
560	838	0.12559413763274616
562	626	0.10108638497508156
562	876	0.10542627075916534
563	567	0.1382351643075194
563	570	0.14081304613861237
563	577	0.1014444545938368
563	634	0.12582606850692593
563	743	0.11178915686090407
565	566	0.11334196750780423
565	574	0.24896018613521556
566	569	0.19917157898303747
566	575	0.23222957413052245
566	579	0.18884301736849576
566	582	0.18085774125100876
568	570	0.24692030318598554
568	576	0.14623310770379666
568	577	0.18456471693824222
568	812	0.10907087610141934
569	579	0.34197010039974557
570	587	0.22660306234496674
570	604	0.10512305804275691
570	703	0.12027008067268687
570	794	0.10001746068949928
570	869	0.1501264526641743
571	577	0.1115263707270724
571	580	0.14693520479135153
571	601	0.25471971588819387
571	869	0.12647350451590159
573	663	0.12216903219462505
573	797	0.10309905501135695
573	824	0.12136252089614523
574	575	0.41489438642770227
576	577	0.3479156871808382
576	580	0.2863086251367439
576	678	0.10966545195735829
576	729	0.13202541221488046
576	761	0.10023311017886624
576	772	0.11019431624677732
576	869	0.13661809352639687
577	580	0.22816971467431482
578	587	0.10287460519089214
578	648	0.13578365426713201
578	662	0.1391504645912021
578	695	0.10963787814711884
578	705	0.11261131372394219
578	708	0.11273586758299864
578	728	0.17669825651515558
578	730	0.10273801483969779
578	865	0.1213813367761671
579	622	0.12659364708334078
580	587	0.31576009543094236
580	629	0.10947325512706257
580	765	0.12458139298419971
580	814	0.11263069284916248
581	599	0.10898546279039176
581	843	0.10462016019350479
582	728	0.1097715630281991
583	745	0.10623514330442574
585	738	0.11217836504364682
586	835	0.10145386028251277
587	641	0.1541761274248622
587	659	0.1085344986108294
587	713	0.10980780855687627
587	781	0.10610625896591813
588	706	0.11849628605511792
588	763	0.1408462443387079
589	617	0.12543412092936768
589	838	0.10387085589435263
591	709	0.103042709582073
592	593	0.2294207477899948
592	596	0.1415160107087306
592	619	0.12831203231191657
592	713	0.16666059240829287
592	788	0.10280318280609965
592	789	0.10561417047492017
593	595	0.28564497746289197
593	596	0.13672807603651618
593	609	0.15103886127870603
593	703	0.11559429427674282
593	706	0.11716104601548441
593	713	0.18079778518515066
593	739	0.20293717101155423
593	755	0.10590455392268885
593	763	0.14975516064198444
594	821	0.1443726822703343
595	596	0.14167346333662653
595	609	0.1184121219642616
595	676	0.11318896577936123
595	706	0.12333623325440267
595	751	0.11474164700570141
596	609	0.12001468228699061
596	612	0.12324884465099356
596	706	0.14909506691058855
596	712	0.10355570270461043
596	713	0.11754907297749623
597	649	0.10074075828623158
598	606	0.2361666779691628
598	624	0.10169080105272743
598	719	0.1320625668412892
598	755	0.10756329283346792
598	814	0.10904489866145103
599	659	0.10901508178003902
599	751	0.10978349755936401
599	752	0.3583754930603668
599	776	0.18058312208517557
599	799	0.10183265081872749
599	848	0.1502111135671504
599	866	0.19261708459119856
599	872	0.11318447057634584
600	635	0.1308177729005681
600	642	0.11649821234747376
600	694	0.11452776234517789
601	672	0.11830004213047078
603	727	0.11565409183681717
604	723	0.10235733437431316
605	848	0.10078306094844522
606	678	0.10763791460302032
607	612	0.12217078070624529
608	801	0.10123915912952143
610	634	0.12063154284658248
612	713	0.10689903124033003
613	780	0.10227365679831833
614	749	0.12282043094611346
616	651	0.14486398906318138
616	790	0.13314320936634078
617	621	0.11671715458360736
619	789	0.1158659395912941
619	858	0.11127325839177449
620	673	0.10778325719937322
620	809	0.11319411872144237
621	721	0.13532165202731306
621	768	0.10147435426220494
622	677	0.1141867787351012
622	775	0.2629731468186646
624	657	0.11134205413450934
624	752	0.1080621040833044
624	755	0.24083699518268317
625	701	0.12111511659416302
625	746	0.15113206096836726
625	783	0.10985925913319164
625	810	0.17841462421685567
625	867	0.11812908328063011
625	873	0.11375870650341223
626	631	0.4351633248502972
627	664	0.11299321731435438
628	655	0.13521176723612147
628	779	0.10156146446155609
628	845	0.12504910055280072
629	631	0.26180980140698706
629	643	0.14280427631971013
629	786	0.13796895158627392
629	797	0.1236606276528988
630	668	0.14488357060148235
630	679	0.11550912507722344
630	831	0.10178554527701345
630	855	0.22020136605758994
631	703	0.1120342277311911
632	760	0.10217520505729356
632	787	0.10161405142121283
633	644	0.12940231260390767
633	760	0.10446742051472688
633	868	0.12327204856410695
635	738	0.12049552058127545
635	759	0.10360762901929342
636	858	0.1020638112873809
636	862	0.10247023139593411
637	718	0.11695346922967867
638	829	0.12598950250478994
638	851	0.11548214678340565
638	865	0.1796642934726025
640	642	0.1461608172456179
640	841	0.10318754559603993
640	854	0.10882546118992534
642	689	0.10815763998960494
642	723	0.13026036279549344
642	760	0.1046016139657494
643	711	0.12643836042783538
643	719	0.11689355038309826
643	735	0.14830348531987078
644	718	0.11356931803010492
644	843	0.14113051601372076
645	763	0.18819336174133394
646	652	0.12625770071048198
646	654	0.12338301080100941
646	845	0.14551373216389438
646	847	0.25305316627375296
647	648	0.19004387445487264
647	768	0.12974151175399526
647	793	0.10819476922943698
648	702	0.14778162663038374
648	708	0.10337088635811185
648	730	0.10842089103882228
649	795	0.10754495275285526
651	733	0.10025968869031827
652	654	0.5209935740820798
652	739	0.1020023536940578
652	863	0.1184627711684248
653	656	0.24052288965316088
654	739	0.13362364744056904
654	780	0.10551473981525489
655	696	0.11221274960761998
656	739	0.1056566746492639
656	847	0.11424094825072234
657	772	0.12227501361807737
657	805	0.12233346280018832
657	858	0.16216911666235895
658	767	0.20126263135564157
659	660	0.1096079882789984
659	748	0.11149543558918423
660	858	0.10485991355700541
661	776	0.12434954441027328
663	823	0.10974773392683299
664	790	0.10928379818394984
665	774	0.11586535587111568
665	851	0.1535119378700825
665	855	0.10344583759875925
665	856	0.12252892159552516
666	787	0.10030149601289243
666	819	0.10957287753597728
667	676	0.12081401923894276
667	788	0.1384685231815277
668	677	0.1200526335602269
668	804	0.10657808359295277
668	807	0.14644591096016202
669	682	0.2367965403906367
669	686	0.2480540371832362
671	674	0.23737831916490992
671	679	0.10742896470427506
671	719	0.11003521433726371
671	759	0.11580392411551306
671	805	0.12317208941281226
672	678	0.24624987678984908
673	760	0.1145301285709912
673	809	0.11805229854568752
674	759	0.14920400831692798
674	868	0.10538218134276853
675	677	0.17425547850775772
675	813	0.14936593914307122
676	677	0.4393969167437255
676	801	0.10262902109354075
676	804	0.1250096815901872
677	804	0.15940130402859914
677	807	0.12490543278076241
677	813	0.11896709388695696
679	775	0.125619136660826
679	855	0.11029370758080241
680	683	0.18103809083130182
680	780	0.10321034200924217
681	802	0.10007781548122112
681	854	0.11961116036852665
682	683	0.12943138946793387
685	689	0.10753750378868036
685	721	0.11412024088532628
687	825	0.10288165762866043
688	695	0.1045900023335728
689	690	0.11736237305519857
689	721	0.14019375866832234
689	741	0.1135879066539696
689	858	0.11658808446812328
689	878	0.11391394960094908
690	721	0.10048000480751214
692	779	0.1399587435463428
694	767	0.10419888633254494
695	710	0.11937396868413101
695	791	0.10267354369578101
697	791	0.12470051555785973
698	701	0.11708210678286815
698	710	0.1684325350283956
698	724	0.10573952512058692
698	735	0.10024504811498322
699	727	0.2078946762266887
699	735	0.13847976345505145
700	702	0.17117617936446594
701	714	0.12177161326811896
701	719	0.10686651019027717
702	708	0.24030440067409334
702	730	0.21619995172456397
702	731	0.19202883383495378
702	828	0.10493674856202935
703	706	0.25481761324007607
703	709	0.44345166625996
703	712	0.2720017992395956
703	715	0.2607839833538508
703	724	0.11584444012098538
703	763	0.10777058371567905
703	797	0.1042975955469109
703	856	0.12896120061918684
704	720	0.19587998992235212
704	727	0.4704569020737939
704	798	0.11981124223058012
705	730	0.28913835287290535
705	731	0.21955717983760725
705	750	0.11018371005417424
706	709	0.28153259255036694
706	712	0.27041551124603574
706	713	0.2532965764364891
706	735	0.11426301141464638
706	786	0.10194451434345721
707	710	0.16935919842897623
707	716	0.5940957709567833
707	727	0.28260652873100145
707	735	0.10161758503455051
708	718	0.10033192916675096
708	730	0.37098388812613875
708	734	0.10479619551629081
709	712	0.1755738999745961
709	716	0.10592144894070736
710	717	0.22941339815831943
710	720	0.1943333237740609
710	735	0.1910241101321833
711	717	0.13608655592603083
711	720	0.1025829666813449
711	727	0.10865624558593828
711	788	0.18087756392050003
712	786	0.10068178857627236
713	794	0.12611575213491977
714	806	0.12035266942793285
715	789	0.10596826025293334
715	794	0.10138202714187898
716	727	0.16311788505985503
716	763	0.11385783480729775
717	720	0.3146354591194694
717	724	0.3410671765112614
717	735	0.127404429310726
718	722	0.13106219884828166
718	742	0.10745938688316954
719	784	0.10893716437257546
720	724	0.2591501748656182
720	727	0.1077364876039985
720	763	0.17407980372816648
720	787	0.10192030639972337
721	725	0.1024336171620291
721	736	0.13329135714024865
721	743	0.10846403671893819
721	814	0.10603557414206286
722	723	0.13609660104737464
722	855	0.14927445424303298
722	856	0.15467261627482887
722	862	0.10662549007604485
723	726	0.22277772778147836
723	862	0.10395436595838371
726	862	0.1035077787581926
732	825	0.12072983899967474
733	759	0.1249843358097636
734	825	0.13229612131328933
734	838	0.11101863387049779
735	763	0.12519765641699418
736	755	0.11348852345736597
736	832	0.11263083376320972
737	738	0.15139511721289814
737	875	0.11344328657440277
739	780	0.1288492485974612
740	742	0.10391524175970632
741	744	0.18826477621634066
743	814	0.15466648674797
743	838	0.11108680030318646
747	796	0.1022231224813791
747	832	0.1422500157113117
750	753	0.10895931068000397
750	754	0.2505432104762684
750	776	0.23190193142320123
750	778	0.12418916697965851
750	818	0.18269071493465655
750	842	0.12756869896164863
751	752	0.11440273372824457
751	778	0.10342808863298407
752	776	0.23408166630685562
752	778	0.22678638718264116
752	799	0.36212471154000375
752	818	0.23393529791026876
752	830	0.13375443414363833
752	866	0.18023363218387006
752	872	0.22705400930206895
753	754	0.1338702059912987
753	755	0.3005868216308328
753	778	0.11832068223023795
754	755	0.11531784354801974
754	828	0.14557610482813438
754	842	0.15623811494614145
754	879	0.11910436359378875
759	817	0.11129800860626882
759	865	0.16647657006605857
760	768	0.13452300441311543
761	772	0.30443884467742804
761	811	0.11455561685120613
761	855	0.10528190810999256
761	858	0.11461128828133733
762	772	0.18213033271247586
762	809	0.1087397982087862
763	793	0.10525636886940824
766	823	0.20152298632255805
769	802	0.11869056883003025
770	843	0.11434380957180351
771	773	0.12929810400533728
771	811	0.1309314557877349
774	779	0.10792004204895232
774	780	0.1108833874254993
774	818	0.10437218162233465
774	857	0.13311243142393756
776	778	0.13363737690887992
776	828	0.1043945552868915
776	837	0.11795381842407071
776	879	0.1316035186229154
777	829	0.13114438246283722
778	818	0.11540218946474896
778	830	0.2488467882398319
778	837	0.23085419451761127
778	879	0.11294466906859105
779	780	0.1276089037241142
779	799	0.12933971486288265
779	845	0.11149938135094875
780	818	0.11866963968924304
780	847	0.20078055125384237
781	784	0.10576761591326547
781	794	0.11087065045046969
786	788	0.16834586142316577
786	797	0.35162957436149517
786	823	0.13359887454939026
787	793	0.16474068712852305
787	798	0.11762935720069172
788	823	0.11233462784659212
789	848	0.10075625939343726
789	879	0.17554169150084498
790	793	0.17694054396237685
790	865	0.12949733721656012
792	794	0.12083586677544535
795	796	0.11597652848298626
799	818	0.40495370892339505
799	830	0.38716376013875864
799	866	0.5395175592916895
799	872	0.22362751511952106
800	806	0.23445133036480492
801	808	0.14720235921573022
801	816	0.12823307462181244
802	806	0.24626219669704769
802	814	0.10283138678553155
804	807	0.4823442319990725
804	808	0.20005115964278392
804	815	0.2096135032856851
804	816	0.18853945864634342
807	816	0.1611370948403917
810	867	0.10502593194339248
812	868	0.1053550273764474
813	815	0.13460329227496284
813	816	0.28467417271302015
815	816	0.3538844256877569
818	842	0.12185392266538861
818	848	0.3114785064131037
818	866	0.23998816728520866
818	872	0.2163262131266737
820	821	0.15709488820120654
820	826	0.16189311447654603
820	827	0.1348483304183449
828	837	0.11239550428580106
828	842	0.19995500596533994
828	872	0.14230136154249817
828	879	0.182503980509111
830	866	0.10016087130575639
830	872	0.37705635069477456
830	879	0.2901800074510232
833	834	0.2189928886011489
835	836	0.6522697352712772
837	879	0.3384319072585238
840	841	0.11294356859104734
841	875	0.11564009458175126
842	848	0.23871831115022948
842	872	0.12876730605569206
842	879	0.10224479797984297
845	874	0.18586779675424547
847	876	0.10434818892113949
847	877	0.12901265823907399
848	872	0.14802982801980907
848	879	0.1501228775475049
849	853	0.1576504202905647
851	857	0.22862594778946058
855	856	0.14298859743249137
855	862	0.2981011669770943
856	857	0.4013177329279373
857	862	0.12661103940134782
864	866	0.24640378282534903
865	867	0.14405984376116485
866	872	0.1875564450033788
874	877	0.32793171223563444
