0	4	0.13079535856052846
0	660	0.10611667411454757
3	311	0.11871354502342245
3	640	0.12207758849295275
3	642	0.1547901899961687
11	430	0.2554999594339622
17	720	0.13587282740895468
23	24	0.10877412898667767
25	27	0.10636040233788262
25	533	0.11950025788083335
27	71	0.15379663233174837
31	378	0.1385630475146049
31	499	0.1575081055532947
31	522	0.16566086037855787
31	752	0.10078819701025968
31	778	0.12546004621661033
31	818	0.19781282787961546
31	837	0.15576210588693992
31	872	0.17428083336663378
34	518	0.14861325632789205
37	38	0.1367551534828144
37	39	0.262623285953701
37	754	0.10765307520377115
38	39	0.1091615808271772
39	776	0.1127649430314221
44	400	0.12761118934869495
47	105	0.11738934934272215
50	407	0.13801091057579973
50	824	0.16466959179383867
53	111	0.11312152486968938
53	855	0.12384618485846527
54	841	0.10483593118902419
60	459	0.14548156097844114
63	65	0.11510493395203293
64	66	0.2194202965321512
70	430	0.19423702965035639
75	697	0.10466595652963893
78	134	0.12393661938655355
79	265	0.24634633026402808
79	539	0.17457682641370378
79	651	0.11166723548371306
81	99	0.10360092943028504
81	618	0.2849742572849727
82	454	0.15619771578161584
82	457	0.21375339500400029
82	501	0.14232354622952903
89	411	0.12468481313279386
89	427	0.1472510324722007
89	751	0.1904860066945051
89	753	0.18991691741363495
89	755	0.193441150727174
91	322	0.10354174606110637
91	459	0.11703915104717397
91	831	0.1392078075542627
92	408	0.12115685125238218
92	503	0.1049234544538746
93	833	0.10027884273562658
94	411	0.1529952149270137
98	102	0.15720604467893703
98	139	0.11311096680384812
102	139	0.13142872116919463
102	764	0.10911707818515075
105	108	0.1312145748099989
109	115	0.12742846181402293
127	128	0.11098423272086572
128	815	0.17111011836960338
132	282	0.11318084596433244
132	692	0.10830010146254664
136	402	0.10285335862697105
149	513	0.10880791585844597
151	370	0.10821984054706695
151	451	0.1109892842899476
151	646	0.1378496131199835
155	167	0.10812541724477451
164	333	0.12004142316479359
164	540	0.1071491611036285
168	793	0.14112166264800344
172	180	0.1043108806339691
185	825	0.10092432502807624
189	208	0.20908364114925507
193	303	0.11899475583770704
199	780	0.1188203496965867
212	216	0.10722345410140172
212	536	0.10370784741787281
213	510	0.1678242727844929
214	428	0.1017180085750966
215	491	0.12513376875925378
215	580	0.13286522244925758
216	283	0.11437919269354681
216	494	0.13783164143469126
228	279	0.10387402913946348
230	598	0.14066223103835268
230	755	0.10486471484821651
232	491	0.11167789505047986
234	503	0.19540355537868412
237	461	0.21118036336715573
238	721	0.15096684859511153
246	569	0.11229155395852138
249	253	0.13889445664096445
253	400	0.1010720944969073
255	561	0.13612198060669048
255	629	0.10131031164559492
258	834	0.17110760419771928
264	575	0.1096411988543364
265	616	0.10561754343944006
265	651	0.15460019146826584
265	770	0.13816625462421228
266	283	0.12345570355408558
267	538	0.10612894440226403
269	273	0.13554317318632103
271	274	0.17787046784111948
280	296	0.193161797456171
280	300	0.12834987022795388
280	821	0.12784741419511692
280	826	0.11855102110871733
283	494	0.10083453133100771
287	294	0.12382010628143561
288	657	0.12548778044482972
300	305	0.1178521275408575
312	426	0.10238773784696145
312	709	0.12200406716046146
322	459	0.17515910222108183
328	330	0.16432065019775693
329	451	0.11594000997510752
329	653	0.1628736514392473
340	494	0.11035069054831025
344	622	0.11951476379258844
347	498	0.10088325883282803
351	472	0.11133378521606722
357	361	0.1286110411149706
359	361	0.27947748564930575
365	371	0.11011425013364616
365	453	0.10096283982196629
365	528	0.1113455934895788
369	473	0.1702300655522307
369	735	0.10888488854778731
371	375	0.14523587124408302
371	656	0.18307647220318982
373	380	0.12460751033924701
375	528	0.11292180863497407
376	548	0.10185050368647425
378	552	0.13930010536869367
378	872	0.11608888622733127
381	623	0.12190606288364819
385	867	0.10668701527519892
386	514	0.10530827279852698
390	621	0.11025872312859039
406	488	0.16734677656425842
407	823	0.17282387187888362
408	411	0.1246998393566743
408	427	0.15768034468557937
408	755	0.10584894008107924
410	412	0.12238978227759459
411	427	0.1385644753396191
415	612	0.13729128353117642
416	429	0.11537830256952866
417	429	0.17167292664833428
417	824	0.1341839334929934
420	739	0.12536044902846633
422	462	0.11632997078409316
423	751	0.24457424823934834
424	490	0.11329523909920156
424	630	0.25207498012362084
427	751	0.24637739938034278
429	824	0.14282643947939125
432	832	0.20190721576232415
436	522	0.12842522867919448
437	441	0.3061247280556344
439	711	0.10855055760076808
444	699	0.166877985216919
448	499	0.12468862309007613
450	655	0.10238155046318669
451	455	0.143949917141685
453	455	0.2499621314897403
453	653	0.17627449484940724
454	488	0.24952253202660413
454	501	0.10701898524404238
457	487	0.166494908198557
459	831	0.16009667178105824
460	836	0.1598271957862384
461	833	0.20844202554372132
462	463	0.16417006504997908
467	468	0.14884421921279523
472	516	0.19681650772632228
472	868	0.14884144007601263
474	724	0.12073625723309474
482	490	0.3318119803258482
483	486	0.1765202292035971
483	491	0.19309264608623836
483	678	0.11786962059448987
484	489	0.228549286147175
485	491	0.10739244262815788
485	511	0.11942790759322912
486	491	0.14639546079899077
487	490	0.10023418978991577
487	506	0.12081805799300933
493	539	0.16507808035560664
493	633	0.13306874158046483
495	721	0.12240130529081845
496	574	0.12025302519267286
498	500	0.11833367552149698
499	522	0.14925057693233923
499	828	0.1285885644000374
499	837	0.14883272695888106
499	866	0.12492007515459276
499	879	0.13718407408111832
500	501	0.10246466123503571
501	506	0.2988854100147522
503	755	0.11067935890952395
505	506	0.1428523189846028
522	828	0.20422726863623955
522	866	0.10176388424858264
523	822	0.154616382751108
532	817	0.11813428192234192
539	651	0.15062533557198746
543	544	0.13606740357957106
543	547	0.1420084589493443
547	548	0.2956883085541992
552	599	0.20450459973013999
552	799	0.13369949315571286
552	879	0.12973031425174117
563	576	0.12205099022653262
563	587	0.11597053957871913
565	566	0.11482031296611142
566	574	0.1255074026011841
569	579	0.15096057553671996
570	587	0.1379776761181964
574	575	0.37337432845482
576	587	0.11913551897317305
577	587	0.170157644224125
580	672	0.12198186420368176
592	593	0.2792812687281028
596	706	0.11030871248182685
599	754	0.2016829222139456
601	605	0.19710766413927733
604	605	0.19679448739099406
604	606	0.1282133337431934
626	629	0.16701288193923974
633	651	0.2088855307694315
643	777	0.12693505566183555
653	656	0.12686102615092273
654	655	0.12516055198278
660	665	0.1357608308631029
660	855	0.13653095188243194
668	807	0.12715476055871158
671	674	0.17946184203239
674	679	0.12663587613723729
675	677	0.1742589359403993
677	801	0.10892273055718184
692	773	0.14360115783660043
698	710	0.12054701558328115
699	704	0.1310425361155616
699	707	0.11754634767953032
699	717	0.10901029552008473
700	730	0.11269218818833633
702	731	0.13697741953840753
703	706	0.19787517450524336
703	709	0.2574947472071276
704	717	0.2156974813663217
704	727	0.1748100934227885
705	730	0.21287147275202184
706	709	0.12325228140828483
707	717	0.12341124264812944
709	713	0.26255604293757145
709	715	0.13322008750582442
710	716	0.24745598965811788
710	717	0.22504674344601472
711	712	0.15348495387320552
723	862	0.10109677397276193
730	731	0.11109622700835893
750	776	0.21860511194107385
752	754	0.2992026528182341
752	776	0.14135490847028043
754	776	0.2881995325785084
754	828	0.15018770261779768
758	781	0.21583508320747433
760	768	0.15042395154377514
761	851	0.10779640541991617
762	772	0.10653335042615514
771	773	0.19054816476007821
776	842	0.13807458081043286
779	780	0.36014815177216714
788	797	0.14819120321687665
790	795	0.11822871453604189
799	837	0.17986272519403793
799	848	0.21527545190524874
799	879	0.1988026273405938
801	813	0.139783749609668
801	816	0.16468404214015103
802	806	0.10497411003345439
802	814	0.4054513712389906
804	808	0.22216797839612384
807	808	0.3585069386978026
810	825	0.17762597773722932
813	816	0.21657594818620407
815	816	0.10489862225469725
818	872	0.20521725703171795
828	830	0.30593807925154126
828	842	0.2287461698356563
830	842	0.20957643120671204
833	835	0.2263026519853899
842	872	0.14302176508545217
844	859	0.10531643590067737
845	847	0.17679841911525426
848	879	0.1125535832215892
849	853	0.2797783923691979
856	862	0.2798793234561623
857	862	0.13602871833805014
866	879	0.2490601103289597
