0	145	0.1655924769717558
0	184	0.12329055106170586
0	234	0.14522768018917506
0	238	0.11330599756106498
0	465	0.1518024954521379
0	536	0.12474496536293703
0	588	0.125177165954543
2	73	0.12884881438957044
3	546	0.10562246796093351
3	689	0.11524835771726649
4	43	0.11038794837252817
4	48	0.10697623241168754
4	755	0.1175329359625837
4	776	0.12467704595343701
5	353	0.1046168571326309
5	588	0.12558148957435916
7	100	0.1015917974884264
7	393	0.11523005712786856
7	402	0.10769916668401437
7	732	0.11108138933347775
8	683	0.14068003606846288
9	500	0.11135193714787722
10	316	0.11440549270604948
10	477	0.10659948875817128
10	742	0.11411243630925053
10	759	0.10064661634613657
11	18	0.11643191563771954
11	523	0.23189799459264998
11	709	0.11422450685947487
12	678	0.11057593899028949
12	730	0.13886658949153455
14	103	0.12721835444454813
14	316	0.11808042486775754
14	447	0.10312899854685692
14	697	0.1420928239330551
15	332	0.2118820593011826
17	58	0.10057083611560937
17	149	0.1268587470894242
17	279	0.10759304013263171
17	707	0.11170134691351548
17	749	0.1348458244026813
17	798	0.10241519412149692
18	172	0.1305643512287767
18	430	0.13517842550088946
18	590	0.11408704794724492
18	607	0.15046839983362859
18	722	0.11900715196467412
18	862	0.22720434700091813
18	869	0.10722355167694088
19	323	0.12838008137443227
19	344	0.1139008439037189
19	390	0.23675616446712563
19	404	0.10912981685213666
19	440	0.10566298716912555
19	469	0.13597383191344176
19	768	0.14825981665735827
20	86	0.1303920354291597
20	134	0.12401287704579611
20	327	0.11461923633483109
21	433	0.1174055273396694
21	694	0.1077911233659391
22	165	0.11656759686644468
23	281	0.10163722129261527
23	434	0.10264871461040866
23	469	0.14579379717166766
23	475	0.13670579659285156
23	477	0.13289692308405623
23	479	0.10488279320521994
23	524	0.11258207249370376
24	91	0.10645043411569186
24	538	0.10728827719273017
25	42	0.10048387994731324
25	449	0.10411241646130442
26	355	0.10977996788827574
26	387	0.1514312009703485
26	520	0.2116870187909986
26	795	0.11120721923209716
27	71	0.4462894388419213
27	134	0.13601904931320027
27	334	0.10408845586564858
27	388	0.1272312786639649
27	568	0.11448065926860031
27	664	0.10556434529528531
27	785	0.14273935347517142
28	187	0.1366126739002223
29	170	0.10258288864163799
29	182	0.15091268319127185
30	43	0.1043816963855453
30	418	0.14845408905072238
30	551	0.3338794270833579
30	640	0.19271556063712886
30	841	0.10481221526154341
31	166	0.11742771561755322
31	363	0.13830545257151808
31	378	0.303573645856126
31	436	0.22986469292023726
31	552	0.1415007315128665
31	848	0.21153463016396062
32	107	0.10567054852759776
32	862	0.15463523895662767
33	40	0.11574591931157434
33	517	0.1485885817802734
33	812	0.13017225860087078
34	44	0.15426138552512086
35	131	0.11469190311855139
36	666	0.11359767458357585
37	40	0.41471498789311534
37	166	0.10661489434329555
37	426	0.1476085909450886
38	40	0.12198430897426654
38	358	0.10256480797804919
39	40	0.21038922949561445
39	356	0.174908932342206
39	489	0.10684307015512519
39	799	0.13278108873121403
40	426	0.1122175701074249
40	552	0.11956888719033208
40	660	0.1056219244919907
41	399	0.4998396432872762
43	380	0.1045505103732368
44	541	0.11284976245753414
45	436	0.14324613742445635
45	593	0.16805552724394518
45	818	0.10613694877044719
46	47	0.101797275672282
46	855	0.12566809283971325
47	766	0.11049885331231796
48	369	0.10762855468624545
48	571	0.10176331573013962
48	665	0.12117006750429621
48	845	0.1699481380474436
48	847	0.1587225026206602
49	718	0.10438853445085976
50	139	0.14359881923057322
50	417	0.11819240485412201
50	419	0.20039119422905227
50	429	0.1645154344548147
50	573	0.12274971018539804
50	766	0.13728291936209738
50	786	0.10575060726159677
50	823	0.18931659684494861
51	369	0.12502376105464938
51	601	0.10953870793396221
51	604	0.16154450805486176
52	641	0.10646454228123477
53	111	0.10186665453161343
53	362	0.13705613575200798
53	424	0.11231426732448713
53	457	0.1263198192039959
53	685	0.10169594619029763
53	855	0.10472468016306688
55	202	0.11147603922054194
55	454	0.1545453998579351
55	506	0.12080586166681184
56	274	0.12874957453838573
56	318	0.15457261774724013
56	544	0.14425693805462575
56	547	0.13734794901921438
59	267	0.11579288530160514
61	185	0.1703920145014049
61	268	0.11166275111343887
61	562	0.11307011541307553
62	838	0.11503396439166404
63	65	0.13171743781537124
63	66	0.3200090934231007
63	67	0.13960512464117064
65	66	0.20105748909163002
65	67	0.2479303880596819
66	67	0.3393051415697489
68	170	0.10673287014311253
68	784	0.11291942247508109
69	104	0.12189883475558227
70	73	0.18300376423828693
70	117	0.1165076955346833
70	199	0.14801163058270733
70	430	0.12369610205572466
70	452	0.11563735106868928
70	462	0.17346744965293354
70	706	0.13352449692302784
71	437	0.11566945196959777
71	441	0.15343265932531702
71	761	0.11013446789680456
73	214	0.11918114257017311
73	462	0.10937831297294298
73	523	0.26364541222693927
73	570	0.1110438912316332
73	703	0.11840328535710201
73	711	0.13369503060724547
73	822	0.10209947204801927
74	144	0.10992719581414236
75	161	0.10120638692202905
75	441	0.12436632859024839
76	846	0.11042783631807093
77	877	0.22294500250700516
78	80	0.25550422030771386
78	129	0.1310046634171149
78	513	0.13153491828298183
79	245	0.2905882490253515
79	539	0.1435678216432534
79	633	0.29923176762128506
79	651	0.23656382047988095
79	860	0.10247820323972887
80	619	0.10306033625985923
81	390	0.10017846157362875
81	475	0.11612998978132576
82	346	0.14580469932856108
82	457	0.13179222678636324
82	630	0.10477442275321755
82	669	0.12598087005274922
83	462	0.12533625835559992
83	647	0.1009906776048839
83	787	0.11900034955339281
83	873	0.1758210117921653
84	85	0.19880141115226785
84	448	0.10137250910682605
84	739	0.10295779496205829
86	131	0.11037342268432443
86	136	0.10250511402669199
86	272	0.10089172851165339
86	459	0.23356782135533805
87	323	0.2564526971659746
88	90	0.18575647357889713
88	324	0.2361189634393221
88	527	0.10510252139408381
89	92	0.42622085155302963
89	325	0.12364479601293193
89	423	0.24590074969879444
89	624	0.1653480045001127
89	753	0.16947599706930022
90	154	0.10477269544676572
90	324	0.1673081604278061
91	93	0.16707345229794457
91	322	0.11794134312031773
92	408	0.18577393557267724
92	411	0.19413206804019517
92	753	0.17304639185648674
93	182	0.10497052113264807
93	561	0.10577632541806027
93	833	0.1693487994797838
94	164	0.1125517631252332
94	325	0.4085499100481666
94	751	0.16652407568074534
95	122	0.11239810108805585
95	278	0.1494299776897963
95	345	0.1395894165041177
95	531	0.12310820373505528
95	557	0.14816417785218478
95	817	0.10087413331264383
96	112	0.23194148560754735
97	195	0.13749724730511065
97	285	0.11357872971278991
98	766	0.2085811621129944
99	694	0.10989408041571765
99	760	0.10902870498716853
100	109	0.13456945153766062
100	226	0.10023115772633003
102	139	0.2450296618319495
104	551	0.10933867930316966
105	108	0.17780398710587697
106	115	0.10616535097861039
106	350	0.11354166329529881
107	588	0.2084031337230998
107	862	0.1084445019303112
108	139	0.2341492443988272
109	112	0.1295071132745027
109	211	0.1946764488634817
109	268	0.10533253667186768
109	767	0.11538707719255524
109	817	0.10948220570072716
109	854	0.1002591840148126
110	425	0.10260494414490232
111	571	0.12464909864927444
112	115	0.13383600525308081
112	159	0.104166309325349
112	211	0.1569030986319024
113	440	0.10197907307260835
113	485	0.11587964103823674
113	601	0.1626904376074959
113	714	0.10340818581953116
114	374	0.1047992502875009
114	527	0.22718161860431826
114	548	0.12161701285917295
114	549	0.1706652957353367
114	550	0.11673789580851948
114	764	0.16866825217984863
114	824	0.14674630312607606
116	308	0.13648195728703388
116	822	0.11282709662212276
117	711	0.10553018633132207
117	765	0.1463237744977391
118	120	0.12235695735186218
118	284	0.12544319279726493
120	344	0.14828991821239623
120	428	0.1144702680753225
120	629	0.11138959585349097
120	879	0.1059575142922677
123	389	0.14874542156208356
124	492	0.11022651146613606
126	127	0.14859676461678373
126	128	0.13007842572561354
126	668	0.13106730069847267
127	807	0.14068083549012111
128	668	0.14620125806095083
128	807	0.1255651037761257
129	495	0.11963761576305647
129	782	0.11125371366814481
130	267	0.10343780829430452
130	868	0.12054349328337646
131	272	0.1170107423747981
132	133	0.2260686519666387
132	156	0.10869394812324043
132	200	0.11916239708102117
132	351	0.10641611748926157
132	469	0.11668118157485474
132	524	0.1008718689921877
133	184	0.10471744877653066
133	186	0.13769077940114058
133	234	0.1681679999956806
133	357	0.14385406488690863
133	446	0.11560004974858085
134	302	0.12141052196059085
134	327	0.11606672074688086
134	635	0.24243080559942415
135	140	0.13054644711295552
135	359	0.11530971334450528
135	409	0.11571264078488895
136	474	0.10113312399779648
136	515	0.1053613521497951
136	553	0.13593429790420514
137	327	0.11416812633213214
137	349	0.1043697737093744
137	737	0.10437086988324919
138	141	0.2020026842475723
138	157	0.10966208974548394
140	142	0.2202238678236297
140	224	0.11955105039306893
140	469	0.10484367994668653
140	614	0.12981495544395472
140	621	0.12565254380685653
140	714	0.1060808332076172
140	749	0.12139231882693108
140	802	0.16127973596500372
141	213	0.1000154318840938
141	814	0.16495509016727825
142	802	0.14915243922910235
142	839	0.1171342310732703
144	512	0.10048906312738091
144	513	0.15750691842696832
144	557	0.1708138276307646
144	563	0.10847397991902914
144	759	0.12133698383561792
144	865	0.12088387153446549
145	149	0.10519980336376228
145	208	0.12259568001370498
145	315	0.11247158261122762
145	772	0.11860382262594177
146	721	0.1304468037614442
147	510	0.10187238875861127
148	545	0.10402071565759886
148	732	0.1060179369664635
149	184	0.22463055145205085
149	279	0.11388114445022218
149	401	0.132608937649523
149	536	0.11853884780410305
149	542	0.10368609467864173
149	809	0.1149646943947968
151	654	0.10831633765328766
152	761	0.1172546709617646
153	181	0.10933212597710922
153	189	0.11127419179262371
153	235	0.11054655824560672
153	369	0.16316321960323338
154	669	0.10098814873110143
154	686	0.11155581145423975
156	524	0.11643906409557248
156	695	0.1206206238417589
156	873	0.11937871103156622
157	412	0.13269188487195782
157	424	0.21028721385123184
157	555	0.11281130135071143
158	344	0.13338814507760713
159	260	0.10122166840355966
160	351	0.12281136816771784
160	640	0.10003595740263442
161	273	0.10368307948050165
162	163	0.3950228968396247
162	248	0.10553931680503133
162	302	0.10376989981802955
162	532	0.15753552878668425
162	664	0.10175809594239965
162	843	0.10745799285077672
163	532	0.1353097758295372
164	384	0.11106010650571292
164	745	0.17843313126914406
166	299	0.10940111320282378
166	363	0.12249930544899099
166	436	0.1938257043389512
166	715	0.10829705875168577
166	842	0.1515798517076687
166	872	0.15743909436150022
168	770	0.2210152211459992
168	782	0.15061476277112587
168	790	0.14673245998409612
168	793	0.1119218643726546
169	185	0.11083497241641115
170	182	0.12156788858700643
170	251	0.10362312022181586
170	308	0.13152307945487823
170	772	0.1157782801841871
170	818	0.1022228626284634
170	841	0.13086550738087768
171	180	0.12440826355582882
171	192	0.13898669483708787
171	256	0.11176343954672448
172	176	0.1634969848793683
172	232	0.13265536501239777
172	484	0.2129300013416356
172	486	0.10990875886949011
172	491	0.13012850589457675
172	722	0.12501767971925196
172	869	0.11249460011787742
174	179	0.12203136144258947
174	513	0.1311736491309808
174	589	0.10856126176617627
175	236	0.10423090101488076
176	180	0.14565401849784687
176	191	0.1045236028827607
176	227	0.11785687158946934
176	315	0.12014102209055691
177	178	0.36673297980453434
177	182	0.3937396348268075
177	374	0.1138524262432168
177	380	0.13345634604773723
178	182	0.3682564682292489
178	271	0.13517158676893548
179	228	0.11493864454972287
179	489	0.1483323793182348
179	590	0.1263236253959868
179	723	0.15974617920362474
180	227	0.14491594727779664
180	232	0.10942046892188324
180	585	0.10536005620982801
180	812	0.1055947335577822
182	435	0.10846627824650872
182	544	0.10498426276155554
183	219	0.1085552736665502
183	233	0.10721509183304112
183	722	0.131641005579215
183	869	0.10952113849416768
184	186	0.15940524383746757
184	279	0.1034292481977876
184	379	0.10852485270291268
184	401	0.20615985641899073
184	536	0.22443090627045323
184	574	0.1251802324305104
184	579	0.12299942320306752
185	825	0.11929371803666294
186	244	0.1082424936071029
186	436	0.12551640657140675
186	469	0.1029959256480859
186	482	0.1069272531209816
187	198	0.13190507428201895
187	210	0.10871312885751958
187	238	0.11143054255028002
188	199	0.2114051473538866
188	315	0.1430178353902312
188	462	0.10065495322775965
188	723	0.10177511118580765
188	855	0.10052091405083623
188	863	0.11283227261986778
188	876	0.12192275058819825
189	297	0.11268514047135404
189	369	0.11383493487653146
189	466	0.1127898176481086
189	502	0.1913930651704928
189	559	0.1480630710057885
189	680	0.13767948182261472
189	851	0.12438435889142507
190	529	0.12448110503126726
191	601	0.16489624501035424
192	566	0.12478140377194025
192	699	0.10131173295224327
192	720	0.10738322551115552
192	726	0.10138632735183195
192	818	0.1018510572193919
193	196	0.13806128401824702
193	453	0.136782556632337
193	847	0.12518636282454615
194	199	0.12723898573840103
194	723	0.21576519811435352
195	197	0.1252383291354755
195	206	0.1788780378901123
195	859	0.20200842919826723
196	203	0.13126227325502313
196	256	0.11600788963133193
196	453	0.11910491398144661
196	455	0.12971090199902313
196	463	0.14829277292221452
197	201	0.12905001767164329
197	206	0.16218425453165475
198	852	0.10623272137511706
199	723	0.11522918996446052
199	876	0.15277138898842849
200	204	0.2801319370324336
200	297	0.15856364988578847
200	308	0.1080561480136883
200	382	0.13123277957226231
200	666	0.10592985553751179
200	779	0.10301295372772186
202	319	0.10837120659725576
202	641	0.1102790166420428
203	251	0.10793261725119509
203	452	0.10610746325657462
203	855	0.1049571944174475
204	406	0.13831344317658356
204	838	0.17105415413454383
205	303	0.16185872460820974
205	541	0.11603709627956739
205	739	0.17868332185860383
207	243	0.17309394435487416
208	421	0.11072184128451386
208	473	0.10433386207944265
208	851	0.10303977756194616
209	335	0.10549675555702799
209	410	0.10551783529289878
210	787	0.16427298787809527
211	254	0.109929814206628
212	257	0.10269232289906174
212	536	0.1507492926122466
212	575	0.1698862297131164
212	768	0.10268430954203824
214	405	0.1301401451908209
214	486	0.1569536948539959
214	489	0.10463103020367064
214	491	0.10878962304752246
214	523	0.11125696444657183
214	587	0.14554923839448913
215	430	0.11744850661028038
215	484	0.18840192165648922
215	491	0.1746724857828476
215	525	0.10142315325218879
215	580	0.13337400781169273
215	678	0.10879175055109129
215	857	0.11128224265342442
216	244	0.10934560732234841
216	246	0.17891064172403748
216	684	0.13632946008911023
217	304	0.10818749593979264
217	353	0.1521806801779314
220	381	0.19234921997488927
220	561	0.1110925819501909
220	731	0.1389654781782216
220	853	0.10391352295906814
221	285	0.11745593613163406
221	763	0.10666032231412528
222	260	0.13702402186945584
222	282	0.10992567918674706
222	440	0.14136696540056817
225	772	0.11205540875038486
226	267	0.11284656792084213
226	384	0.11390548166938207
227	233	0.2244294477231776
228	768	0.11563440714891036
231	487	0.1297251986504478
231	490	0.10208435206666648
231	669	0.2729391283788353
232	263	0.10859790922894985
232	458	0.11242297342935685
232	486	0.11639424986907479
232	491	0.10824927642289114
232	821	0.10264288320273289
233	685	0.10138291270381504
234	262	0.101448373462849
235	564	0.1829773784838053
235	668	0.1215788367999162
236	733	0.10215012265878587
237	836	0.2024838120997295
238	873	0.120123931425353
239	264	0.1465614807891443
239	359	0.12262544076244693
239	372	0.10342614582571921
239	635	0.10195811407151738
241	477	0.12052445018101618
241	603	0.137125336664812
242	254	0.12202341880890744
243	449	0.10130077542869258
243	459	0.1387979241509767
244	281	0.1020221761325551
244	321	0.11576942986874322
244	492	0.20881781773030553
244	647	0.13076157450381115
244	740	0.10241588286252275
244	814	0.11900173124396113
245	520	0.10567484536985644
245	695	0.10101229249274427
245	770	0.1379759973404037
247	267	0.10413142922669709
247	301	0.11636003841980905
247	322	0.1175764367711292
247	470	0.11178410935123961
247	597	0.1016726348457979
247	636	0.12132995072770715
248	249	0.10285663694785592
248	251	0.11510709119806442
249	251	0.15497624836924861
249	253	0.2465648963897865
249	281	0.1202547264857554
249	412	0.10049355841012078
249	563	0.12159817684155251
249	576	0.1639117601266849
249	640	0.11813636511564105
251	252	0.110245938639698
251	373	0.16488868557177733
251	541	0.10657872639357058
251	587	0.11546548630502367
252	313	0.11648144477766131
252	335	0.10688807035924502
252	583	0.11142014871736927
253	326	0.11391287656477242
253	541	0.17737960524821259
253	568	0.11974584958911501
253	860	0.10128882382983476
254	538	0.10396026363915976
254	602	0.10394549673082071
255	420	0.10982373876634496
255	561	0.14033407768148407
256	308	0.1052786453309384
256	385	0.13291238422997628
256	471	0.1009587173974764
257	258	0.1861020091387543
257	590	0.17776292502456606
257	630	0.2000030116134763
257	738	0.12093055231414172
257	836	0.18358710820642388
258	460	0.11203832751388837
259	878	0.12690084191501447
260	728	0.12058547641529695
260	850	0.10436121508519176
262	412	0.12118994916676497
262	502	0.14558067491391075
262	679	0.13444587341081365
262	680	0.10140278152404443
263	680	0.19009042673100002
264	278	0.11298446306404489
264	279	0.15793148268898594
264	372	0.1011173097859099
264	575	0.10561343546893147
264	743	0.10284688986652891
265	431	0.20146139852543993
265	493	0.546388370487782
265	539	0.1314643035260601
265	651	0.16359609830109847
266	340	0.10902527313345711
266	367	0.1059824575148709
267	331	0.10875107598296692
267	477	0.10973436725143136
269	273	0.1293530149543733
270	406	0.13030948689588925
270	482	0.10070982521920128
270	501	0.14446553576069915
271	418	0.11130135153874635
271	473	0.12768004500455865
271	548	0.10316151335977283
271	680	0.16357796063037383
272	615	0.1170973370742778
274	604	0.10538312084539066
275	559	0.1425974817118382
275	705	0.10721294224777743
275	838	0.16100966829167138
277	524	0.11237405589587561
278	514	0.1314340577082975
279	536	0.1372987782462794
279	772	0.12155791382784874
280	296	0.31600239829350857
280	300	0.19884287343516754
280	370	0.12237582258545077
281	390	0.11093654723552777
281	477	0.12269649499384416
281	492	0.14066753963095366
281	647	0.17088130975146024
281	701	0.1060901101694478
282	404	0.10166432757245981
282	442	0.12624029083565347
282	481	0.12378559123241643
282	560	0.10267980711620565
282	621	0.13764490571943827
282	700	0.14667809329136536
282	734	0.13207031530360935
282	743	0.11253206250033476
284	586	0.1103989392112832
284	587	0.15475952171009694
285	465	0.12975722415216923
285	650	0.10431102970096014
286	634	0.20138928037406653
287	293	0.14326606716984888
287	596	0.11371566203283992
288	402	0.10619573507415062
289	326	0.1321791901106056
289	434	0.10382943714674867
289	492	0.10048973443233851
290	292	0.325954844820284
290	312	0.307672702426776
290	521	0.12185306695145841
291	630	0.13006785874558582
292	452	0.10086668858546542
294	309	0.15146227277868235
294	415	0.1508341771710952
294	612	0.13874664067182674
294	619	0.1040371846243719
295	424	0.13319557317636777
296	300	0.417643449707903
296	397	0.1920648125265508
296	821	0.13598973939129733
297	351	0.14986270974470442
298	647	0.10501073106967801
298	729	0.12797553939153247
299	595	0.10047687657767812
300	305	0.1043896154110365
300	397	0.16156658900253165
300	458	0.13901409641270748
301	422	0.13587101059529572
301	768	0.10468554099665706
301	786	0.11478570218093202
301	868	0.11136193082486273
302	400	0.11869052465434708
302	403	0.11378470768448494
302	489	0.11035123385976185
302	493	0.10955173202762511
303	373	0.10523329974872414
303	453	0.11423789918909938
303	845	0.1474933267810174
305	397	0.1341048265056148
306	354	0.12481508239796425
306	438	0.13476222237269672
306	443	0.11137701513558342
306	595	0.12133071777371122
306	711	0.10024172351813607
308	583	0.1408173677079649
308	678	0.15236487079351693
308	729	0.10634444488605153
309	591	0.11903952880032125
309	715	0.11021267674104743
310	722	0.1224753013672431
311	705	0.14118198947621355
313	613	0.13706752777931952
313	637	0.1105016711074167
314	350	0.1147731766527767
315	318	0.11028720552077557
315	439	0.11155541633353117
315	445	0.1361021225756887
315	723	0.16891036942222856
315	841	0.10319517780052873
316	322	0.1008562580969845
316	634	0.11126499298936048
316	742	0.17695003773159235
317	768	0.10484041149472761
318	371	0.10265884330948793
318	656	0.12349457537220229
319	497	0.10716976260186233
319	541	0.13641383237122542
319	722	0.20172225848401984
321	492	0.12890484594903925
323	470	0.10319218136907922
323	759	0.15480137244186323
324	778	0.11195791023174442
325	411	0.11880455572890765
325	423	0.4440964187113062
325	753	0.24491912703363056
325	755	0.2963563859508105
326	492	0.1039645113209018
326	562	0.10269518544411829
326	621	0.141345135514723
326	802	0.11464121457191975
327	618	0.14528065738074936
328	330	0.1540602146402973
328	676	0.17413253739500842
329	365	0.1764685106261348
329	371	0.18460884860150256
329	451	0.13590550193563664
329	847	0.1327902386172858
330	676	0.10866558624971856
330	815	0.12694345460454615
330	816	0.10096304364782975
331	621	0.10149807350416482
331	825	0.11490873776231962
332	683	0.10430573502372315
334	517	0.10922563160154454
334	699	0.10217965419896849
335	587	0.10566538956154392
336	338	0.11947353038607346
338	630	0.11311242202612047
339	639	0.16492073634728613
341	600	0.11815727574347581
341	644	0.10159777428208934
342	481	0.14054485538401762
342	526	0.11919592614357448
343	673	0.13659602444126942
344	428	0.19182591356725817
344	756	0.10795319228390471
346	347	0.14134778113556024
346	348	0.20903703962130502
346	488	0.1159836903501291
346	704	0.11468992570324549
346	710	0.11050116949058914
346	855	0.10526612387498045
347	505	0.13154951161592998
347	686	0.14680226851625042
347	720	0.13485171572452598
348	488	0.10018107384519243
348	501	0.14950829653072478
348	715	0.1235032113462478
349	382	0.11947698209214626
349	476	0.17177970818026467
349	871	0.1112750726941172
350	524	0.10697215700210173
350	871	0.11826589247244436
351	542	0.10105174221262243
351	758	0.11422364348495842
351	829	0.11852650936379289
352	363	0.1713954434830948
352	616	0.11263595011275714
353	393	0.12181369928114197
353	542	0.12123119703640844
353	878	0.14640474679531282
354	391	0.1743673838441885
354	592	0.17458371593929248
355	728	0.10557163332162228
355	800	0.18348841126826318
355	802	0.10613684485014686
356	499	0.13030769512548457
356	555	0.1445686625207137
356	837	0.1492987508477796
357	359	0.10609455039026766
357	806	0.12328158439620021
358	750	0.153839196591209
359	361	0.20123383801534034
360	522	0.1263262208917415
360	555	0.10893054823136883
360	776	0.15746069491201775
360	842	0.10681158193549406
361	800	0.11684404610114339
362	779	0.10391439071370538
362	806	0.25727044640901936
362	839	0.10354474108558555
363	378	0.14714430920509614
363	436	0.14228859753593937
363	552	0.1279204888363264
363	864	0.1091239835572258
363	872	0.1119109834191202
364	431	0.18542149768597543
365	371	0.1675587037967483
365	653	0.13277292827873588
366	373	0.12948263870967372
366	757	0.10363035086358638
367	421	0.21287461644045633
367	442	0.14983864335626962
367	714	0.12471368784004216
367	723	0.10311999752931833
368	387	0.10341343588299226
368	533	0.11306445470202157
370	375	0.2591529816786221
370	420	0.10335110121163821
370	450	0.15175481543723834
370	455	0.11639148637809857
370	646	0.11941437313897486
370	652	0.11169604688681369
370	655	0.17791486118530614
371	375	0.13463282401940235
371	420	0.10099841276045324
371	450	0.2001678744974644
371	451	0.17054452512757892
373	398	0.12488809587772538
373	543	0.13988949091826441
373	544	0.19302633210550632
373	877	0.1360232510783963
374	376	0.14237526304651882
374	807	0.10405636413189968
375	450	0.1986437483528314
375	455	0.16751626943406303
376	549	0.10312309210518378
376	816	0.10278613070431708
378	436	0.11022699865537669
378	499	0.2122100891733651
378	522	0.17873199524786024
378	799	0.11833212303917778
378	818	0.15597511262195637
378	866	0.1751351238141854
379	492	0.10003992176680782
380	715	0.10369497549826498
381	853	0.15746280558689585
382	812	0.12184942130882509
382	875	0.13510110166508454
385	759	0.11106583988230129
385	867	0.1192915861616836
387	520	0.25999653241208165
387	533	0.16055314934520862
388	635	0.4782678560118258
388	691	0.10464593837284059
388	742	0.10460515204773815
389	636	0.12749220528975408
390	392	0.201796595368645
390	562	0.10422641791968941
391	394	0.22042630833847224
391	396	0.3747737470115433
392	659	0.10967382624353161
393	443	0.10476425657928794
393	542	0.4246066178513449
393	721	0.10583154679331504
393	763	0.11406212770463367
394	634	0.10650415407610155
394	666	0.10598849945493101
396	465	0.12041865456555899
396	581	0.11521664273358284
397	827	0.1229260590738522
398	420	0.15120278764477826
398	466	0.12159923099301456
398	837	0.14032683208035582
401	595	0.11898004248814055
404	481	0.11963582577540374
405	659	0.1014794542914887
405	693	0.10316268017074585
405	852	0.10319192524381914
406	482	0.16791957274964492
406	500	0.1751048699618033
407	667	0.1285713865624196
407	792	0.12103568078634715
408	411	0.1706289029374024
408	423	0.1038161791032163
408	751	0.17513509530880228
410	714	0.10929516017490229
411	427	0.17938645911834378
411	624	0.10055622074953621
411	755	0.39805458852391956
412	576	0.10069008840720432
413	530	0.10724614909495536
413	531	0.10429870430285236
413	533	0.10419107966329057
416	419	0.15114904917141722
416	824	0.2338938288802365
417	419	0.1948661233997154
417	573	0.3020953900730676
417	667	0.11838638358414717
417	792	0.15123711998052897
418	551	0.11758929919942171
418	640	0.20737061397995085
419	823	0.23259601979348044
420	669	0.10274161068359566
420	751	0.14313084126727438
420	779	0.10157102062494516
422	773	0.10707298392466544
423	427	0.15864643387740412
423	751	0.1552722663743412
423	753	0.15581607134692207
424	459	0.10496344127831189
424	488	0.150620819355761
424	630	0.3380087054946172
425	642	0.22661398920237766
425	687	0.13517633913578816
426	491	0.13606780956294207
426	521	0.1152674129287209
426	571	0.10402128119326966
427	552	0.11214909650063548
427	753	0.12960381922037462
427	778	0.10162879857846455
429	573	0.25709413731348024
429	824	0.2687432121216514
430	484	0.11522058548361219
430	523	0.34823270500821146
430	662	0.10247572314988558
430	822	0.3129074474119204
431	493	0.19137059605914056
431	539	0.2042975375278171
431	633	0.41232339995158157
431	843	0.11716627804947402
432	832	0.15471014009520814
433	439	0.23010227949279494
433	445	0.17006021082692385
433	447	0.2873302667820572
433	713	0.12252721253093063
433	800	0.11212375998339413
433	811	0.11015334235061536
434	474	0.10983972729064799
434	524	0.12723852074021344
434	698	0.25981151202222036
436	522	0.10894719580148265
436	623	0.10840807444228515
436	778	0.14224188321293482
436	818	0.16364616871561694
436	828	0.12654295317151337
436	830	0.18205945355296846
436	848	0.14472503434914852
436	879	0.13569734527880473
437	439	0.14188119096335297
437	441	0.2385083839418348
437	447	0.19719468176193844
437	664	0.1077153149952215
437	701	0.11606306459355216
437	709	0.19124417323970389
438	443	0.10559870625819517
438	595	0.12848846501655384
439	445	0.17497673060061172
439	447	0.34685818220617703
439	588	0.13449922752285573
439	706	0.2011690638561579
439	712	0.13437735425217245
440	671	0.14661482965871572
440	674	0.12928314367385538
441	447	0.31491394142655404
441	535	0.11641554588071813
441	706	0.10211916024652422
441	711	0.12852022690928386
442	714	0.3298420761243618
442	802	0.11319637485581462
444	699	0.16428548039854907
445	447	0.14240285073043163
445	706	0.13828712734065443
445	709	0.1328278357960977
445	711	0.1712541581313576
446	700	0.3359513686707166
447	703	0.12031211719623029
447	713	0.10280762770618626
447	715	0.2211174775965449
448	799	0.100399870734227
448	861	0.14899564385091482
449	795	0.1311177241884153
450	451	0.25950480284130684
450	655	0.1781086283517804
450	780	0.10732649066870677
450	845	0.1548759225529246
451	654	0.12761796158079486
452	463	0.11161305397689154
452	523	0.11854106789003754
452	595	0.10493192174613197
452	711	0.12683967518172384
452	712	0.1139220476676233
452	822	0.12780975242953072
452	844	0.1519872810068599
453	528	0.1986928944290057
453	655	0.13561407615508847
454	498	0.1751023193892836
454	506	0.12639733340608236
454	663	0.11227979633296342
454	668	0.10383469220470459
455	739	0.13801028522308498
457	490	0.10787908241401599
457	500	0.18384731429493906
457	501	0.14780859895337406
457	506	0.1947799976913503
457	669	0.10100910282931017
457	716	0.12045723110550409
458	547	0.10683609256067655
459	873	0.11772610942955605
461	834	0.17997697545571337
461	835	0.13607154409818975
462	521	0.11469929334111206
462	771	0.10596487195435515
466	805	0.10756705961118293
467	536	0.10067164111095307
467	733	0.11812726449397724
467	829	0.11442168300701422
469	566	0.11114896352237316
469	757	0.11822459832399324
469	759	0.10556521577855077
469	769	0.1254449444091635
469	838	0.1048979502347231
470	481	0.11986168676831722
471	829	0.10098336691288999
472	636	0.11055212719122144
473	662	0.12879486468129892
474	504	0.1184439449324341
475	621	0.12045265354953212
475	647	0.11480671689740099
475	732	0.1037092772778354
475	875	0.10771239133139969
477	621	0.10057607921290654
477	647	0.13966937088134423
478	480	0.13087509338291123
478	687	0.15285150471991615
478	767	0.11974698491214776
480	558	0.1041574594807389
480	620	0.12039303372469874
480	687	0.12549659024493653
480	817	0.1086214609399935
481	516	0.10297652317887984
481	725	0.11312576866018383
481	851	0.10930017669774783
481	858	0.12333964036010873
482	500	0.2298010636816982
482	717	0.11800715270662974
482	720	0.13936300573356128
484	491	0.1656994447890877
484	568	0.10238002844809696
484	571	0.16277257098967346
484	667	0.14345397825552225
484	752	0.12550527283034993
484	857	0.1325928607969934
484	869	0.26393070114112344
485	486	0.18400077809486498
485	491	0.11354773075355179
485	568	0.11242758975671081
486	491	0.1596782623891374
486	580	0.10650605433301132
487	490	0.20263907934832784
488	500	0.15604690696790827
488	505	0.1412857462555909
488	704	0.10011462581756322
489	491	0.12371768299612791
489	511	0.1501238284942306
489	672	0.1506600930843531
490	501	0.14645776917713807
490	505	0.13806914821196226
490	862	0.11991643732308974
491	521	0.1065434338533703
491	570	0.10559112888697676
491	571	0.14142026204481634
491	601	0.10970924035526203
491	869	0.13537461739678266
492	560	0.15125985338387313
492	647	0.13585204636948955
493	616	0.23347849246939442
495	782	0.10674006467778253
498	500	0.15649635939656142
498	677	0.12297789803016872
499	522	0.22798007728486447
499	752	0.14781563625878552
499	789	0.11019450761211033
499	830	0.18650332982342152
499	842	0.21537093841286994
499	864	0.19510339213598274
500	630	0.14006185689941214
501	505	0.1435524248757088
503	624	0.13528942075857855
503	660	0.1189375257050517
503	666	0.15456243868026914
503	779	0.16568286395807547
503	829	0.10609463202137596
505	663	0.10251978682109424
506	682	0.1456356212435092
506	724	0.1108116425125089
507	510	0.2190531242466554
509	511	0.10646233737231495
509	749	0.10711557968054594
510	590	0.11588754520006944
510	630	0.15726602162377584
511	672	0.1730087726575394
512	557	0.18866389758613275
512	632	0.15732172267881986
512	636	0.1221077201049913
512	819	0.14116673298971769
513	831	0.1818080380214389
514	557	0.115021657881682
514	632	0.11003541949144811
515	567	0.11312230020173321
515	568	0.11151791045865703
516	871	0.10758517230339493
517	716	0.11461455821993843
517	864	0.12070545650893554
518	545	0.10572635108131194
518	829	0.12742230760609558
519	756	0.10722886235340848
520	523	0.13752984910409008
520	533	0.34204654626360825
520	649	0.11412843820547422
520	662	0.14263692412957982
522	599	0.14063497373192474
522	752	0.16988265090545746
522	818	0.1532312794080236
522	830	0.11935620313599087
522	837	0.2191081214469018
522	848	0.3545182688398908
522	866	0.11849527096122968
522	879	0.10172440507519098
524	615	0.10571970456039914
524	617	0.13469922129756587
527	548	0.25668185336421123
528	654	0.14194498693232416
528	774	0.13316692942604366
533	658	0.12838846851680266
534	535	0.10248907586438703
537	791	0.1274647217912858
538	825	0.10523780904064654
539	616	0.198961981655374
540	657	0.18179386473079373
540	729	0.12421507276887057
540	805	0.23920712882579348
541	563	0.10421217041893563
542	693	0.10104570773638652
543	544	0.3112861405257854
543	550	0.13308437938312995
544	547	0.15850636689636538
544	550	0.17298674118999907
544	877	0.11842837827998132
546	570	0.11699151334038434
547	548	0.10685707614028887
549	550	0.13708109953640973
550	680	0.13861890848255506
551	841	0.10406621587692136
552	752	0.15078350043369598
552	753	0.10610234991203067
552	776	0.17130320430188167
552	778	0.11883595576135711
552	842	0.17539488386005264
552	864	0.1200071899785706
552	866	0.1884299156909928
555	879	0.1370960035433261
556	640	0.11392525204393421
557	558	0.18441766911853444
557	632	0.11931064247280274
557	759	0.11661933879390007
557	819	0.1039511938809697
558	865	0.2166457130116055
559	562	0.10504498364968694
559	734	0.10273204825944501
559	812	0.1185157906331997
559	869	0.1052783073875346
560	637	0.10791207086224867
560	734	0.12132069806857182
561	577	0.10671384793174629
561	678	0.10679742302596477
562	617	0.1383962312184257
562	696	0.11748477967453926
562	698	0.10459103570792899
562	734	0.1548114311679071
562	812	0.10382705825433655
562	875	0.11497667569638978
563	576	0.2841491633500128
563	577	0.21196632259560327
564	675	0.12594936092384995
565	574	0.11508665240578289
565	575	0.17147943047331118
565	579	0.1695832419386602
565	585	0.16921147147556656
566	569	0.16674116993201168
566	579	0.11609911365621871
566	582	0.13475524122906482
566	769	0.1331295044821385
566	850	0.10759607964418448
567	568	0.13541061698061524
567	570	0.11917096383462468
567	580	0.15807715825172672
568	576	0.17183852149359782
568	580	0.13887251638081982
570	587	0.15303961168360938
570	745	0.10833317379977764
570	781	0.1106100335339619
571	601	0.11815930016567257
571	604	0.10174751249670769
571	605	0.12677243729232665
571	606	0.14026610846536947
571	667	0.10420940582550221
571	711	0.10336801235853596
571	869	0.13074544523735024
572	849	0.1057220810232429
573	786	0.14350353046501804
573	824	0.17406220690267302
575	743	0.12268617562750678
576	577	0.11082109105180182
576	605	0.1117526258315035
577	580	0.11158033784364613
580	761	0.10143874061188639
580	852	0.10011966913617197
581	620	0.11780916546404677
581	837	0.11690123277779234
583	831	0.13026586259581444
585	661	0.10150456927832446
587	631	0.13538030529634537
588	768	0.12850613349195567
590	630	0.12561398802299292
591	592	0.26806931597573647
591	596	0.18966442584492224
591	739	0.11092329085365696
592	595	0.23483677586860627
592	755	0.10414205490555668
593	712	0.11025149632472046
593	751	0.12662739930409403
594	820	0.1036392543402098
594	821	0.19199376000760682
595	711	0.1453042214453288
595	712	0.10095008668652884
595	844	0.1038190651150555
598	606	0.1648841694921587
598	645	0.1073496396383285
598	755	0.10926635603061446
599	754	0.1668396760377261
599	799	0.16760627553656673
599	828	0.14421253041595375
599	837	0.17566468770721277
600	795	0.11358965628055877
601	604	0.4075333088366597
601	605	0.2082860312588633
601	714	0.1001859442752913
604	605	0.17764485359233487
608	801	0.10392043096943127
610	613	0.12347866872764585
611	784	0.10591572657729376
614	693	0.10713262143958009
617	696	0.21475037038534156
617	876	0.13134920722400065
620	747	0.10678059137702342
621	636	0.10237284449122216
621	769	0.10197191888204309
621	802	0.10865876589169464
622	777	0.12036766738941199
624	751	0.13030230788747035
624	755	0.12324898919758809
625	825	0.13516456057112386
626	629	0.18477131773467897
626	631	0.1960036297490262
629	631	0.25181836897926896
629	775	0.10122378693028926
630	738	0.11204186878955218
630	855	0.12190391512944385
634	867	0.12895529667184322
638	701	0.14667425992612199
639	868	0.1005005584895275
641	711	0.12114999929813934
642	687	0.13353158659292502
642	705	0.10531438260303189
642	718	0.10405884295783441
642	740	0.16939022510922325
643	715	0.15573024209730763
643	777	0.13186576235291378
644	843	0.12775228412579637
645	666	0.12190949506138943
650	666	0.12364661669608928
652	653	0.29783719965021793
652	655	0.2542345633106624
652	739	0.11719784144645323
653	655	0.2502480003962066
653	739	0.11266407107894791
655	656	0.14259530914884777
657	772	0.12463771203100885
659	665	0.14032193105338914
659	748	0.11364557612844173
660	665	0.13764000499782503
661	667	0.10235040262156518
665	668	0.10286120321686903
665	857	0.17733850674102708
666	734	0.132454689208667
672	678	0.39431827805134595
674	756	0.10128209465233552
675	677	0.2486113472481469
676	813	0.21537512007506224
678	812	0.12435790664733505
679	759	0.10157273222403067
679	857	0.10133537076930299
682	686	0.1599972211670583
682	751	0.10105281806268616
687	867	0.10585207842633164
688	695	0.15480848845228923
692	773	0.12981163869157972
692	780	0.1278565430784263
694	760	0.13175678059337242
698	707	0.11441009845066348
698	716	0.1154357782001026
699	712	0.13899313479260425
699	720	0.20768341570784926
701	873	0.10564791597794479
702	708	0.11096084830356291
702	750	0.13224458736692865
703	706	0.12437239943732115
703	707	0.10871080299268544
703	712	0.17179446426788664
703	786	0.11796286736446214
703	788	0.12102547422900284
704	706	0.16140481485387478
704	716	0.2522611038505284
704	727	0.3521208577318847
704	763	0.17825768827314048
705	730	0.10762520512903165
706	709	0.19084429359298744
706	711	0.3368019091780425
706	712	0.26673777810949034
706	713	0.19192299857624534
706	739	0.1124767631452845
706	797	0.12791292942197724
706	822	0.10164925053579002
707	710	0.19095465191189556
707	720	0.227836043513868
708	731	0.5010049815682763
709	711	0.20783394909680972
709	712	0.11242833018916856
709	713	0.2885950290453815
709	863	0.12772371759610965
710	727	0.13830062019782138
710	735	0.2281467954587983
711	713	0.10133063928840762
712	713	0.2552937451433429
712	789	0.13492395845065558
713	786	0.1151809071058071
714	723	0.1143117085251289
715	786	0.10831412742090389
716	727	0.31904516033102004
717	720	0.32095006247394997
717	724	0.35892252403865416
720	724	0.14353816594629007
722	856	0.10713337078984278
723	726	0.24142868381823746
724	727	0.15356118816291892
724	735	0.2707659080038413
724	749	0.10007072870649066
727	735	0.3172324705702682
730	731	0.1915116278816228
732	800	0.1191181633508649
732	825	0.11194759070763267
733	865	0.104667011854863
734	840	0.10586019336926425
737	841	0.13316425125909387
737	851	0.1133591475473021
741	744	0.1212708489790547
741	803	0.11400423622537197
742	868	0.11695947672451602
750	776	0.19198704947741285
750	778	0.35976947131499976
750	842	0.11756616204103017
752	818	0.12757476923439642
752	830	0.11096294914268212
753	754	0.1343321650119484
753	805	0.11941768690722225
754	818	0.10862810946648943
754	828	0.17155645993941168
760	771	0.2764369619385105
762	772	0.14007423812023764
765	831	0.10441517622893763
767	811	0.10188965369616439
768	770	0.11000993334240095
768	774	0.17655714585436577
769	806	0.11062317411162453
770	790	0.1251715357542858
770	831	0.10228137667408477
771	773	0.12010866284651216
776	842	0.1758038599727158
778	818	0.10294053729633189
778	828	0.12545191438113987
779	830	0.11165168540270519
779	845	0.12601632406831056
779	847	0.11624564314167074
780	818	0.13429046270189224
783	795	0.11339980954715015
784	794	0.3302040747776725
785	786	0.1559300848119426
786	824	0.12325282867233832
788	792	0.19731953279059267
789	866	0.10775935156807395
793	803	0.11318498678846553
796	831	0.109099115045942
799	818	0.28329139075299364
799	828	0.3969791792930686
799	830	0.12870831074147943
799	837	0.24195899097804496
799	866	0.4235370259966413
799	872	0.14158699046187592
800	870	0.1174090688665325
801	804	0.22561627187310543
801	808	0.2357006021275108
801	813	0.24868975984127248
804	813	0.29329060581104993
807	816	0.5354104907530016
810	825	0.16331483037505942
812	875	0.1091413581447432
813	815	0.4640785959212344
815	816	0.28566465397267116
818	828	0.18920860758765246
818	830	0.17522778211529122
818	837	0.34749730097005554
818	848	0.24069354284312924
818	864	0.1018248955527839
818	866	0.22059422808304796
818	872	0.11882926455183494
818	879	0.1170264273829081
828	837	0.12113064791916
828	872	0.2851090433273025
830	837	0.2679114126747787
830	879	0.2159378925397837
833	835	0.1480722608489921
833	836	0.10320358168728344
837	848	0.23836519450296503
837	866	0.2408034102216131
841	868	0.11322278101562577
842	864	0.10556935388411576
842	866	0.15429230528221005
845	847	0.2863287541292205
848	879	0.5032949189467555
850	867	0.14222992669173692
851	856	0.10279301732301156
851	858	0.227532735352179
851	862	0.1546120918648694
856	857	0.20030972320904858
856	869	0.11242286851511758
857	869	0.10289788566750342
864	872	0.48001838206088393
872	879	0.14156110822698012
