0	58	0.10590299001784705
0	289	0.1021862261299205
0	503	0.14459102406932547
0	588	0.11441787659403657
0	666	0.13529143396526094
0	693	0.10146675274370669
1	468	0.10529248823757281
2	523	0.10609377976608533
3	91	0.10216358919790114
3	210	0.11738507501179832
3	558	0.10029170429466171
3	642	0.2908242123767404
4	411	0.16248073292049675
4	465	0.22994982084050747
4	466	0.11525938452629483
4	503	0.24818879093338092
4	624	0.16997590175359237
4	650	0.12716345568316634
4	755	0.11945837217829143
5	588	0.1069140045493745
6	69	0.10305639280894634
6	122	0.1258205039292555
6	238	0.10508305235186885
6	553	0.10314568822218881
6	803	0.10100418997395569
7	526	0.1249527197146291
8	448	0.12346278110244861
8	682	0.2580778683094703
9	705	0.11739745466101026
10	136	0.15743725813308843
10	477	0.10113463887364095
10	825	0.1371123270165974
11	188	0.1028717388797629
11	452	0.20621459804396305
11	463	0.11004030000510787
11	485	0.1221330039980323
11	568	0.10798324975602772
11	619	0.1000857865014106
11	645	0.12272425114549261
11	706	0.10129423671901941
11	786	0.10658646063219619
11	822	0.1733657032667282
12	292	0.11602478566837227
12	797	0.10716728653854107
13	95	0.10175029752854593
13	253	0.13560321430497116
13	565	0.10474640923379247
14	75	0.11175161464304167
14	95	0.10680003760291365
14	103	0.10967877229954108
14	350	0.1364140290480013
15	230	0.10250926279760252
15	342	0.11057540932141062
15	598	0.2051150864775675
15	603	0.10465753385175411
16	87	0.10014019153350952
17	18	0.15762914752821092
17	55	0.12940258175957695
17	153	0.10411843699766442
17	183	0.12272615250293553
17	269	0.11340865491864459
17	671	0.12245179575786229
17	787	0.1257070754315666
18	172	0.15928358639667012
18	179	0.130981529616013
18	196	0.1116275065585175
18	484	0.14561603516903368
18	590	0.16292760189697966
18	822	0.1228468704925951
18	858	0.12015529091964414
19	236	0.16877601564494002
19	317	0.11700632455686055
19	331	0.10318382100776194
19	459	0.14490355289185186
19	517	0.11848334756056345
19	699	0.12587314369662256
19	875	0.12048977910215337
20	343	0.11772012840209613
20	388	0.12844131504811568
20	470	0.10278332989839847
20	512	0.10372245472327882
20	635	0.12356494359713088
20	760	0.15236291165049642
21	230	0.10245772259840086
22	303	0.1214880751243039
22	561	0.1106861935242687
22	761	0.12317383970296489
22	845	0.1103175448556676
23	136	0.10939758155931709
23	240	0.10262704408483245
23	289	0.15979745713242793
23	694	0.10223819870086688
24	431	0.127005345112597
25	26	0.2494662636170461
25	616	0.10997174959021479
25	649	0.1379847966052873
25	662	0.10682447251242207
26	27	0.16041722157952662
26	520	0.32722386557606675
26	664	0.1199773471285376
27	68	0.18538352792424467
27	433	0.10119574519332397
27	563	0.1355643458531644
27	709	0.10697411275779675
28	163	0.13154736261136307
28	479	0.15585339799702252
28	748	0.10951774235321607
29	56	0.10570431257031362
29	177	0.13909957196243516
29	209	0.11257554997527858
29	297	0.10574900706094027
29	418	0.12378182730073213
29	473	0.11155871525268511
29	542	0.16979283100385903
29	558	0.10208266640622236
29	603	0.1000110836611291
29	685	0.10152010236803104
29	843	0.10371614784707255
30	31	0.12133040531764351
30	32	0.3212552322954955
30	687	0.18060437163070708
30	789	0.10430236353985127
30	856	0.14490776023209684
31	38	0.10346352873474374
31	40	0.1051503428751726
31	378	0.10491521804251444
31	436	0.27217181386905703
31	499	0.46756114920528263
31	599	0.15679240671823785
31	842	0.38542157911611763
32	468	0.10780532683837378
32	551	0.10291480839544796
33	38	0.14319363777674673
34	138	0.10258377023918462
34	249	0.11902537804060385
34	313	0.10315517388401406
34	546	0.17413654095684597
34	768	0.15577023006301488
35	87	0.1387545995111435
35	351	0.1154762852748315
35	368	0.11851521779242313
35	721	0.1597465209809537
35	825	0.11191725876931898
36	141	0.10215480455637212
36	161	0.10272581179323662
36	278	0.10115864739016454
36	424	0.11025870468975286
36	802	0.11100158982525327
37	40	0.2500597187087132
37	601	0.11997357067002026
38	40	0.1656931448451873
38	378	0.11446199813238767
38	426	0.1279502708438523
38	830	0.13161756709406924
38	876	0.1019398070686139
39	356	0.15590333823954539
39	398	0.11511986480163706
39	522	0.16450784827149492
39	665	0.15604898051860375
39	750	0.101589844226486
39	864	0.10042601524557862
40	842	0.12058932262171111
41	399	0.16479380036600025
42	49	0.10462604389128492
42	219	0.12218957695027678
42	387	0.3187688266337597
42	732	0.10010790447656674
42	856	0.1039296137495025
43	48	0.15064395451680318
43	285	0.101045161664024
44	162	0.10927665717734672
45	293	0.11465889473965078
45	306	0.1340580224843137
45	354	0.15737999116427254
45	415	0.1584110764947376
45	799	0.12259014134523956
45	837	0.1404862931087995
47	102	0.1662172193041077
48	51	0.24674863015217416
48	234	0.10513917398584174
48	665	0.10278388845688528
48	715	0.11311590523395272
49	391	0.10169281087195917
49	761	0.12474034092955535
50	102	0.11634329391477685
50	217	0.10785581715022036
50	407	0.14491110222061532
50	416	0.17753875737305277
50	429	0.10339901899848941
50	764	0.11571615656641071
50	788	0.11312711109529243
51	234	0.13488008897202444
52	68	0.12284232464445527
52	190	0.1192673064628551
52	633	0.11438919012479636
53	237	0.1275483611086897
53	424	0.17335284870159576
53	668	0.13934150530331113
53	675	0.10651005268481442
53	727	0.10677216409279654
53	836	0.16444492901843108
53	857	0.12192124650708562
54	425	0.2350343103618304
54	556	0.11334035929380215
54	640	0.23000656741113432
54	642	0.22998452009714807
54	771	0.12809882798461383
55	82	0.13070232486372188
55	487	0.10492434028936727
55	500	0.1652395711606225
55	552	0.10382094306146189
55	720	0.1405268513921027
55	778	0.11774335174960446
56	263	0.11399518621929543
56	548	0.16040931905440836
56	549	0.11188589636045684
56	846	0.12132350718630293
57	200	0.10044601279430444
57	436	0.1072265444424522
57	619	0.12576855692836225
57	749	0.13294934189802077
58	794	0.10407742538097196
59	106	0.10588014603399214
59	737	0.11045801892492929
60	137	0.10418240453739191
60	276	0.10588062635364363
60	337	0.10270261445264216
60	769	0.10605217842591885
61	185	0.2147557253466985
61	226	0.10484134582266624
61	327	0.10685204441724944
61	515	0.11495934901534216
61	825	0.13563611146588198
62	251	0.10192924246223556
62	352	0.11490103618287945
62	657	0.10219824899586515
62	660	0.10729607024954967
62	854	0.10076654909994465
64	65	0.2564774499864834
64	66	0.18582688068065406
64	67	0.2153174047870223
65	66	0.6277030280631116
68	71	0.49321705610208455
68	256	0.11163012359874297
68	440	0.15553647428720668
68	643	0.19926464736166913
68	649	0.1045255985876672
68	832	0.1011354258899128
69	72	0.29694925629892394
69	850	0.10870565454928724
70	73	0.29012568009559736
70	199	0.11374569565971683
70	203	0.15126166536982133
70	220	0.10073998932781159
70	257	0.12714160858495085
70	290	0.15827869483523924
70	380	0.1044488416387679
70	398	0.11525943740329565
70	452	0.24841385301902041
70	462	0.13847111229997328
70	788	0.1341348218960995
71	703	0.10976197052602955
72	760	0.10363168800067483
73	196	0.10998092003698169
73	290	0.11382397298697124
73	491	0.11529315354869446
73	570	0.1001511058389824
73	792	0.12203986155331686
74	177	0.1179659069516946
74	248	0.10674818799929067
74	264	0.11546455742649053
74	302	0.1426820794677376
74	393	0.11533084784007575
74	418	0.10394239808469834
74	472	0.10959448154530801
74	516	0.10964623086331202
74	536	0.11887910012598997
74	542	0.1260859769141993
74	865	0.13352928761543245
75	286	0.12805529852088554
75	580	0.12791918484701587
75	619	0.14164810930170146
76	84	0.10095418689964024
76	376	0.16532607190229612
76	448	0.11151137527124697
76	543	0.10578149728833587
76	680	0.23789292178887061
76	686	0.10840370255072039
76	722	0.10935842544427707
76	780	0.11240679805114066
78	248	0.10201508197921316
78	770	0.11197839672217352
78	819	0.11668794432367216
79	245	0.28967313672803047
79	265	0.4291156670886107
79	364	0.11762098549074579
79	431	0.3837270206941384
79	474	0.1098733831958079
79	493	0.4429076128903289
79	537	0.25306837670733046
79	616	0.20045547408755499
79	770	0.16080733642098438
80	509	0.12525016204043435
81	694	0.10094935485133318
82	231	0.12828432802551676
82	346	0.11241176597175365
82	482	0.2724747404640211
82	488	0.20460070484567605
82	500	0.27075737426339497
82	630	0.11476072690672345
82	669	0.17223624407168164
83	185	0.14782654461602088
83	213	0.12164066971612512
83	840	0.1581347881611646
84	85	0.3246388486942018
84	448	0.11169787697036158
84	462	0.10625522834164602
84	610	0.1883233046147527
84	686	0.10394145075873322
85	521	0.1116598391928308
86	91	0.10920051401661635
86	238	0.15190743264840798
86	322	0.32129897942387997
86	470	0.11984737016371726
86	759	0.10491246980944681
86	819	0.14723744657330276
86	868	0.1231463267484869
87	323	0.35386225942087346
87	495	0.19121274863447957
87	517	0.10633522574473109
87	770	0.10896340865411301
89	231	0.10154608584810339
89	408	0.4011063628688383
89	423	0.30789374955350607
89	427	0.16472395497862075
89	552	0.15815916149994305
89	778	0.12176029433297607
90	324	0.2588736655076871
91	513	0.12018106481696453
91	770	0.16631024476965636
92	101	0.10045597803474765
92	230	0.17959406894711627
92	411	0.13306243918600336
92	624	0.12576264936782877
92	751	0.28061157039022566
93	111	0.10140397002318634
93	236	0.13082220194197944
93	257	0.10858495110395731
93	275	0.20826317676847197
93	304	0.10979518753834686
93	372	0.12218975445116081
93	424	0.10915194390586971
94	325	0.34639927937957343
94	753	0.5513923405513681
94	754	0.10569110816285061
95	146	0.11283830323462543
95	162	0.12857759204811114
95	301	0.28958110127722675
95	302	0.10889147436945984
95	317	0.1699427468793457
95	532	0.1404413300879364
95	619	0.12924764749257586
97	195	0.1525904095220626
97	197	0.1322795833035033
97	206	0.15868870650994532
97	234	0.14409771340441538
97	319	0.14553644187802578
97	466	0.16636785287919717
97	482	0.10979344557019578
97	575	0.10268573674665615
97	579	0.10857386204793709
97	665	0.2275190912156395
97	675	0.10641795326046039
98	766	0.17791766740493303
99	534	0.14894375047608346
100	170	0.10142506568296888
100	297	0.10583188638488855
100	616	0.12218195836115404
100	868	0.11218521264006286
101	154	0.2548541198702154
102	108	0.12825321081178442
103	146	0.11686402108660934
103	825	0.10275552422237488
104	116	0.18607583946296385
104	381	0.10292580054813504
104	773	0.10421832149711135
105	139	0.36477196563848735
105	766	0.21561514977916615
106	740	0.10488121863580305
106	841	0.10179154684392512
107	163	0.13755481392558636
107	248	0.10450241404134268
107	533	0.1207420340110581
108	139	0.14275752019650126
108	764	0.1309141807558662
109	615	0.11482341635287127
110	377	0.11797127085475416
110	436	0.12084772306790248
110	642	0.10162571339607582
111	630	0.14429673995303
112	798	0.1635916135503006
113	483	0.16413501852170662
113	542	0.10303953000182414
113	604	0.10632195684267073
114	374	0.14754337209933022
114	502	0.10055769405978976
114	543	0.14738842011945366
114	547	0.19971676444879907
114	764	0.261291841672378
115	349	0.12954548925080078
115	475	0.1012059337200298
115	477	0.16770980875057456
115	524	0.10772297061704092
116	290	0.30452192247265875
116	311	0.10665878983481888
116	312	0.3478529592856718
116	712	0.10083722287338746
116	713	0.10462959539256741
116	773	0.14024961332943744
116	818	0.12438267545054663
117	150	0.1058676023120299
117	253	0.10392666901100601
117	523	0.1353144463871137
118	789	0.12396776193667434
119	442	0.11196729736233518
119	765	0.14860843058315515
119	852	0.1290906049369466
120	363	0.10498097064882472
120	461	0.1035768672235624
120	508	0.10267031222496538
120	519	0.15406632709867848
121	583	0.11281881066139895
121	620	0.11334211735126429
123	252	0.1043063547054526
123	432	0.10496027550859906
123	796	0.11662280203091793
124	581	0.1071455048241953
125	140	0.10186033582970094
125	641	0.10543917682714392
126	675	0.12809499539514002
126	804	0.10360653781917999
127	128	0.26297323575531517
127	677	0.17045691910608943
127	801	0.10121252011224069
127	807	0.1286773362909825
127	815	0.12690437446111422
128	675	0.19580138809384467
128	677	0.14156477842980206
128	801	0.12070210803994823
128	808	0.12719984704596163
128	815	0.18354241390284468
129	156	0.10320286842623601
129	759	0.11138271234947747
129	825	0.1410165728364081
130	875	0.1181826078281875
131	140	0.10879467699482198
131	282	0.14898806261364453
131	637	0.10961802116107955
131	721	0.11637571751799021
132	133	0.17701383101284623
132	390	0.1558976630239599
132	469	0.19334461891359161
132	692	0.1763969384081431
132	743	0.1990150328418043
133	283	0.10071694955943987
133	359	0.1164668452043325
133	421	0.12853299670556226
133	630	0.11142309152152251
134	138	0.10132656691300261
134	145	0.10932941291728794
134	212	0.16328383089202828
134	275	0.10696212776874013
134	600	0.11537925320352097
134	635	0.13534221122159842
134	733	0.1560415160508572
135	140	0.2249235995565871
135	254	0.11569546696996034
135	339	0.20819262785139195
135	403	0.14977884145419265
135	513	0.11279302777078687
135	539	0.11174795558929011
135	597	0.11808401294996414
135	674	0.13065286323420483
135	721	0.10546795470170889
135	871	0.11159168557103799
136	156	0.10584666998876792
136	474	0.13466409669103324
137	276	0.10513760830594446
137	285	0.10427592413069917
137	331	0.10844912168277367
137	434	0.11636331619215991
137	532	0.12512257596752582
137	732	0.11310822797623675
138	181	0.1151602490829663
138	546	0.11183162257929949
138	660	0.10859433700994897
138	768	0.139538103072243
140	339	0.1140253792992133
140	469	0.10676920801023211
140	496	0.12315560924350095
140	530	0.10490051726195511
140	674	0.1679024729424836
140	769	0.1313192941005018
140	802	0.11671011970170968
140	838	0.12206832361646358
141	204	0.11476743464477923
141	213	0.10684015301003177
141	579	0.10122226860124513
142	381	0.10194577778985436
142	567	0.10273276029927794
142	604	0.12935095222415524
142	614	0.10826035308744175
142	769	0.12122085602773537
143	185	0.10162528694487756
143	553	0.11650047502845783
144	245	0.12631266585186657
144	634	0.14108803473120876
145	204	0.12243248951655138
145	212	0.10427466875395704
145	264	0.10696867351284992
145	393	0.19824418782254213
145	536	0.11247653211824342
145	542	0.10675761913254753
145	631	0.1320171936977026
145	733	0.13761310850725603
145	768	0.11148030343194343
146	252	0.10786637754555774
146	537	0.10759915367470615
147	728	0.1356978012467168
148	285	0.18463628025907716
148	389	0.14120288406674322
148	473	0.13997816624623496
148	740	0.10922910367946456
149	184	0.12762222733035758
149	635	0.1018057952525559
149	842	0.10028303104465022
151	303	0.11021952744926138
151	318	0.18069684231573516
151	420	0.256538562928048
151	421	0.1396153804403537
151	450	0.1297619861363254
151	454	0.13618940344708422
151	528	0.14870659997257984
151	774	0.1052290839053605
151	779	0.1330203540623906
151	780	0.14659127208750924
151	863	0.1634802539852117
153	200	0.1597271902245442
153	543	0.12072183100100697
153	547	0.1906392960336875
153	593	0.16705149912440123
153	644	0.10989148183254634
153	778	0.13449445646882532
153	837	0.13259152628318868
154	686	0.12546941124336974
156	476	0.10072134070289927
156	562	0.18904346681859366
156	701	0.10159240640283909
156	841	0.10219568116826162
157	490	0.1033291983805363
157	833	0.10010558663277078
158	167	0.11972709350627762
158	631	0.11407469060485476
159	770	0.11594059255797698
160	326	0.1071154767333449
161	267	0.10023275869374575
161	844	0.11632089843675687
162	315	0.12758186003621008
163	316	0.10133024273255448
163	545	0.10112257509646275
164	333	0.14944147216254916
164	805	0.1160091949574375
165	267	0.10006329946880825
166	299	0.11201889885023195
166	522	0.11144364596100184
166	660	0.1290910322177722
166	713	0.10527018519384325
166	754	0.12499067003170242
166	848	0.10018482985602535
166	879	0.14189624415157853
168	245	0.11503590388852443
168	539	0.11855737053094727
168	790	0.2004093611609866
168	793	0.20840629373335212
169	185	0.12429198671147969
170	192	0.10794932361697934
170	418	0.13467786851570318
170	448	0.120543422071852
170	577	0.11565361706472303
170	762	0.11282067678190268
171	174	0.10492799939900929
171	176	0.23626764045227347
171	183	0.10970914319675903
171	302	0.11541796677210497
171	632	0.13594803747406423
172	395	0.1409568149216814
172	590	0.13374018319886558
172	752	0.10698878820772059
174	176	0.2894193053470562
174	180	0.15411261815459465
174	819	0.11785426796126411
174	851	0.10261872170152894
175	178	0.13546458104693312
175	182	0.11981682942922908
175	288	0.12758319941448362
175	581	0.15186159039969105
176	183	0.2972523233390576
177	178	0.12844216868544556
177	271	0.12473738508688519
177	473	0.11966297993399795
177	527	0.13824909925204698
178	182	0.2981741219947674
178	274	0.1749875186742527
178	541	0.1003687830499355
178	662	0.106249498916599
179	183	0.13433067233163307
179	232	0.11126368203246477
179	354	0.17183960097304488
179	486	0.1247287291336438
179	752	0.13837171848387644
182	274	0.18214032905879995
182	550	0.18029649008070994
184	574	0.17027429646353903
185	425	0.11006007720228643
185	625	0.141683499473267
185	746	0.10144475218343464
185	825	0.1934993981499568
186	421	0.12776587198049355
186	454	0.10600701476833504
187	207	0.1370042921823262
187	316	0.11156866906438091
187	497	0.11334804392333397
187	512	0.10985361330248165
188	199	0.10565940243873817
188	203	0.208622566412412
188	232	0.14043596591061594
188	371	0.10133114002764784
188	450	0.1170249695208858
188	452	0.12813596800409124
188	463	0.1018835449955052
188	523	0.13056070853712787
188	856	0.1526618428822646
189	376	0.10397544566074593
189	380	0.11461107509079956
189	420	0.17732480877982598
189	680	0.1850627647791244
189	779	0.1070889588480596
190	529	0.11610818095535735
190	578	0.1418982203507305
190	610	0.12205518866449153
190	648	0.1251702702946885
191	738	0.12613738633343344
191	812	0.11738815089927186
192	199	0.24463407144580449
192	249	0.10735521485409982
192	326	0.10954281599112047
192	437	0.130596953864261
192	722	0.10706348232316594
192	739	0.1083724123040895
193	303	0.16213511910314615
193	318	0.11805145756740676
193	420	0.10375097023169498
193	646	0.11473076175188045
193	739	0.19059197406093892
193	845	0.1418041997000541
193	847	0.1475453511990757
194	199	0.22892450474681109
194	258	0.1555616919428494
194	424	0.10245195322525513
194	485	0.11382942801381572
194	590	0.12821966288837974
194	723	0.2621654803148336
194	734	0.13582450615218497
194	855	0.13369088404960577
194	857	0.12859960892907008
195	197	0.11097972788428738
195	206	0.1492952030270703
196	212	0.11599793657250244
196	232	0.13250733390086672
196	315	0.14808752493130312
196	453	0.10916189013964993
196	484	0.10437712788323923
196	779	0.10315281432665419
196	862	0.10042919378765706
196	876	0.13631492316806307
197	659	0.12858919370151523
197	679	0.10436238435932985
198	273	0.11411079527869754
198	302	0.10898915445119392
198	319	0.10746452797915351
198	631	0.10573640072665387
198	831	0.10835777553590552
199	253	0.10359113346958751
199	256	0.11638736650152852
199	463	0.1263882690478474
199	756	0.10186619525033037
199	863	0.14442099855252888
200	204	0.22369709297204166
200	382	0.11144936329725674
200	502	0.22621312424870182
200	543	0.13007257480705622
200	547	0.1299312947673427
200	582	0.16936183957836667
200	680	0.10917423118159342
201	319	0.11500302626528536
201	523	0.11110063363047833
201	658	0.10685965840905816
201	859	0.10601164779789664
202	442	0.10160478140660431
203	257	0.10903551112439111
203	398	0.11256947748184089
203	523	0.1064130363245433
203	541	0.12333898695147548
203	652	0.11434233111367628
203	863	0.10472103819104166
204	376	0.10378203091280126
204	465	0.11765434522265596
204	502	0.11849576319619176
205	392	0.13761388229410668
205	450	0.10095684232016172
205	451	0.1132394894432745
205	779	0.1127437426369641
205	845	0.1305874227691289
205	847	0.14378638105548533
206	680	0.15757139486192465
207	220	0.10306297855049953
207	346	0.10492691905956385
207	732	0.10657974873982211
208	297	0.11116950947196319
208	544	0.1377604390627401
208	772	0.12519811728389402
209	265	0.10338864852772597
209	449	0.10519053730709536
209	496	0.11316998148196075
209	513	0.11775158518976647
210	648	0.1017753435850317
210	787	0.1183098765056675
211	434	0.10952820955183065
211	538	0.12456382874585051
211	767	0.10732465914232667
211	787	0.11696020332084076
212	216	0.14984925807058766
212	283	0.1022044788078834
212	422	0.12370563684094107
212	588	0.10769224822338648
212	733	0.15000681847777578
212	806	0.1805517555871074
213	246	0.10613655063243575
213	253	0.1498194710789737
213	362	0.15896797621508976
213	579	0.13689145117548646
214	215	0.3704149339945998
214	483	0.11426496264466787
214	515	0.12388144357461509
214	568	0.11057960810154548
214	659	0.1647429748663359
214	852	0.11858436722286558
214	869	0.28157850059695744
215	299	0.10083087008604577
215	452	0.10822285349509968
215	489	0.25476216685522884
215	511	0.11108353267612281
215	568	0.13674477439865976
215	571	0.20337199489389904
215	580	0.13785359423876695
215	869	0.21993150332352024
216	574	0.11717314814466227
216	684	0.15354867522411775
217	429	0.1082515115347871
217	747	0.13454645894875059
217	775	0.2414097431466896
217	832	0.11091224815082719
218	227	0.11280502895102426
218	518	0.10608832865580958
218	530	0.1135063261951439
219	334	0.143963327688998
219	366	0.14663961865824715
219	695	0.11724569993147534
220	629	0.11635407975324456
221	613	0.10367961323491733
221	650	0.14242495297610616
221	741	0.122532413052786
222	335	0.12382160764351717
222	449	0.11376074914536717
222	636	0.13202376265920213
222	762	0.11887427054951415
222	859	0.13257088444193105
223	377	0.1348277393615374
223	762	0.10376288689143993
226	618	0.1350796923713943
227	233	0.3433799953930908
228	255	0.1229422250297781
229	338	0.1623273702368036
229	390	0.11202061314877342
230	333	0.12140691918080587
231	482	0.13496549422575294
231	669	0.26435193111472566
231	716	0.10882281856126746
231	779	0.12813952463139847
232	234	0.11554318270016163
232	296	0.13877477690921564
232	346	0.12708590431676403
232	668	0.10774315777373118
235	564	0.25665108000127895
235	804	0.10192307179901056
236	459	0.408564647646941
236	831	0.18416193195746988
237	257	0.10259411867331701
237	460	0.1412432639323141
237	833	0.2651706642856422
237	836	0.2847840555003599
237	866	0.11146391371192675
238	495	0.16117167096624155
238	691	0.13963228212472434
238	839	0.10450451171103163
239	264	0.10366400325145125
239	279	0.10668426344119133
239	302	0.11987005152921189
239	388	0.1334936564150875
240	697	0.18162627011875673
241	301	0.10045859498400597
241	388	0.10840400252425071
241	479	0.11261585859639904
241	633	0.11829673063361847
241	759	0.1248620556765252
241	790	0.11341342139909412
243	555	0.13447618352574583
243	752	0.1062514935714803
244	246	0.19011773066068896
244	492	0.1802005368569143
244	494	0.1629558319184853
244	560	0.15081721914035923
244	621	0.12910232004282218
245	364	0.14123189076107762
245	404	0.10018066796745688
245	470	0.11523689674194687
245	493	0.3132063261328366
245	537	0.114770702026398
245	539	0.2289073515406319
245	616	0.5094301918597396
245	760	0.12413691037751269
246	494	0.34204243873522494
246	579	0.10124767863508129
247	742	0.1190109509746438
248	251	0.16930453621222177
248	388	0.10772447217736653
248	525	0.10655104201467165
249	541	0.19649483265032838
249	739	0.12530974329472733
249	830	0.11271805957851425
250	259	0.11154816787187964
250	741	0.10407026127640592
251	253	0.15031463979574874
251	318	0.10449335920928783
251	577	0.11605956280905638
251	713	0.11100646674605467
251	780	0.11671259451870676
252	768	0.10188222132099972
253	563	0.10543200040158676
253	646	0.18639221228485628
253	734	0.10163463211714908
253	768	0.12002669728529655
253	863	0.14574617839825674
254	339	0.11325954876713673
254	796	0.10340935135536167
255	308	0.10381798190991616
255	491	0.11432115204643302
255	568	0.10529816223287115
255	570	0.17756641874652143
255	587	0.16708348381533852
255	601	0.10156482336466192
255	631	0.159582638939992
255	797	0.10548421470343437
256	302	0.14251305078560889
256	388	0.13351635422981617
256	394	0.11545089337139616
257	262	0.10407924838413907
257	344	0.14336514834426697
257	835	0.11749088774321517
258	485	0.19416025459477523
258	834	0.21198125443120902
259	265	0.102884145416786
260	263	0.10362578278831389
260	702	0.12088022092142044
260	728	0.17700936538337989
262	456	0.1375289257955947
262	671	0.1752361849476028
262	692	0.13644418601384958
263	473	0.14955654547240982
263	547	0.10327011134779489
263	550	0.1466314249584576
264	401	0.11761899383278493
264	536	0.2990569050764489
264	579	0.10335138474854615
264	714	0.10296825512963938
264	769	0.10711779699027105
265	431	0.3453583464643888
265	493	0.18183795699848804
265	538	0.11236018691510566
265	770	0.20251785583069687
265	865	0.10924268002167492
266	283	0.17351251025626493
266	359	0.10618581446031507
266	362	0.10796196391134269
267	583	0.11512409537073502
267	670	0.11324927111543025
267	800	0.1302082465070705
268	272	0.144310354084333
268	643	0.10101471239775482
269	270	0.2028534239573511
269	273	0.2172396080143211
269	425	0.11118305135978601
269	513	0.13719669709615634
270	273	0.2908937857540906
270	727	0.11555606604528348
271	662	0.1527637204603855
272	800	0.16670221722847162
274	369	0.1825515264168863
274	543	0.19303999394975216
275	424	0.11906616877721708
275	590	0.10279189801265882
275	648	0.14034636399383651
275	737	0.11409669396391633
275	873	0.11817319864468753
277	367	0.1474653905044734
278	410	0.1354751334737199
278	867	0.14595187775437987
279	302	0.10315449067865715
279	305	0.11574549252433976
280	305	0.3387242261801387
281	286	0.17980738326359144
281	289	0.13312131038918784
281	313	0.23210559726690727
281	326	0.20321787432493488
281	740	0.15229955121205313
281	793	0.10166340949302032
281	838	0.10325121606836588
282	469	0.14634067201608433
282	621	0.10347907569110962
282	734	0.10223058911478711
282	757	0.20319256099371827
283	684	0.14676687048241155
284	581	0.11442009469022796
285	738	0.13955297718417392
286	481	0.10469169571714007
286	632	0.11803462989383869
286	634	0.1019158838014334
287	354	0.1312668823174535
287	593	0.15222691457711118
287	595	0.11002926630170705
288	342	0.10051076596911213
288	481	0.1048714858127279
289	326	0.10793792116526701
289	873	0.11688188860588451
290	312	0.2866462411979095
290	426	0.13805656930323465
290	462	0.1150851897332453
290	771	0.10602956640779877
290	773	0.10775017637515102
291	505	0.12445717299580586
292	422	0.23311829840197376
292	430	0.17459093373058573
292	711	0.10244816312143035
293	294	0.1376624349330722
293	612	0.1730375532023842
294	307	0.10379424245596126
294	596	0.14154360811912575
295	372	0.10000414984690544
295	457	0.1017740401559729
298	383	0.1268712348730417
298	529	0.10266865756654005
298	576	0.12867586423453073
298	657	0.17519494528944432
299	592	0.18226602957038127
299	596	0.12651954310979532
299	612	0.10495525743911835
299	709	0.11731384849428583
299	713	0.16041046026517272
300	821	0.17866095564948725
300	826	0.10955212883089875
301	768	0.11998286403470225
301	786	0.10851279395931489
301	797	0.13369923056296956
302	320	0.13801002901377304
302	388	0.11876093790406476
302	432	0.10260009325446999
302	704	0.10862290936435207
302	717	0.1399922037575489
303	528	0.10514794695912874
303	628	0.13970244678954294
303	646	0.26394563199412513
303	845	0.15317135238002177
303	847	0.19465691575467836
306	422	0.10712205578041614
306	703	0.10538148563198137
306	713	0.11587008072561515
307	609	0.1345663257139032
308	491	0.15821356027997108
308	570	0.15248507788624835
308	678	0.13481242720776485
308	759	0.11529120780514256
309	595	0.13118535689006283
309	709	0.14132967132504898
309	726	0.1227257025475117
309	789	0.1976117329813599
310	397	0.11844539653864218
310	589	0.1598957121970377
311	312	0.11299935859251994
311	521	0.10280514610975998
311	750	0.10473167270584312
312	678	0.17736277242278822
312	712	0.10652715509932206
313	570	0.10081260439187122
313	793	0.12237150243707202
315	319	0.17641538366356843
315	588	0.1177076115635268
315	726	0.11276352883073959
315	862	0.10376015692029945
316	625	0.12701707113523272
317	334	0.11362626883245788
317	410	0.10095224837041483
317	679	0.12129394763591703
318	365	0.10103209668105279
318	370	0.13123236015444598
318	420	0.19806795618769804
318	652	0.1603231298030247
318	654	0.10938892193188492
318	780	0.11633864246677816
318	863	0.15652200499658023
319	588	0.10601249781389442
319	859	0.10360822350837824
320	729	0.10080800000875753
321	367	0.12727286177324726
321	485	0.10194385999558177
321	579	0.14952257313216086
322	787	0.10300736177372839
322	819	0.161584454411642
322	831	0.1334852319305482
322	868	0.10492567243920597
323	504	0.14563253375881433
324	503	0.1361305128775934
325	423	0.2715200084499177
325	593	0.10050590891613706
325	624	0.12636674977647736
325	753	0.24360840583280952
326	445	0.10491869603981395
326	560	0.10219892459825022
326	562	0.1453236209992803
326	577	0.10725992247866166
326	625	0.14511491358396464
326	734	0.14485456085686754
327	350	0.14491346775301117
327	532	0.20002627519209965
328	330	0.2009576068445023
328	675	0.19942596489494793
329	365	0.20951652180459673
329	370	0.17114818773287194
329	371	0.21372126431877486
329	528	0.20678898495459505
330	668	0.20001355034159604
331	349	0.14651801245770657
331	444	0.10091450134229416
331	477	0.12586893332621846
331	621	0.10409260259225729
331	825	0.12176886277423667
331	875	0.12255472380568248
332	381	0.1141793438751901
332	465	0.12211763146038974
332	666	0.13005980338939369
333	384	0.10861047444105326
334	467	0.1047549593943119
334	716	0.1388450337418595
335	463	0.12257239814097007
335	619	0.16186300980142976
335	679	0.1016546867462225
336	868	0.13235827175843617
339	803	0.3451410188483714
339	839	0.1102652542529904
340	494	0.1131204458055782
342	384	0.11935265160957774
342	538	0.10048918735532265
344	519	0.3721158457392123
346	347	0.11765303479883595
346	426	0.11532214242289913
346	452	0.13331388056740986
346	505	0.12420404153023942
346	669	0.1537601060766925
346	703	0.11223649708408487
346	709	0.12416393433142517
346	712	0.11398435286726605
346	856	0.16894405585639663
347	488	0.16356696774173068
347	505	0.1410627006373256
347	506	0.20875455331520062
347	706	0.1091056441283923
348	699	0.12338995063317604
348	735	0.1657471615006549
349	477	0.20482045406089117
349	480	0.1642072562341813
349	701	0.10559454954484088
351	369	0.10820399333376411
351	568	0.11976243519679443
351	811	0.10367872379038823
352	356	0.18100871901650412
352	360	0.12715528573273846
352	363	0.1791909705422445
352	448	0.1306538936991809
352	554	0.1018019980644344
353	393	0.10524911914240365
353	545	0.10420165981926834
354	555	0.11811323922461228
354	562	0.13414273617498051
354	570	0.10229403792938699
354	588	0.16316198125716871
355	442	0.13348206359527612
355	478	0.2129842248989437
356	358	0.3496097571190051
356	360	0.4010853889803131
356	396	0.11431537953397401
356	581	0.14262843532499628
356	828	0.16788243665856012
356	864	0.1527403697264125
357	494	0.14410137217522673
357	610	0.10055665828825534
358	360	0.41865057632646396
358	378	0.14695138229391522
358	394	0.11153300984832751
358	467	0.1011226798307967
358	848	0.11238386454618762
359	361	0.2440364050211336
359	362	0.11628800226680601
359	372	0.13777211246276716
359	420	0.1092785925949584
360	363	0.20930071528109198
360	395	0.10121788289195101
360	555	0.13047549438009726
360	581	0.15554611141050284
360	830	0.1551055049830214
361	372	0.11488755461648495
361	420	0.10411703683420778
361	424	0.15117536544881674
361	446	0.10183714050758197
361	469	0.10553650023216801
361	757	0.10546476286025891
363	448	0.19101315146824238
363	818	0.1341504238249599
364	431	0.15917962160030505
364	539	0.15201242380814992
365	370	0.22151922128999874
365	371	0.13404998307424648
365	455	0.11747193767725209
365	654	0.1467739574667959
365	655	0.11830370633364273
365	780	0.10375746014686958
366	373	0.10573605926429026
367	421	0.15318002716518858
367	454	0.11033552735076652
368	633	0.10103783307509084
369	373	0.2738080615563549
369	380	0.10703233198657229
369	643	0.10087554381217916
369	699	0.10900892996497955
369	727	0.13221744330373916
370	371	0.11793125480545424
370	450	0.11301817127180766
370	455	0.10445304364889464
370	528	0.1945087700359842
370	654	0.23819336197942226
371	455	0.15638660873914703
371	528	0.235199963010466
371	628	0.13145072209441863
371	656	0.2733589431521725
372	421	0.10418211780195269
372	771	0.1020791814518523
372	806	0.12182692763247095
373	380	0.27920809934195023
373	473	0.10752022728315903
373	544	0.1438323051622786
374	548	0.17893017053448942
374	549	0.19494154431177327
374	764	0.11638714727114315
374	807	0.11834377882536903
374	816	0.1361123352723114
375	453	0.1310542270450994
375	653	0.12399640592347343
375	654	0.1247129428473498
375	656	0.16574846859248504
376	543	0.14112706049729506
376	549	0.15805773175599186
377	520	0.1139372234151042
377	725	0.12592204254839173
377	769	0.10163289845766425
378	436	0.19749151914174798
378	754	0.1354838424617193
378	830	0.1190084744384141
378	848	0.15980256715479324
378	879	0.14592137224725207
384	736	0.11045343614992342
385	395	0.12370799771040053
385	513	0.10579127333916256
385	558	0.10947504810068799
385	759	0.19495210810271074
385	867	0.30820524030649843
387	414	0.11725063120386008
387	732	0.1547193705597902
388	534	0.10081114730890275
388	635	0.2817164873707237
388	673	0.10006035853754872
388	819	0.10705672008581571
389	398	0.10781823050496349
389	426	0.11815254371996176
389	671	0.1500532707799912
389	674	0.10543576545617894
390	492	0.12241883455535037
390	599	0.11151202302193461
391	394	0.13469240990342432
391	465	0.11335174392234744
391	846	0.10809178361176522
392	622	0.1390987058096528
392	659	0.10217165522390649
392	756	0.11869119231821884
392	777	0.11611524073168386
392	846	0.10146844104867767
393	542	0.29472010237611546
393	693	0.13543211117291415
393	772	0.11762423940463426
394	396	0.2649198536616085
394	467	0.10399091247833296
395	551	0.10241892541588175
395	558	0.1221324293541395
395	581	0.10929937556441498
395	636	0.10894267962716883
395	765	0.11516488320264989
397	458	0.1779067090710002
397	821	0.15325713680882777
397	826	0.10544529776113597
398	593	0.11682589332860242
398	671	0.11980603291998451
398	739	0.15069786314169142
398	786	0.14144791302078963
398	828	0.10778352448888891
400	806	0.13540954176898132
400	851	0.1280680645630569
401	588	0.19352755114301484
401	733	0.10228798543080057
401	763	0.15637785369702628
401	768	0.11761134693339254
402	477	0.17287850929341897
402	757	0.10070030718515637
402	800	0.1052452188022657
404	497	0.10229398161906489
404	721	0.11466273075392117
405	485	0.10576881100867094
405	486	0.1370788713210576
405	572	0.10419596720387246
406	457	0.12792285618743296
406	500	0.15092115294902966
406	501	0.11342823829500916
406	527	0.11853453640120948
406	564	0.14959820313296202
406	574	0.12865684474049474
406	686	0.16174949939924607
406	717	0.13143346838656728
407	416	0.12075482772970529
407	417	0.15171219813055664
407	429	0.25385802610932506
407	786	0.1378980645901776
408	427	0.2770727239531231
408	624	0.35609490529090554
408	755	0.20706839032072738
410	412	0.1574165287167182
410	633	0.12089050814034558
411	427	0.16082459545154354
411	624	0.11877749849318668
411	751	0.27203253929689347
411	778	0.11040892249042586
412	582	0.1096832200828739
412	814	0.13504930877807597
414	841	0.10978585283145544
415	789	0.10252908763382491
416	417	0.1186157581597128
416	573	0.1498063689078327
417	429	0.435739351508159
417	573	0.1158195975222503
417	663	0.17288168386844327
417	797	0.12176377634282051
417	823	0.14449087234451816
418	638	0.10229660098412044
419	429	0.2709964721657309
419	573	0.10084313138638694
419	823	0.13867720915411574
419	824	0.17220518450136083
420	528	0.16159280923479974
420	652	0.10383637656023895
420	686	0.12401006385972073
420	739	0.11208991056615579
420	779	0.13802896020869415
421	454	0.16308615971150447
421	761	0.10739307251720917
421	762	0.10963724284805046
421	772	0.10973447203886286
421	857	0.1044423573112482
422	463	0.11966628809601143
422	483	0.10314843107348007
422	711	0.12212082225831701
422	767	0.123667367712023
422	773	0.16355009205539098
423	599	0.11109910327597865
423	753	0.18914522251462834
423	776	0.15441295692369178
424	459	0.1091255312362344
424	590	0.11805947832347105
424	630	0.30933963593848174
424	668	0.1576490617155558
425	436	0.10411235339070246
425	556	0.1310778903929306
425	642	0.13910731772469914
425	718	0.11660725240290348
425	767	0.11926753437242305
426	773	0.11367204158509181
427	624	0.3485749037709691
427	750	0.16235298303634058
427	753	0.26324874640667095
427	754	0.12627736960569072
427	755	0.1272873949279829
427	778	0.1241181567822439
429	663	0.1173165165396893
429	823	0.20253709175163256
430	714	0.14508552641795683
431	493	0.3853181715456273
431	770	0.12976336756140344
432	721	0.1220537542472778
432	784	0.11729225521363917
433	445	0.18495642608821028
433	476	0.1025950759791902
433	562	0.10429071631174483
433	638	0.12256608107487504
433	664	0.1260855061462202
433	701	0.1460182455993543
433	709	0.10959397997431176
433	734	0.14109352584566484
433	794	0.1334445519950053
433	844	0.10939349008718803
434	437	0.1311910295889994
434	515	0.10484635593827664
435	471	0.11493459061616852
436	522	0.10846714794904941
436	552	0.10694213885887259
436	642	0.1132303278727807
436	754	0.12626097061382563
436	776	0.17280373733876506
436	778	0.11538668549488841
436	799	0.11645698844249072
437	445	0.3102490532112824
437	712	0.1930798689494221
437	844	0.15453861915430683
438	595	0.11724972161600367
439	445	0.14483875813164618
439	709	0.10741393698979293
440	467	0.10879089998240177
440	643	0.18293076129722696
440	775	0.1219136790732761
441	445	0.26368561208434643
441	701	0.23871058217044058
441	715	0.16199327077414788
442	516	0.13737132978119795
443	608	0.10584628586628889
443	709	0.10755819538552515
444	727	0.10264453559661581
444	829	0.10302458609580727
445	701	0.17539730118712704
446	467	0.12661876431891325
446	557	0.10677334205652796
446	700	0.31629944690094924
446	702	0.1789769057089141
446	705	0.12302351743715224
446	730	0.17970961797618573
446	757	0.1268898097944535
447	638	0.10967277499400081
447	701	0.26373604894149855
448	752	0.10986732689763858
448	780	0.1323827548949475
448	799	0.12806137631366407
448	848	0.15533694680150167
449	558	0.10154186456987967
449	854	0.10080907869847215
449	860	0.10564935055031315
450	455	0.18018691336117404
450	528	0.17128231139603411
450	653	0.18225986459847943
450	656	0.21831919828316854
450	847	0.11956289852424962
451	528	0.15567204509088028
451	655	0.334680722538388
452	483	0.1051779814175267
452	713	0.1040470067496367
452	788	0.15894504611317764
452	822	0.33971672103743616
453	653	0.13029106644812388
453	654	0.13461196816170098
453	780	0.1485059216264463
454	488	0.2340712489096632
454	498	0.2609894220158029
454	506	0.12365744008879938
454	683	0.10248430025733016
455	528	0.11980465926014722
455	656	0.1424283925673008
457	682	0.11583405437598782
457	857	0.10016894124304537
457	862	0.1501411315358365
458	547	0.10285451981836007
458	821	0.1336133042983538
459	513	0.13768403787913364
459	614	0.10534085824561075
459	674	0.12589123334636404
459	733	0.10461371178256333
460	833	0.1327520177657397
460	834	0.14761052451662204
461	831	0.1192964312227518
461	833	0.31324954519462617
461	834	0.3173084465034367
461	835	0.32764913488889214
462	463	0.2575815703564196
462	570	0.10518356110800259
462	576	0.1120212392305142
462	805	0.11245241836299578
463	580	0.1058337706461454
463	619	0.13779883536773016
465	466	0.4379676136445631
465	503	0.17840635723185647
465	650	0.13621805054108613
466	805	0.11730707314706029
467	468	0.2798189051916258
467	557	0.15175184736913894
467	643	0.1115860843211163
468	777	0.11453047237137481
469	737	0.11183033620113984
469	743	0.21352550442635698
469	800	0.10544612076952925
469	812	0.10964526422465476
470	472	0.106992606581084
470	819	0.12121860517876273
471	664	0.11576303744506299
471	729	0.1176529312678131
472	481	0.12398866439373857
473	527	0.10140841312146935
474	673	0.11741697719318415
474	716	0.1425612094551122
475	477	0.120293719452066
475	767	0.10371072020574927
476	838	0.10038732672481394
476	873	0.10597147576307454
477	560	0.10142113033407307
478	480	0.3064143404601615
478	567	0.1002131863624105
478	758	0.11805797659394032
481	868	0.13039148883807136
482	487	0.10086760297216774
482	630	0.19958359164329734
482	716	0.11509086376560983
483	511	0.1476994490750608
483	667	0.18798504203469135
483	722	0.10207755764074125
483	856	0.14158988665973685
484	486	0.10530621688524625
484	491	0.1089588706788142
484	541	0.1210385152680727
484	587	0.18381100710625684
484	754	0.11849206450455121
484	778	0.10631188487292507
484	812	0.1237729045847124
485	486	0.2698544927973141
485	491	0.32904724354725157
485	570	0.1193508136050354
485	601	0.1541001528784019
485	605	0.10125925413122572
485	606	0.10916362902937984
485	723	0.11926439212780048
485	778	0.10524400105015366
485	852	0.11205379759709612
485	869	0.1169083196243539
486	491	0.3084963504012708
486	511	0.1871401069530613
486	668	0.1109373342306902
486	672	0.13439572703841846
486	869	0.3553762515900521
487	500	0.10760887897927793
487	501	0.10059546124884963
487	505	0.10868643556109349
487	686	0.12163063636617377
487	749	0.10143779432580062
488	490	0.2025215346148494
488	500	0.2137669590726228
488	506	0.14492574039028902
488	668	0.10539768475918682
488	669	0.10246364347576686
488	683	0.12826375014781674
489	552	0.10810221167705422
489	568	0.11147585793908026
489	599	0.15818795722298243
489	678	0.15984107908649686
489	752	0.11106284826904739
490	500	0.17211164575712212
490	501	0.12378610470366443
490	630	0.10110510150645476
490	683	0.13368125765477573
491	570	0.15338400050575826
491	577	0.11555756758001981
491	604	0.10609286421381661
491	678	0.17817713605360808
491	868	0.10869857919176247
492	687	0.12151248912050187
492	838	0.10291152280505617
492	840	0.1169568207917668
493	537	0.2618885000130147
493	616	0.29678132855247064
493	673	0.12287435505109233
493	770	0.1198653118799047
495	538	0.14310216859006072
495	639	0.10102049020752851
495	701	0.1033280263005261
495	733	0.1077765889033514
495	763	0.14523516506021206
495	817	0.12967703709363695
495	841	0.10779401919537214
498	666	0.10659581200652107
498	679	0.1256945783876777
498	710	0.10545595845209361
499	599	0.11845798830598743
499	752	0.20215485122028604
499	799	0.22507965710236394
499	818	0.19731861671768672
499	842	0.3256137771364006
499	848	0.22527633108263456
499	864	0.42445224251487
499	866	0.1063606362300424
499	879	0.17733870935097787
500	501	0.2106013243597726
500	668	0.10475653542217714
500	674	0.10017781720940648
500	856	0.10575611947938197
501	506	0.1399229968087153
501	727	0.10101306264132702
502	846	0.12102810270860204
504	517	0.11763716118867895
504	582	0.12147079323322907
505	506	0.4068738308837029
505	590	0.12574974375055967
505	699	0.11059285081775865
505	749	0.10038201607911082
506	575	0.10909462751671849
506	667	0.10329601813951116
506	727	0.10093834692372759
507	865	0.13128173847787983
508	706	0.11509259044997808
509	782	0.10773682421393677
510	551	0.1869240927884583
510	630	0.12780422105269598
510	694	0.10641729933733614
511	667	0.12297463440359349
511	812	0.14542871647269964
511	869	0.2207251517776753
512	513	0.22005542852197188
512	533	0.11018291051012832
512	819	0.1601214456399852
513	635	0.11388458224757941
513	819	0.17681938906299058
515	516	0.10236575042697965
515	870	0.143765195311246
517	558	0.11101356314433562
517	567	0.1071361354726385
517	772	0.10098544875658994
517	865	0.1322521605544449
519	622	0.1336344264867301
519	775	0.10537674037955588
522	750	0.18056662856178257
522	754	0.1693795951474549
522	774	0.1632826189312882
522	778	0.13907905209995505
522	828	0.26065495603933353
522	830	0.10673280090622983
522	842	0.1413290517595191
522	864	0.13854759789685173
522	866	0.12219382635741753
522	872	0.16600080575421503
523	792	0.15893148689017467
524	541	0.11687102242580863
525	745	0.1453926293002526
528	652	0.17414993495544417
529	659	0.10737924207838537
530	535	0.29657210631934505
530	645	0.11540361857252836
530	685	0.10162524801753003
530	802	0.10337765962520593
530	817	0.10557047671221531
532	537	0.11834820392779019
536	575	0.15598755236980288
536	768	0.1445908673460395
537	539	0.2353510993439371
537	616	0.25410498555552313
537	633	0.1472491158032193
539	616	0.16582345924727554
539	651	0.23110471477506117
540	753	0.13427984010613528
541	587	0.12149656929245692
541	739	0.14148317481705983
541	780	0.10860680153341812
542	614	0.16978220460386728
543	547	0.25428884134782237
543	548	0.10831677191535394
543	680	0.10076667140414594
543	874	0.12910585669603183
546	581	0.12339591681842277
547	548	0.2481370467376454
548	550	0.14920118018337886
548	846	0.183247292605622
549	816	0.11169425732087075
549	846	0.11761544042514965
550	764	0.1732826751693723
551	657	0.11509380579768479
551	658	0.123703403591816
551	660	0.1529195632586978
551	828	0.11679758707882336
551	856	0.13809084888925313
552	705	0.1109857582225768
552	708	0.11929615658305831
552	730	0.11170261425600381
552	750	0.12805300007704004
552	776	0.16643624951116948
552	778	0.4599256962997035
552	830	0.13782157164497258
555	581	0.11476354632755026
555	599	0.12842452399371396
555	752	0.11593326286246805
555	837	0.10429973027281403
555	866	0.111894650163797
556	767	0.12473147729583604
557	640	0.10798020732697554
558	865	0.2097685667132136
559	637	0.10536392077663624
559	734	0.10031530908086939
560	621	0.12133499091178399
560	734	0.14478445212829116
560	740	0.12110092824188401
562	664	0.10563121650396892
563	568	0.22780954369243406
563	570	0.21100521878759995
563	576	0.11201904530889145
563	577	0.21357575066807927
563	580	0.26537564064837266
563	734	0.13260666003993066
564	592	0.11416772319210935
564	804	0.10756193285343452
564	808	0.10036602681794231
565	569	0.10194692177117877
565	574	0.1504822976033916
565	670	0.10549000648376901
566	569	0.19979949051046145
568	570	0.2846255600019424
568	580	0.3671532420965711
568	587	0.22709363751593192
568	852	0.10119715026618906
568	869	0.1505983619580955
569	574	0.43684845928734833
570	576	0.3470844816233794
570	577	0.17649743737658746
570	587	0.35719710648718944
570	604	0.11607667968781857
570	734	0.13916656745176834
570	758	0.12840341656896923
570	759	0.1573606177759937
571	659	0.12520763995896322
571	748	0.10761231810910966
571	869	0.15416105260241633
573	667	0.11588683150654489
573	824	0.3646153982875021
576	587	0.27868546506051367
576	593	0.10306370687868012
576	604	0.10275173133112638
576	645	0.11303366757526498
576	848	0.10214447015718726
577	587	0.15369458332889402
577	715	0.11774748295586811
577	759	0.11981601928201688
577	868	0.10166789243296993
578	648	0.10064812042797451
580	619	0.14373953925645938
580	714	0.14533100262995557
582	681	0.11565715067352816
582	702	0.10884791524187415
585	859	0.10310005328981725
587	703	0.10023038105099978
588	593	0.15399063626589024
588	768	0.1393774754313624
588	844	0.10289172341493483
591	595	0.3148207658088584
591	861	0.11530729230848726
592	595	0.10897635314451264
592	596	0.5235973644961135
593	595	0.25476538198111226
593	675	0.10340841120731971
593	682	0.11479929044398116
593	703	0.17303975768229904
593	739	0.103018029534974
594	726	0.14772082720326032
595	596	0.23427536199926513
595	624	0.10242349488318737
595	712	0.21609687251657644
595	861	0.10342793929136178
596	712	0.10248654200925444
596	822	0.10080588842603751
598	802	0.107428724653602
599	752	0.5936904321411123
599	776	0.2250548074055851
599	799	0.10621533536900052
599	837	0.2670740691672728
600	637	0.11107269329394354
600	695	0.11952667111442664
600	843	0.16621702162434757
601	604	0.37351141712235353
601	605	0.3867120403603109
601	646	0.14295541473189377
603	699	0.12480675284640763
605	723	0.12222965447804958
606	646	0.12821109864283528
606	659	0.12050825081775215
609	612	0.427507247463294
612	703	0.13658874473773436
613	645	0.10465456048717148
613	650	0.10662844242160537
614	623	0.11011011390278397
614	700	0.10188719483028133
614	840	0.11860006595113969
616	868	0.10117848856862469
617	647	0.1099079507100705
617	648	0.10164494864676328
617	655	0.1613622595729832
617	774	0.11869310127359603
618	673	0.11112191003198446
619	714	0.13095663649588019
621	648	0.11881370689025404
621	740	0.11694894476247648
621	851	0.1825425791024186
623	781	0.13043652072223622
624	739	0.10297438678341783
624	753	0.1326011694021744
625	746	0.10679006409819641
625	810	0.13628467493611574
626	631	0.19872466772818734
627	737	0.1184232211692234
628	652	0.11233656694045434
629	788	0.10084319780918233
630	675	0.12485621381803602
630	862	0.12329659436999893
632	634	0.2326688606422945
632	637	0.13307616828086555
633	649	0.12929412076665484
633	871	0.10301902570404559
635	673	0.11416281185929225
635	738	0.12447943367452108
635	865	0.1439457198222613
636	657	0.11778566251435932
636	695	0.1687653717793586
636	868	0.1374574913603803
638	761	0.10037427509325055
639	803	0.12011058748399983
641	643	0.18779977217853103
645	646	0.12018478380475867
645	847	0.21614285534836566
646	845	0.10563642036587685
646	847	0.49955714202801915
647	648	0.10954916764415347
647	696	0.12316337274749667
647	698	0.10433168081068399
647	732	0.1169916599875521
648	730	0.17617921005578327
649	725	0.10837785504468929
652	654	0.3675150400594429
652	655	0.3124904458812001
652	739	0.10204553323878031
652	847	0.10315861716507592
653	656	0.34697194686275556
657	736	0.14745480411775388
657	805	0.10268651074911482
658	767	0.1981058507538958
658	774	0.11664976796495978
659	774	0.13283050605148328
659	846	0.10067437007135893
660	713	0.13870721939551853
660	856	0.12020395825226365
660	862	0.1347391588346289
661	755	0.10652303322661935
663	797	0.15114470457472826
664	734	0.12437349919731912
665	710	0.10348430827404526
666	761	0.10382659927756327
667	788	0.17562846186247355
668	676	0.2074457263305871
670	672	0.10677532037745323
671	674	0.23613897097043168
671	679	0.2921172233224772
671	831	0.1085690315325923
671	856	0.13453708232441797
674	679	0.2161548398154507
674	759	0.12221811870584356
675	676	0.15720638945400658
675	677	0.17924194136176586
675	808	0.19860114972252985
675	813	0.10467578254910516
675	862	0.12729058979637914
676	677	0.20917452504739764
677	807	0.10583415757948052
677	808	0.11915958906701866
677	813	0.16699369096288097
677	816	0.11128056271690338
682	724	0.10368178187407576
683	685	0.1380343112221593
684	700	0.11134768975492833
687	794	0.10646580887385669
688	695	0.1603100167276977
692	693	0.40480728414086525
695	840	0.12221376168567365
698	732	0.15489839154179408
699	704	0.29030873632216153
699	706	0.13295339819322582
699	707	0.2772749809457628
699	763	0.15757190657510775
700	702	0.2304361617750424
700	757	0.14049991197424447
700	805	0.1291687117638833
701	851	0.13463706852008314
702	730	0.26629988544813127
703	709	0.30413358909619553
703	713	0.15484854247168459
703	739	0.12880051130171355
703	786	0.13830690526880962
703	862	0.12194597269970658
704	706	0.1051230354293918
704	709	0.14456900303559128
704	716	0.4196577787411865
704	717	0.15153363134952366
704	735	0.2524443862207844
705	708	0.48422861729669814
705	731	0.13272408851357562
706	709	0.4678342684506579
706	763	0.12241988519383418
707	720	0.534572488890892
707	727	0.1269149400336933
707	852	0.10445481566478097
708	778	0.16768988766871346
709	712	0.30861133025341675
709	713	0.18113625619775167
709	785	0.12172371329232214
710	711	0.12167610857049066
710	716	0.163596369585654
710	727	0.10549734527384769
711	713	0.11153731856874143
711	715	0.284487208220521
711	727	0.11890134710078011
711	797	0.10154148228700825
711	857	0.16293597579881636
712	739	0.1186579325674024
712	785	0.1134285022652327
712	869	0.11253969397183443
713	715	0.3675780934062388
713	797	0.11752453779544289
715	735	0.12648568629562426
715	788	0.11586763214804688
716	717	0.12752325035848916
716	720	0.2466003793394952
716	735	0.26388926270857554
717	724	0.2777375336119098
717	727	0.22384969512865294
719	785	0.10059889787324144
721	871	0.14165399574562354
722	723	0.32446573998531675
724	841	0.11934670434884724
726	855	0.11533509542243542
726	857	0.12865716230681148
726	869	0.10134520241708571
727	735	0.1413547007586426
728	731	0.10250612841491252
729	785	0.13740656033760798
733	770	0.10539228480555651
736	832	0.1361275006248754
737	800	0.11169659846407898
737	873	0.1120666774691708
739	780	0.11734890034296123
739	786	0.14779072375910413
750	753	0.14383552024515991
750	754	0.2265701209415528
750	776	0.13522340130064117
750	828	0.14023040689717736
750	864	0.22438574166638212
750	872	0.21023359408946776
752	828	0.15805967124390366
752	837	0.17072809367470432
752	842	0.16066861260848364
752	848	0.1333147524202067
752	864	0.10810633105223386
752	872	0.11912877669049313
754	777	0.10897007286220253
754	828	0.11113706046706709
754	866	0.14230936710214795
754	879	0.21886276341045013
756	861	0.17431996260762467
759	840	0.10473111458043954
761	772	0.34547968603611334
761	857	0.14132176111701653
766	824	0.12734802938070922
767	773	0.13650334578633905
771	840	0.10273672012264937
774	855	0.10239818533302075
776	778	0.2742439059204954
776	837	0.16262682751268298
778	830	0.17182899834727716
779	818	0.11757093890250286
780	799	0.13080092785336972
780	848	0.11188250993192808
780	864	0.10432087977839866
781	792	0.10231609406412048
782	787	0.20031888496417674
784	785	0.27743699406384753
785	794	0.17080083916881245
786	792	0.1726974605344566
786	797	0.15595929475778111
786	823	0.15233105482615453
787	793	0.13747662725855617
787	798	0.14222548229554433
788	792	0.1294254138835472
788	797	0.1224594569327525
788	822	0.10806229510382905
789	830	0.1129855437605988
789	866	0.15468396879714572
790	793	0.10877076746601307
790	795	0.17212807209292613
791	795	0.11314121388165023
792	824	0.12660907176325828
795	796	0.10832956762883857
795	858	0.10437171906161759
799	837	0.28414946383254736
799	848	0.3508423913126552
799	866	0.23706927415472887
799	872	0.11182935675874608
800	811	0.10775800918469917
801	804	0.1251042000623055
801	807	0.13341945752440523
801	815	0.13913566803276006
802	806	0.18605358748667655
804	807	0.14137536520259614
804	813	0.19461045281596637
804	815	0.11386325260983478
806	814	0.2786781274223268
807	808	0.2219643277076993
807	816	0.30663463812244235
810	825	0.2331442665490435
813	815	0.1932329556638208
813	816	0.27467533745731826
815	816	0.2883399769196001
818	828	0.21471063986286237
818	848	0.22027800568091452
818	864	0.45456801379325473
824	832	0.12640493125714763
828	837	0.12310074685095318
828	842	0.11915191334293387
828	848	0.14466759029008033
828	864	0.322153504375701
828	872	0.37434582359202795
828	879	0.11548731270443102
830	848	0.2303338759718439
833	834	0.2201813778268856
833	835	0.2303946184340886
833	836	0.1188142325034937
837	864	0.1869346362364582
837	879	0.15223185777715045
842	864	0.17128170096442302
842	872	0.29691032841172776
844	859	0.14315884123314235
845	847	0.348385732019498
848	866	0.13464135025684226
848	879	0.34547681412895126
849	853	0.1030761473432762
851	857	0.1742465468056405
851	860	0.13890253150656526
855	857	0.2323927721313967
855	862	0.12916357617274005
856	857	0.13784573538432907
857	862	0.22265818865898815
858	862	0.1198112664536193
864	872	0.19206164121445032
874	877	0.32222037274156207
