3	311	0.10933469726122885
5	562	0.13686655514024698
5	759	0.10020601528610909
8	299	0.10969559772612622
8	682	0.16701090745383065
10	625	0.15275888358313996
11	199	0.10026504952182311
11	430	0.1730672453096168
13	811	0.12089408029781085
14	701	0.12619903197151536
15	332	0.10859270674793249
17	710	0.11864754149857157
17	724	0.10465253974201918
18	858	0.10694621764532562
19	322	0.10359251578265626
19	560	0.11034242000652722
22	43	0.1933048765763078
24	137	0.1077524421861952
27	68	0.3680898314209513
27	71	0.17860581107383142
31	436	0.14591639169238083
31	499	0.36532368503510154
31	517	0.10495699068388936
31	837	0.1751549987660882
31	864	0.18653436911625293
31	866	0.12070148811566378
31	872	0.14577217966886727
32	418	0.10002624190484032
34	44	0.10382795162592451
37	778	0.10105535089434528
38	40	0.18122760913863084
38	356	0.10380368553412471
40	398	0.10689070483270734
43	48	0.15149366537297349
43	51	0.20574217273328307
43	845	0.11024045878161412
47	607	0.10679028398324153
48	51	0.10844995344844387
50	108	0.10892676303279517
50	419	0.1389934780236564
52	537	0.10265312799846565
53	454	0.11751870623547299
58	253	0.10276077037041494
58	342	0.11337915504670029
60	459	0.1342039439102099
64	65	0.1479734175048497
69	840	0.12863925870544957
70	463	0.10861579740743982
73	214	0.1081736067686821
74	772	0.19736487205640715
75	533	0.10090247264722137
76	182	0.11271825770260228
76	544	0.11123955028771236
78	144	0.10280162703996794
79	493	0.18406019992681488
81	130	0.12729253770915055
82	454	0.15583957427620973
82	457	0.12642541062545753
82	482	0.1634145530469653
82	490	0.2626962076897619
82	505	0.1280576355176422
86	459	0.13978535180630466
87	323	0.2192910258301949
89	325	0.1969424240215977
89	408	0.38193015612316555
89	427	0.13493389569046552
89	753	0.3285234689965136
90	324	0.10342179808280791
92	325	0.16223509404856146
92	423	0.2231983540477537
93	836	0.11334086968055333
94	411	0.1038901400065729
94	624	0.2318838282718114
94	755	0.25586447785941857
95	769	0.11046749885829626
96	109	0.10470313887551343
96	747	0.11338471377617514
97	234	0.10484781738385218
98	139	0.10250767646053183
98	766	0.21582085799109152
107	551	0.10335701171799576
108	766	0.1572207848487478
114	527	0.10645634198934245
114	547	0.13670626290046847
116	292	0.15986139559979246
120	158	0.17388395559416892
120	428	0.13219355337120933
128	668	0.1343640364806845
128	677	0.11159811891229811
132	244	0.15558821774740225
132	282	0.12047754372914292
134	635	0.291516083632045
136	737	0.10074172890062388
138	141	0.14576278403832385
138	282	0.10466265209129266
138	802	0.1352985230573761
140	142	0.18197642695299632
149	238	0.12370204209173066
149	733	0.1037584745445019
151	646	0.16966148822084504
153	208	0.11682096419957501
159	620	0.10194682295536425
166	864	0.11301325597873194
166	872	0.10961528165284132
172	174	0.11041673815730096
172	180	0.12040609285846728
174	232	0.1036209061630066
184	733	0.12969332073530662
188	779	0.11251385402023467
188	822	0.11238451935851354
189	208	0.1310285899871261
192	251	0.13862854879521558
195	206	0.1200394704533931
198	202	0.1043306850591624
198	207	0.14053665102549973
204	838	0.1202391710995555
205	528	0.11252752064217064
212	239	0.1420451019377883
213	507	0.13444385365442765
214	215	0.13632001060620325
215	452	0.10224931464320659
215	484	0.1523104613520727
216	246	0.12817133630197294
216	494	0.20413478967929458
217	736	0.10111668560234177
227	233	0.10119853669559536
229	392	0.10347154643013991
235	804	0.10490893621504754
237	834	0.10215144524431323
237	836	0.1552541274035796
238	474	0.10091664654592253
240	243	0.15164571151443176
244	246	0.12000104770585045
244	492	0.2757071791145082
245	633	0.12751400224840176
246	492	0.1269033881430634
246	494	0.10904709642422791
257	258	0.11239549807400047
264	579	0.10506715169109032
265	651	0.14092195479303804
274	473	0.10504494774476696
275	738	0.11980049416948577
278	557	0.10733321393355319
280	310	0.12980950799540383
281	286	0.1675518507696818
281	562	0.10576333245884575
288	298	0.13739283780654668
288	384	0.15953507226205954
292	312	0.14071933281128404
292	822	0.13410737345332502
294	299	0.11305727324268759
296	305	0.1496403172777021
298	540	0.10570813414188097
300	305	0.10281493885436856
303	845	0.1375213951473387
306	588	0.10325407089997063
315	437	0.1069563771097963
318	739	0.10227184046888475
321	494	0.1346568462850598
322	770	0.11831963735297646
325	427	0.12270337617944975
325	751	0.13938298480153144
328	668	0.15607609389873364
328	675	0.13923159439627283
328	676	0.10696304641284649
329	365	0.13617574222676956
329	653	0.10537170208577851
331	841	0.1255560771634086
351	472	0.12369178701875881
353	747	0.11582903132083432
356	358	0.14292233236440108
356	866	0.1021816923933447
357	361	0.14022081715302476
359	361	0.1178814735539298
361	362	0.11960961119459206
365	371	0.23993767820596495
366	380	0.1193700970875908
369	373	0.13315753341236464
370	375	0.1435229240342426
370	455	0.1580482643562895
370	654	0.10685043256516762
371	656	0.17935136379193845
374	548	0.10918835270749921
374	550	0.10204427364962991
374	764	0.1259043649448655
375	451	0.1295739320085883
375	654	0.16057210120318371
376	549	0.15089063599378746
378	436	0.17592241693363878
378	837	0.12418929043084496
386	514	0.18422211020080792
388	635	0.12523553950591304
390	621	0.1209361478863272
391	396	0.15654341036276245
393	692	0.10993806944638009
394	396	0.13069671691323803
398	822	0.1414446960333567
404	495	0.10865629773992623
406	487	0.10817293480664235
406	506	0.12712350933332178
408	423	0.22803487297691552
408	427	0.3412116737362419
408	753	0.24551636932394902
409	746	0.10134256588040289
411	427	0.12060560176473967
411	753	0.1460465442725924
411	755	0.21627067455930168
412	641	0.10880052522280304
416	429	0.10134587001445004
419	429	0.20157136000397596
419	573	0.16285875009263714
420	646	0.11233244450054952
420	863	0.10954669589905477
424	630	0.20135281090710438
425	642	0.1703881184901751
427	751	0.27729063305021767
427	753	0.18372377395056985
427	755	0.11300348004249015
429	573	0.15469244533975518
430	822	0.10033077309940908
431	539	0.13974193139396257
433	441	0.1509138062050043
433	701	0.14973567812726196
434	444	0.1527530363976876
434	698	0.20651871091508817
436	830	0.2017682228703648
437	715	0.11626901784932261
439	447	0.11496193812543744
439	701	0.14255723272876122
445	701	0.10875513544782106
450	455	0.13360252381962845
450	654	0.1375706749251997
450	656	0.14836813580784206
454	482	0.254344703828736
454	487	0.1318870297788743
454	505	0.10724973992962689
455	653	0.13451211846057592
455	654	0.11792149766895609
455	656	0.16559567102637404
457	498	0.10440505243787204
457	500	0.1558276501663331
458	594	0.13551977854329778
460	833	0.18299649105722535
460	835	0.16898908731700807
470	474	0.12470506367024596
470	495	0.10861674189476657
474	721	0.11853720880231754
476	480	0.1618107721121589
481	742	0.10398090673197913
483	484	0.14052628738477893
483	486	0.12372333709968006
483	511	0.18550248344961065
483	776	0.10033430200075845
485	672	0.10784460563308473
486	489	0.1280748274304502
486	606	0.10317294794608946
486	678	0.10266082364682226
487	498	0.1728296237707386
487	500	0.37382116889166683
487	501	0.1087098810137149
487	506	0.10907378352620008
488	501	0.11810433764151866
493	539	0.13215358611728595
493	633	0.12242567013493613
498	683	0.11132671172828768
499	522	0.11102336364543645
499	828	0.10225851547866287
499	837	0.11126528697917078
501	506	0.2081243119455643
513	557	0.11238227422920971
519	756	0.20762654696704141
522	848	0.22312398657615184
528	653	0.10932428058733347
530	535	0.12266082739507413
537	644	0.14177336879830377
537	651	0.1358916682470105
540	736	0.12664540328946533
540	844	0.10783618916024454
548	680	0.11509143381318394
563	570	0.18929083519470472
564	677	0.11283875795712217
565	574	0.10129422561257695
569	575	0.2796295548149502
569	579	0.195564343675673
570	577	0.15881647619865555
575	579	0.11805133423499048
582	759	0.1251811020197651
588	592	0.10036996755461342
588	635	0.13532730173025168
591	595	0.2514288768447495
592	593	0.10664709481539646
594	821	0.10361124721167442
599	818	0.11161382049456206
599	828	0.1038822925044216
604	605	0.1531741505974045
617	696	0.19512245806268366
624	753	0.15267594340668691
624	755	0.11258676599684504
626	629	0.12137399804248294
628	652	0.11416377612790743
652	739	0.11488045469260685
653	654	0.16817461234967487
653	655	0.18485832872654367
653	656	0.10048883009097528
654	655	0.1332649905504873
654	656	0.17603070070200194
659	848	0.10345042062879051
668	676	0.13546348273392958
668	677	0.13754007773462743
669	682	0.1398210290827165
672	678	0.15673165866514796
675	807	0.10781708017901757
676	804	0.14785598838023686
679	729	0.10437954359348249
699	720	0.12922066646217756
699	727	0.1349175311825358
700	708	0.131610388108274
705	708	0.10254217100382013
706	709	0.17591577992956944
707	720	0.16540505003887152
710	717	0.10301932712040317
710	724	0.11566412781191954
712	715	0.11734454207907967
716	717	0.18511313014889705
716	724	0.13132012474346863
717	735	0.10341108732330419
739	779	0.10600263491090829
741	858	0.10076770845559493
750	754	0.13149031222124116
750	776	0.13448932561464605
750	866	0.11584100951009917
751	755	0.15628624632905674
752	754	0.150035008443162
756	861	0.11617641201450532
760	771	0.1315846636508697
762	772	0.11881272196251666
774	876	0.1068442171244627
776	778	0.19594228982276932
776	872	0.13941105496372402
778	818	0.10579865990460283
778	828	0.11113170717224408
778	842	0.12173442320873062
779	780	0.31045548915314086
799	818	0.16616129061019236
799	837	0.11056102332362289
799	866	0.2485534350618689
799	872	0.12157617631667642
799	879	0.3160455630840151
801	804	0.21190016482420457
801	808	0.13554468782275703
802	814	0.12658279751256027
808	816	0.3823268194048875
813	815	0.1707874721341767
813	816	0.2165275966932406
815	816	0.2772272454417264
818	828	0.2284300449429515
818	842	0.1161798391897479
818	866	0.1034832718657242
828	842	0.16300401915115936
830	842	0.34603574418117633
830	872	0.20194972504456993
835	836	0.12867394874362895
837	848	0.1338554694349755
842	866	0.16594927364566395
842	872	0.12167062353293427
848	872	0.1560723717935295
848	879	0.18215952187484202
856	857	0.16473507157338144
856	862	0.249028724971751
857	862	0.2312001656007517
864	872	0.17145876201281948
864	879	0.12135975566340765
