2	452	0.14416172018330595
3	640	0.17357027743307352
11	822	0.11854725657921654
17	55	0.10649534379771411
21	825	0.10718078053182957
23	477	0.11176272101706028
26	27	0.12886436732277454
27	71	0.13458730067183572
31	378	0.12604696968940013
31	522	0.1628021105919626
31	818	0.13767273307120304
31	830	0.10852088655704346
32	551	0.11913937378347363
38	39	0.10922236570164803
39	40	0.17931171160946352
44	400	0.15034710522439937
50	429	0.1149296300177293
56	550	0.1502802737487557
57	752	0.10241294339037096
63	65	0.10075035913016335
64	67	0.20039393825373467
65	66	0.17755860659864778
70	430	0.1303744316663994
72	840	0.10740364747012406
74	170	0.13238582154836215
79	245	0.11438636542691259
79	633	0.10437929291959311
82	406	0.14323372462232162
82	457	0.237387059732781
82	482	0.130138795551369
82	498	0.1269446684991598
86	841	0.14312147528304037
88	874	0.10668812651635141
89	624	0.11589130506987973
92	423	0.2684186822058701
92	624	0.20101391778188174
92	751	0.12804135949000206
92	753	0.1721495856244485
94	753	0.17592459240638506
95	327	0.11395463853997477
98	139	0.1257010133206809
108	766	0.17340348252923382
114	544	0.11975136515742495
114	764	0.13978831289472282
120	158	0.24759793012128553
126	801	0.12384347610045428
135	743	0.10083168442626884
162	163	0.12213737428725184
164	805	0.11136358332937814
172	174	0.11300895958182373
180	183	0.2309863295609248
194	722	0.10581338838914017
196	203	0.2162830610115404
205	458	0.11307626867992622
244	246	0.13345409799774874
244	492	0.10569681622525195
247	737	0.10242960485402175
249	253	0.11551495230174791
271	274	0.18082006459271355
278	507	0.13676884566346273
280	296	0.1060672481935757
291	295	0.1083086284588736
293	294	0.13133838296729533
294	612	0.10113706830242421
325	624	0.12971745045751848
325	753	0.2256746869595431
339	803	0.13098967324893473
348	506	0.10542781081461748
348	717	0.11264081652304184
354	595	0.14459629516919184
356	358	0.1101363712783561
356	360	0.10024977000722012
357	361	0.19441950401122846
365	451	0.12387080620965946
367	421	0.23838726475739644
373	380	0.11421332857704163
375	450	0.11540073889236747
378	842	0.12184495272258349
378	864	0.13612632667815178
388	635	0.13989959876402216
394	396	0.10800729856010849
402	812	0.11356858748860557
406	501	0.17144558769380586
407	417	0.1320601645137976
407	824	0.10109807690546944
417	823	0.10132972865424271
419	573	0.17642701901109642
423	751	0.13157983802252868
425	640	0.10211556613387313
428	519	0.21926449758884103
431	493	0.1492528415273609
431	537	0.10321250008855175
431	651	0.13748663137759087
436	830	0.15743999226764185
437	712	0.11860929648408373
439	445	0.1293602919949388
441	711	0.11975645749971585
446	700	0.18098659384331423
450	451	0.18106691584650444
450	453	0.10521929462483062
451	453	0.23651697006399777
453	654	0.10772070120504597
454	487	0.2736832361130482
454	488	0.1672133765195138
454	490	0.13097550819025514
454	500	0.1338570428382476
461	836	0.12734786989988148
462	463	0.12293130200781831
478	687	0.10178634864589962
482	487	0.18727943207706504
483	491	0.2649489926037281
484	869	0.14746192986741247
489	869	0.1746453277057194
499	818	0.12512323427552977
499	866	0.14309135578362245
499	872	0.14029339327027487
501	505	0.1625549361681863
522	842	0.14971147333168977
539	616	0.10677146320737076
552	799	0.10617280075997115
573	823	0.16827185800304398
573	824	0.14525041584091147
576	577	0.12206948058937246
591	595	0.13797266723323587
593	596	0.12405812165662951
599	754	0.12249166614605822
599	872	0.10732852971347225
600	644	0.19706065291196337
601	605	0.2203252623947897
609	612	0.2620117846988682
633	651	0.1427210883791368
638	811	0.1419664329117874
653	654	0.1220067782534856
675	676	0.16973879730719948
676	677	0.11465639617213012
699	735	0.19051862635569658
702	731	0.2230866907408944
703	706	0.1065513525967354
703	712	0.2080726102819714
704	707	0.10424178479788217
704	710	0.1547746115923382
707	717	0.1156415785449481
707	727	0.1587842178269768
709	712	0.11037935957736074
713	715	0.1054562167339906
716	763	0.1229160385302256
717	724	0.1608812510406622
722	726	0.18453090240144765
727	735	0.24514655522649997
730	731	0.20171034247554748
752	848	0.14507611934014877
761	762	0.1924820723163362
788	797	0.2366461149016727
792	797	0.12080458687923872
799	872	0.142800780831118
799	879	0.1266439393265493
801	804	0.11309497681291168
801	807	0.12771540326690764
801	808	0.13637409927574867
801	813	0.10493500747840635
802	814	0.1341781845765521
804	813	0.15408603412010918
808	815	0.11043895151239293
808	816	0.1026749188122818
810	825	0.14179299990240551
818	866	0.1019734299346866
828	830	0.28534268695422976
830	864	0.19509694021729693
841	868	0.10054228131555
842	879	0.18499417607886026
851	862	0.11454936119334586
855	856	0.11940449082136405
860	862	0.11429017708870892
872	879	0.11881730592486746
