3	642	0.12902780328339475
10	625	0.11849379422391872
11	523	0.11554903175938556
11	822	0.2465303929653631
23	24	0.10668779415399918
30	551	0.11392687013075345
31	436	0.1388257530176319
31	522	0.18996251135015918
31	879	0.1631021153392772
32	551	0.12044836765962909
36	53	0.10720523133436471
39	40	0.10680048109818487
39	363	0.12570556019880647
50	573	0.10900235183517865
63	67	0.1521524622032496
65	66	0.23313977258326238
66	67	0.18052563128989252
70	452	0.17312905362418413
73	822	0.1880259651793974
84	692	0.10457369979933348
85	692	0.119716274600076
89	427	0.10396100832214249
89	751	0.178928196544993
94	408	0.154805332222084
94	427	0.17908565334520618
98	105	0.12134836961617748
98	139	0.15386553645533652
102	139	0.25696470913536984
120	158	0.18076625786992165
123	252	0.14890559102709833
128	676	0.11317179603002987
140	743	0.11161559035175943
172	179	0.1006008139000745
174	176	0.18961526978478613
174	179	0.18066058543091607
177	274	0.1035769221737504
188	196	0.15519093218755414
196	199	0.1459919329289409
196	203	0.10670491111085466
200	680	0.14502356396078592
200	851	0.10074004638005726
201	206	0.13543136597106448
210	870	0.11726435614888069
214	489	0.11220202871968456
218	233	0.12127735019675999
232	722	0.10157693366951771
237	460	0.1968077552331527
239	536	0.12185562007699417
245	265	0.10782707211736813
245	537	0.3381520023389184
246	494	0.12229852289382132
249	251	0.15103215733175457
257	258	0.24537248391894084
278	510	0.12787606228873988
285	650	0.10537870625974813
285	798	0.11650890981726443
288	299	0.1432694758141941
291	630	0.10624602690889033
296	826	0.15640088159531768
325	408	0.1855489762589246
327	817	0.23199843228903574
328	330	0.20131197288598426
330	801	0.10241843178065721
356	360	0.15073978411030955
356	555	0.10740178900337621
360	363	0.14469246942691433
361	362	0.22626618204780774
362	802	0.10694902017916767
362	806	0.1342353841699957
363	555	0.10767446823341825
370	371	0.17420528056717816
370	654	0.14761415858807697
371	375	0.14336113713064538
371	652	0.10299624739222316
375	450	0.13409734208392146
375	453	0.10688464731515926
378	818	0.10747958201202765
394	396	0.10053327344408791
406	505	0.12032262695757484
407	417	0.14467987363459228
407	823	0.12717792333058506
408	423	0.14087535635961718
408	755	0.1534526134254569
411	624	0.2650337399270493
411	753	0.11479311520333803
414	520	0.1310680192710247
415	612	0.10403182494912772
416	824	0.14962966823158685
419	429	0.10079240774965333
428	756	0.10650064542961254
429	824	0.12391148238371315
430	523	0.11011676711125215
431	537	0.10086562811876816
431	616	0.10274602311572247
436	499	0.10929385532072165
436	837	0.21624109112706114
436	848	0.17975489491456004
436	879	0.11778932674627485
437	441	0.29863057920823005
438	443	0.1389486160611595
446	730	0.10739083843466922
447	701	0.1955785436023186
450	453	0.24952611709259143
450	654	0.11449095494862872
453	653	0.11380641840382129
457	488	0.111609922609298
461	834	0.10992503949779034
482	490	0.10465319592797721
484	489	0.16043963409497436
489	869	0.17005733758075886
490	500	0.2078894606186907
491	869	0.1911649595833282
499	837	0.10218000294165763
507	632	0.10221839207517441
519	756	0.144297444800514
522	872	0.1318446921908532
531	534	0.17651158750120174
537	616	0.11409119305534549
537	651	0.12646273400539423
540	657	0.11952493230889324
543	547	0.1131958290149998
544	547	0.14669441709721542
544	550	0.12700916804276707
547	550	0.13468863979469758
550	764	0.10851110566107222
552	754	0.18446496306346044
556	761	0.12435128396711771
569	579	0.1325409038685274
571	604	0.13367729042821477
576	580	0.21396411091745235
595	596	0.11540210839710502
616	633	0.12667992339676024
616	651	0.15949570731960783
645	844	0.21953177550205477
653	655	0.13308676986619764
654	656	0.2293696848289728
668	677	0.21764818699192218
672	678	0.11777296676888543
675	676	0.1291746608640835
699	716	0.17336353521919975
700	705	0.16800222104866908
703	711	0.12343701844015895
703	712	0.12707938214177528
704	724	0.14687853891036304
706	713	0.11889747079536936
713	715	0.15753534447158718
717	724	0.22970167897194343
720	727	0.19106080849426985
727	735	0.15456987660439728
750	776	0.2157074108483192
750	830	0.11536458667473538
753	755	0.23532375838115765
767	771	0.11668035732093575
782	793	0.2216429061913321
786	792	0.11143238653755576
793	798	0.14995639870084584
799	818	0.14267566281688096
799	828	0.12517660564422572
799	842	0.14257421309969628
799	848	0.19464047571012585
799	872	0.1501641171785312
800	814	0.10282808734822556
801	804	0.11201291821276768
801	813	0.11053490898596029
804	813	0.18387247594127562
804	816	0.11707771686489284
807	815	0.10546006811462397
808	813	0.13049079492596843
813	816	0.11288641192339545
818	830	0.11907039498218201
818	848	0.17904741144085576
818	872	0.13091719400926646
823	824	0.14808574423395462
828	864	0.13314820002229244
828	866	0.1275975324141398
830	837	0.1280591279291352
830	848	0.16432142458592586
833	836	0.1991099080171435
837	848	0.12560681378655422
837	879	0.22505273548762594
842	866	0.14389364294296556
851	856	0.13349981465077732
856	857	0.12976139118834967
864	872	0.1214279540266403
