2	452	0.14079582530055174
3	54	0.2535969672555983
3	642	0.10363875530324464
4	89	0.10579102528454136
4	751	0.10729667586134316
11	73	0.22049333834060678
11	822	0.1038268180695798
25	71	0.1039967039964679
26	68	0.14161445232729555
28	159	0.15056082105684837
30	551	0.112494612347249
31	378	0.12898767357400048
31	830	0.2021337183888219
31	842	0.1283922123003548
38	39	0.2760893057171389
41	399	0.21259868044371913
47	766	0.12838814143248004
48	51	0.1189540501519814
50	114	0.1194788086846548
50	407	0.15094858691755897
50	419	0.10978797103162677
53	424	0.1557809185189755
63	64	0.12504064145107488
64	65	0.15735307412886124
68	635	0.1041353438866531
69	72	0.17098054839280066
70	73	0.11536304114821903
73	398	0.15127732025669405
73	523	0.10727688514279826
76	263	0.1007874069995932
77	291	0.10048034204300205
79	493	0.18191998775710416
81	130	0.13013530051974082
82	457	0.10324655290371772
82	482	0.2104720879591392
82	487	0.11993751972185902
82	488	0.11479458058021871
86	322	0.13731781094778067
86	831	0.10138925643708363
89	423	0.14640432240220141
89	751	0.10575751659024192
89	755	0.22748738183868078
92	408	0.12438566055926337
92	427	0.12301654314136685
92	624	0.13126113558049313
94	411	0.19448387082388308
94	427	0.2115414462785383
95	163	0.11433382491526936
95	301	0.10949536900610932
105	764	0.10741876715564591
108	766	0.17048054560076395
111	836	0.11148958340082152
116	292	0.14091335932719093
120	158	0.1552339105981326
124	551	0.10565644862613092
126	816	0.10331202503545811
127	128	0.18471266817620752
128	816	0.12524312914177446
133	216	0.10552930863390113
134	388	0.33420494276515755
138	141	0.19288671005709992
140	142	0.13837532496239466
149	184	0.10205837570236644
149	198	0.11667195600260447
151	375	0.10017544214208696
166	830	0.10793375103662121
171	174	0.10547495809809722
177	178	0.18989353518291055
187	207	0.11233772395914204
188	196	0.12255914497860898
200	204	0.12316850432103729
201	859	0.10873677217245081
210	515	0.10556272717005521
210	870	0.11362322262929969
211	213	0.10661834557440177
212	239	0.10249205408979588
214	491	0.1095517000713037
229	777	0.11119230488405246
234	466	0.11820817477652105
236	831	0.33213864636123125
244	648	0.10440810961183963
245	651	0.16753296377328467
246	321	0.13382102552900188
257	836	0.11342289673780317
265	616	0.15538074455701406
266	283	0.1386237660675337
269	273	0.15796027370201837
270	273	0.1255392711842123
280	300	0.19705332601106443
280	310	0.11296328567359767
281	313	0.10034261295381992
287	612	0.10774359123049009
288	298	0.12635115515476608
288	384	0.15224488026134989
291	295	0.14793148944001763
299	309	0.11054041512188423
300	310	0.10695594048518751
300	826	0.12611913391318516
303	646	0.11455958652207993
306	438	0.18549281249338057
306	443	0.10523470832961507
320	352	0.10934084462070148
325	408	0.11882471586005357
325	427	0.17827360393341457
329	371	0.10149803585186501
329	375	0.13085921086869765
329	654	0.11032617185387533
332	755	0.10965979153170564
347	498	0.12387208129852895
354	595	0.15521733454331482
357	359	0.16899951723693002
359	362	0.1537732392032564
360	363	0.11756621114020856
365	455	0.1008343812637092
370	371	0.1323115690304278
370	653	0.12879009699451838
371	455	0.17014342177977196
374	376	0.2557925937603225
374	549	0.10223661661828243
375	453	0.11249777803237057
375	653	0.11593411354527673
375	654	0.10795174508712925
375	655	0.12265274141844984
375	656	0.14750238860768658
378	778	0.11363459954446734
378	799	0.17610287858183235
378	828	0.14250299373949815
378	848	0.12398503754413508
380	473	0.11766136302964376
388	635	0.1274517740215309
393	542	0.2131889473630527
406	490	0.10713648373028442
407	416	0.10287620623716101
408	624	0.28881664185872774
408	753	0.19398303244808968
411	751	0.2173495989914483
416	419	0.15865137249566597
422	426	0.11871912481519267
425	640	0.14647866428194345
425	642	0.1592590347712427
427	624	0.20477984034104837
428	756	0.21388508979123289
429	823	0.10991102014003082
431	539	0.12539898925973356
431	633	0.1278691663359727
434	710	0.12925676477000925
439	445	0.14176456360183137
439	711	0.11974656941663238
439	715	0.10445192839006452
440	679	0.10945336077050921
441	713	0.11448474325191632
450	654	0.10687857892187028
450	655	0.1007142041606844
450	863	0.10186732784938848
451	654	0.1505079565117787
452	822	0.1266779354267849
454	487	0.2111559721266284
455	654	0.10739627289708291
457	487	0.1501733867896643
457	488	0.10683934268397069
461	834	0.13574352576759974
465	503	0.12316165129802772
468	643	0.10939021553628707
470	481	0.1040874097933533
481	721	0.11163484149691136
482	488	0.1575831709656354
482	500	0.148238263941034
484	491	0.2004659406495106
485	491	0.1257086864202501
487	490	0.10753630848760207
491	812	0.10088764096242207
493	616	0.12363474134943803
498	500	0.12690913168036347
499	522	0.19266451426211245
499	799	0.2314210707778701
499	848	0.2228476924187062
499	879	0.1717750501407446
501	505	0.10105453322636035
503	660	0.11580246028278375
522	799	0.16035081099127785
522	866	0.1627951071008312
522	872	0.19518998477143237
522	879	0.11037517278248497
527	548	0.11519806325279852
528	653	0.11752713271658558
531	534	0.14898312508768347
537	633	0.11418604123354292
539	633	0.2361396506789132
539	651	0.13666969074637267
543	544	0.16645075913448626
543	548	0.10194237026338206
550	764	0.12330865457593054
552	754	0.14972704453331354
552	778	0.2249439972080786
566	574	0.10220789780330516
569	574	0.12913099538875522
569	579	0.11854606976518896
574	575	0.11051592457563332
576	580	0.182998908733842
576	587	0.16588735507853794
577	587	0.16910386692903398
591	596	0.10703982565897482
598	859	0.10111861695253954
599	750	0.19579177683738755
599	879	0.1243662082238152
600	644	0.1732856209797229
600	843	0.10070563922775132
601	605	0.14002372747992436
609	612	0.21383340552507146
624	755	0.13912332597951763
626	629	0.1920563537974182
645	859	0.10874365785565598
650	666	0.10909192118334006
652	653	0.4642837039613341
653	656	0.1416015414079986
655	656	0.33830256316951757
656	779	0.10383114361129898
668	675	0.24675590432337213
669	682	0.17719486209237678
675	677	0.194042697012066
691	694	0.10499352831700134
699	716	0.17352549655301006
699	735	0.14341571741999506
702	730	0.11207182984370483
704	717	0.16892218432228287
705	708	0.1456394147983361
706	711	0.10101554370557062
706	715	0.1429420057361553
707	716	0.10474038795395745
712	784	0.10069746882412989
716	717	0.16811812742586688
716	720	0.1639260111673739
720	735	0.1666466141429042
721	841	0.12331218746631394
724	735	0.1265588585391212
730	731	0.20658811977561584
734	838	0.10004185556461051
747	843	0.10062534420050366
752	776	0.1851851677821815
754	776	0.18874281989202452
758	781	0.22362037511620936
760	768	0.13251777616055474
760	771	0.20047571067031614
768	774	0.18629261063070585
774	846	0.10041710913463565
779	837	0.10809701115413865
784	794	0.28858316794405975
786	794	0.1335541701951879
799	828	0.1770515942911962
799	848	0.1837707046728046
799	872	0.3483560313373199
801	807	0.24109077666694073
801	813	0.14095513229545445
804	813	0.1687714277357007
804	815	0.12105404515869267
807	808	0.3096552757812549
807	813	0.20699699811906064
808	815	0.10314653127910758
813	816	0.21992972171467895
818	830	0.19755265767339136
818	842	0.12242033711589824
818	866	0.12688434731551604
823	824	0.13317647866645993
828	842	0.11783374876920902
828	864	0.18203857648284977
828	872	0.18343079012022454
830	842	0.15477876818182756
833	834	0.14250616642011768
833	836	0.2378058156291965
834	836	0.14652710916987577
842	872	0.1435358921335939
855	857	0.25237160040589174
857	862	0.11655738474103329
858	860	0.16326435325439975
864	872	0.12949873554758656
866	872	0.23183362154770035
