0	4	0.18727946002819884
0	149	0.11104693020771145
0	185	0.10819916809931932
0	516	0.10966561499495604
1	467	0.14671948312306982
2	430	0.10185938000041242
2	452	0.10371764250764413
3	425	0.2080277442531824
4	465	0.12933778747927865
4	552	0.1063212193071636
4	755	0.1290349290155794
5	78	0.1573592152906701
5	588	0.1310031099459339
8	683	0.16274403363914403
11	188	0.12540062851398728
11	199	0.10996960454366066
11	203	0.10582629403267349
11	452	0.10348728394850537
11	715	0.10191528931660299
13	302	0.10983442371937492
14	20	0.1224907240938011
16	173	0.12422594998791005
16	716	0.10724626155490377
17	269	0.1132174450398786
17	454	0.10324740269592765
17	735	0.10056168406048996
18	73	0.11914497541034741
18	119	0.12564075148068657
18	491	0.10592207328547514
18	722	0.1075379105428943
18	766	0.11570959535579144
18	855	0.1596286694581308
18	856	0.23715744299202074
19	851	0.17114627145617362
22	650	0.11019113101169882
23	479	0.20973608914020364
23	647	0.10296227731031776
23	685	0.11042812740291533
23	812	0.1006285303682759
24	268	0.12691430303044313
25	68	0.11992715485591852
25	520	0.12699824022474918
26	387	0.17603451195985304
28	187	0.14297723228337392
29	178	0.11921262353852353
29	551	0.1073765549514029
30	489	0.10992637930118497
31	153	0.11610903638249213
31	166	0.13121501447884745
31	436	0.13888621469411386
31	750	0.1181339197748839
31	776	0.13047535537796118
32	49	0.101969362586335
32	554	0.1049672899601609
32	767	0.10993545471262015
32	856	0.11019181298760924
32	857	0.11511172530113109
33	38	0.10989665675419229
35	493	0.10518752657485847
37	38	0.14244172351370213
37	39	0.40288572731653194
37	754	0.11177558041309606
37	799	0.12087441832612784
38	39	0.2510765356500146
38	750	0.10029692222646046
38	752	0.10990536725430218
39	40	0.19957227764056001
40	776	0.10090661156130872
41	399	0.24329147093861625
42	520	0.15202864008757735
43	646	0.11155104694983002
46	98	0.10351944661227908
46	617	0.1036502872094674
47	98	0.1438246875083998
50	419	0.12634051960866888
50	823	0.16220895293692983
50	824	0.28126927869345725
52	79	0.13237898083991514
53	194	0.11271536767822658
53	357	0.11165775645141068
53	503	0.10935030407538757
54	558	0.10346619173866992
54	640	0.26837032044459935
54	740	0.10895331405665351
55	498	0.14113710877076738
56	263	0.11903621061446845
56	544	0.14587424547575542
58	253	0.12460630790971307
61	515	0.10489318419557236
63	65	0.15799652804296113
64	65	0.1039712849144889
64	67	0.44148934327596295
68	382	0.10240759155947786
68	388	0.1322567423927213
68	439	0.11620049883047602
68	712	0.15716996999498892
70	73	0.18809431409580327
70	196	0.11628835985302649
70	430	0.23492560124826425
70	452	0.382298563284857
73	430	0.17693570844129497
73	452	0.3158975980452297
73	462	0.14383516482525455
73	576	0.1502744201283407
73	706	0.13299259250098325
73	792	0.10587948702048035
74	662	0.10749253237337071
75	697	0.14782258646290958
76	680	0.10549708118416426
77	88	0.11560653517226221
77	874	0.1352728062456109
79	431	0.1284149493827792
81	618	0.4474661529021605
81	621	0.10225149334529479
82	457	0.10459959303114842
82	488	0.14675004461278798
83	760	0.10731042403241432
83	787	0.1327114740773397
84	692	0.1456495119793556
85	780	0.11478732783468715
86	272	0.10744978204961964
86	404	0.19114547097087953
86	475	0.10253538681930333
86	721	0.1666095574917359
86	868	0.11146730736030444
87	742	0.13853351998688992
88	874	0.10201349851022141
89	94	0.1038397254565596
89	325	0.1398379606336278
89	624	0.1905460319364474
90	186	0.10581178786740136
90	324	0.1706960471909368
91	664	0.12162207363122313
91	770	0.22116199359307517
92	408	0.1571515148700427
92	624	0.22122155064315202
92	753	0.23861981247418354
92	754	0.11034854522446094
93	733	0.12767134860849177
93	738	0.1445975154596251
94	423	0.17250722654120917
94	751	0.14801994204939184
95	327	0.1277301156677038
97	574	0.10031445955234698
98	108	0.15950249712618347
98	766	0.10576687925044574
100	265	0.10045468172437065
100	793	0.12029793790029186
102	766	0.1401320773854
103	530	0.12072521897708939
104	262	0.10412955172136017
105	108	0.2555567938050024
106	115	0.1226149904500678
106	681	0.11091350727554507
108	114	0.11910773794549698
108	139	0.18379359264993939
108	855	0.13558061092024523
111	237	0.11092288754614307
111	258	0.1121702694503123
111	586	0.10682401676487295
111	836	0.14804158460502334
113	491	0.10177371493490608
113	570	0.1059297129191022
114	204	0.10461955248448938
114	369	0.10347507199652023
114	550	0.15119133028951368
114	764	0.2357498762370292
116	422	0.13223620030478786
116	703	0.1107944652143243
118	158	0.1750307642644979
120	158	0.25254627102476607
120	752	0.10534425601230903
124	356	0.10514325118873459
125	513	0.10202460439775436
125	746	0.11704760181526493
126	328	0.1682905613286715
126	330	0.17630259877757984
126	677	0.15897831996803855
127	330	0.10784973060967595
127	808	0.12476325680776092
128	328	0.12501686431636877
128	668	0.14008117615856416
128	675	0.12159081898672135
128	813	0.1040407346116501
128	815	0.13321054526646686
130	326	0.11964425025262673
130	618	0.15828735199591695
131	495	0.11407374983404123
131	839	0.11055576964992483
132	244	0.12349106704492836
132	361	0.11113855642368231
132	390	0.10289701759886988
132	560	0.11094450119005539
133	216	0.10883397447198931
133	234	0.12629758630622354
133	357	0.16000220425930076
133	362	0.1487672617079872
134	302	0.12499569253517233
135	140	0.14985995976722788
135	184	0.10937272101083813
135	516	0.1596518954807398
135	759	0.11483928143967902
136	137	0.1113573334263114
136	694	0.1075407566690193
136	732	0.11991682281104117
137	252	0.1277096430615477
137	331	0.11085878576211519
138	141	0.16776612307077043
138	282	0.10110163856530895
141	184	0.12636093614594238
141	666	0.13486820028436303
141	806	0.12848047516602265
143	337	0.10140422724132929
144	184	0.11337640945833267
144	385	0.10085475075708991
144	640	0.11296611153119487
144	760	0.10957762584343493
145	733	0.10109786590968182
145	764	0.11864233249112786
149	176	0.13247374289066574
149	212	0.15373613625797813
149	279	0.10303044527893508
149	760	0.12756271995319998
149	768	0.10061619598103082
151	453	0.10437028182899831
151	455	0.13292613048956653
152	681	0.11288196019968381
152	809	0.11751303018177911
153	599	0.10142077703067251
153	662	0.11033970178698876
155	605	0.11878051510531591
155	606	0.11943551544252448
156	873	0.10187022701763382
157	424	0.13659379662243185
158	629	0.1163390887552388
159	520	0.10373930288860435
162	163	0.12646836569710218
162	345	0.13149493474946525
162	644	0.10522125382405037
163	639	0.10222599341956862
164	288	0.2250698765755582
166	828	0.12228877212604673
170	269	0.12248865174917595
170	309	0.12159502840645471
170	762	0.11183194913469242
171	174	0.36531420938185083
171	183	0.30870620885609285
171	395	0.12479157652287784
171	512	0.10750178482277212
172	232	0.14172408385259347
172	458	0.10927560106773937
172	486	0.11363626849763184
174	183	0.2678008848367535
174	513	0.13741073019608815
177	271	0.13314266048108328
178	373	0.10164647537372491
178	376	0.11729426877339824
178	544	0.11133975278479849
178	547	0.11605362755783072
178	846	0.12528504501705617
179	485	0.1387982209845963
179	590	0.11034814513882228
179	820	0.11746065984995209
180	183	0.30588055280147675
181	613	0.10136452975069918
182	274	0.10904692756339598
182	549	0.10967192603408893
183	192	0.10580811299845462
183	722	0.114490072284336
184	239	0.11311486654390429
184	516	0.11265875085653933
184	574	0.10024672907008973
184	588	0.14252359838603254
184	759	0.11420550480494827
186	421	0.10275410498364956
188	196	0.1796128768502284
188	199	0.1427062441512487
188	779	0.10427883602300266
188	863	0.1257597222545788
189	204	0.19795307364128334
189	208	0.2731792024065056
190	529	0.10178074794406752
191	601	0.11345820932705625
192	646	0.1415676919497005
192	818	0.13844334172180164
193	205	0.16374519832622147
193	375	0.14973883678166938
194	321	0.10654072547594581
195	197	0.2030508170729879
195	201	0.22646741017057065
195	206	0.21824645765906212
195	658	0.11696087314509307
196	371	0.10864354681881015
196	497	0.10297931544737096
196	779	0.12369227742576175
196	856	0.10086771123120868
199	203	0.12468051365470142
199	656	0.12231520663868876
200	271	0.11515565459718052
205	528	0.14436733390603634
205	847	0.11141894514576409
208	779	0.10005117123207931
209	410	0.16789303255840882
209	449	0.10299471407202831
210	314	0.1218047184535834
211	278	0.10160534714601291
212	301	0.11405793303391826
212	536	0.13257771443054267
212	583	0.10233647430960678
213	239	0.13174242256504012
213	469	0.10245161066477021
214	812	0.10007146310873362
214	822	0.11179051895648129
215	471	0.10147536708490108
215	491	0.10233908519755516
215	605	0.11023563095673064
215	672	0.11933053397019057
216	264	0.10983972646453793
216	536	0.1258330785652863
217	429	0.1175546023026586
217	777	0.21244924480079647
220	381	0.15069872406345416
222	728	0.16199962599088286
228	713	0.1390171403338668
229	777	0.21189420560468508
231	561	0.12977839585880205
232	305	0.14195880517389808
232	486	0.10901603027140089
232	489	0.11420649641518195
232	855	0.11648520703446051
234	503	0.1273667956311811
234	660	0.10945868700395844
234	779	0.1177074888852673
235	676	0.17833430199734512
235	677	0.10424209956162679
235	815	0.11675451069427938
235	816	0.12079677645807184
236	459	0.21665206121482086
237	460	0.10182629316464588
237	834	0.15609382729439783
237	835	0.22179909019356264
238	404	0.10056342654407872
243	557	0.10393023339426673
243	750	0.12290235754028683
243	830	0.10705697121067066
244	446	0.1012194983811976
244	469	0.1534655501212992
245	431	0.3335131025228145
245	616	0.1918669597772938
246	494	0.13730416730636694
247	470	0.12494946326077352
247	495	0.15053422019114254
248	249	0.1489225840504494
249	251	0.12703281823870724
249	281	0.10762711500998728
251	473	0.1039754945828112
251	570	0.11458334863884224
251	863	0.11734199164778293
254	512	0.12240105995319246
255	580	0.10329458946353288
255	774	0.10660983279899845
256	302	0.10729063226168184
257	491	0.1001084615372384
257	590	0.10177884515562047
258	485	0.11597631440414721
258	833	0.11504850301531834
258	836	0.10927553296135996
262	338	0.10110719821042566
263	680	0.21272816556937424
264	401	0.10359631071854841
264	536	0.1205769420009561
264	575	0.11156063956970659
265	539	0.21377591560824477
266	321	0.1279035865858506
267	538	0.23427473999592802
271	380	0.10395680016746002
271	846	0.12098102324923066
273	454	0.11231707821431319
274	418	0.10205057940206909
274	549	0.1221845616001391
275	510	0.11405405698500187
275	831	0.10253658051764422
278	507	0.12271411952991458
279	310	0.11380733241331062
279	467	0.11384167257992131
281	625	0.11918257899547824
281	634	0.1439044377821619
282	402	0.11430367453759278
282	841	0.1088370835881628
283	321	0.11179113109216875
285	291	0.27978604873720303
286	313	0.10313133548274125
286	634	0.1003807425453854
287	294	0.13859308351170324
287	609	0.15755815662020592
287	612	0.10699172756457963
288	729	0.10182875162188512
288	805	0.156284993795149
289	331	0.1382078216936704
289	382	0.11232511941381745
290	672	0.11596936731076068
292	678	0.1036850152556855
294	299	0.12242399530019246
294	591	0.12875621098781453
295	490	0.10433657373392563
296	305	0.20697640986234098
296	397	0.10064966798536819
296	594	0.16354224006255202
297	311	0.1288531231734595
298	333	0.10831809213580694
299	723	0.11481265730353582
300	310	0.15018479463981327
301	634	0.10777499140639783
301	768	0.12353128432885545
302	320	0.10341118206220783
304	642	0.14154108584479244
305	594	0.12947352845974713
306	443	0.15459010445196097
306	591	0.11137607467821903
307	612	0.11091867310618098
308	489	0.11136214648123988
308	759	0.11885365975320332
308	822	0.10724524993894999
315	719	0.10884251366576664
315	844	0.12218564816099685
316	410	0.10746669672627064
318	371	0.12974658522093616
318	845	0.1044831308910727
319	332	0.10492781371769651
320	729	0.10472098896837262
322	534	0.10813301126154558
322	819	0.1357800812479975
325	755	0.28193942196387417
326	647	0.10325128402576293
327	530	0.11260008718619173
327	817	0.16257383184656027
329	365	0.11046451291634135
329	451	0.16638304060289916
329	453	0.13912307219985984
329	653	0.28871462106777185
330	676	0.1800676512937033
330	807	0.12881408038978728
331	444	0.13029453664919993
331	698	0.1574977439585412
332	423	0.13346106927353912
335	504	0.13461567320466586
335	568	0.10802830749041747
335	860	0.14074861736637392
341	481	0.1004139664095715
343	619	0.10905448573107068
344	428	0.25766312346099596
346	505	0.14646578733655302
346	703	0.1410423999359705
346	707	0.11325894415896988
347	709	0.10800484132092267
347	716	0.12830139761024278
347	717	0.1808820659148955
347	724	0.13446343143385164
348	487	0.1333470059114319
348	712	0.128385854660086
348	720	0.10680703679413789
349	476	0.12682691467750723
352	471	0.1098996651525343
352	515	0.11233385885721897
354	356	0.14056218690940578
354	415	0.10112878255613501
354	591	0.21394922210866252
354	593	0.10514828240030986
354	703	0.11110816057127708
355	480	0.14618177976975943
356	499	0.10368812978524983
356	522	0.16323375117040062
356	848	0.10033592064363828
356	866	0.12597075291305437
357	361	0.1471572067324419
357	684	0.12073473823745726
358	752	0.13127116093072247
358	830	0.1454592251965187
358	848	0.16043636035521588
359	362	0.3139458133418972
360	872	0.12743953132474425
360	879	0.11106818534028101
361	814	0.10485508411551143
362	806	0.1358004155209482
362	814	0.12384048604119866
363	378	0.10528378326705344
363	581	0.10538546267666425
363	830	0.11484190566152681
363	837	0.12475560006823892
364	431	0.11433512664750432
365	450	0.10319544014730765
365	453	0.13078799990784032
365	653	0.1769968010048511
366	369	0.14314214587921598
366	380	0.11505908711246511
367	421	0.195391380273045
368	387	0.11511999392547888
368	533	0.13009590969870877
368	649	0.11407666781781281
369	380	0.18137760752540844
369	646	0.10731426707221708
369	706	0.11255346063306508
369	711	0.1440881399771774
370	453	0.11579424754990991
370	654	0.10972946117463613
371	450	0.15470242185975264
371	652	0.2128631321622298
371	656	0.17172109296873347
372	665	0.10642048655046457
374	550	0.10299592458399846
375	455	0.10684701080542844
375	653	0.19254285607452626
375	845	0.10633680258263638
376	544	0.1065356655570241
376	547	0.1533203007284794
376	846	0.102003137659218
377	497	0.11382012011374523
377	647	0.10041019625232372
378	436	0.1257863166911643
378	779	0.1150346325872828
378	866	0.1401684285613069
379	446	0.10815305905514377
380	874	0.12998025081688852
382	838	0.11343663443473673
388	467	0.1007842880561886
390	392	0.10732868996625518
391	396	0.2651894093354977
392	679	0.10245871130391053
397	821	0.12801648006593988
398	683	0.10557221042701401
398	866	0.11802182966673219
400	664	0.1018133489481162
401	588	0.11411745932083239
402	570	0.12363029030351746
404	475	0.11380758921781342
404	721	0.11696691537170724
405	484	0.12908324938349244
405	485	0.1307601227100061
405	869	0.10638054180842729
406	487	0.13689173646282407
406	501	0.1597341426663966
406	682	0.11173959630168133
407	416	0.10899751205281422
407	573	0.10273254277010709
408	411	0.21012895908429016
408	755	0.10953724296328918
409	687	0.10479891824212022
410	412	0.10849735675272873
411	657	0.1345058848401989
411	753	0.19044804592832973
411	755	0.1032308023678653
412	496	0.1314654995934338
413	520	0.12230901105765665
415	609	0.1086282637340884
416	417	0.12987699957042956
416	419	0.34698536208605807
416	823	0.13138277859850647
417	419	0.19181235603209656
417	573	0.14676687732154514
419	429	0.10917470179768562
419	573	0.14547332654954975
420	503	0.11546813936463943
420	652	0.11040768663937506
420	739	0.10361714162182944
423	599	0.10174667484582714
423	624	0.24316176620252294
423	778	0.11238961082257637
424	675	0.10838341635326826
425	642	0.12490396096620815
425	723	0.10072911751108232
426	463	0.10040701995493816
426	483	0.10055943318856138
427	624	0.1516410435599499
427	751	0.13124138798510965
428	622	0.10017079887991577
428	756	0.24892244484303688
429	824	0.12545631581203182
431	478	0.10253709777400215
433	535	0.10271070044423246
433	619	0.10289981292228512
433	706	0.1276368552283475
433	712	0.11364724983995642
434	444	0.14947030310521014
434	710	0.1767064255511892
435	438	0.13518225580342055
435	601	0.11692435804256221
436	778	0.12099105660964131
436	799	0.23967172374477214
436	818	0.17139927670950406
436	837	0.12265279059267535
436	879	0.26857391592957425
437	713	0.1521231431862092
437	763	0.10712520010426005
438	443	0.4377377636255415
439	441	0.2092449173517614
439	445	0.14851477042002081
439	701	0.1677769619551203
439	703	0.10260651334948964
439	706	0.1190605114376546
439	712	0.1692729522927221
441	447	0.126231762587501
441	712	0.13018452932618396
442	822	0.11865559888012277
444	567	0.10428006497026121
444	704	0.1089316039522294
444	717	0.13011730039744
446	731	0.11105153813456844
447	535	0.11660041023344321
448	799	0.14144300434415033
448	842	0.10180645737375278
450	451	0.14622511717189424
450	455	0.2531671335122801
450	653	0.10751753778255498
451	653	0.24139367891078511
451	845	0.11342956194224699
453	652	0.10121890620555556
453	653	0.17955415929186205
453	655	0.1469912340780524
453	656	0.21715077888816442
454	457	0.11464627159054236
454	482	0.10665375024093324
454	686	0.1037291236676009
455	863	0.12873629911176937
457	482	0.14542849353614384
457	498	0.17448702568644825
457	669	0.11815470602423793
457	717	0.10864869760944441
460	834	0.12163310258162177
461	630	0.1060044031855998
461	834	0.17250474025463367
461	835	0.36753083219704774
462	463	0.15601250228586963
462	850	0.1188029231977055
463	485	0.11350172319873934
469	696	0.10028040477040631
470	474	0.11038698121475328
470	851	0.1061637507332645
471	515	0.40849590729898344
473	547	0.1384890245036228
474	841	0.15733454602822522
476	480	0.31502577333730497
477	479	0.18044150275159837
478	480	0.10172776108071982
481	621	0.11794716229812575
482	490	0.3799881382086772
482	500	0.1574424880556608
482	501	0.1163306558857074
483	485	0.15229866428331923
483	570	0.1031775588046611
483	723	0.11454497406618816
483	852	0.10280852443009937
484	486	0.10872463008177798
484	491	0.3070991137673805
484	672	0.14854793714573467
484	678	0.1300271665074549
484	869	0.3065412484451253
485	486	0.1346541954702405
485	862	0.12711126078475973
486	511	0.13966973981888653
486	667	0.10869548754990395
486	678	0.1004134634350262
486	851	0.11177049614483243
487	500	0.30795793838280616
488	500	0.1409221795308276
488	682	0.13001250261589214
489	869	0.10655781837904059
490	501	0.12399055238031198
491	511	0.1279460535087959
491	552	0.12445857573106907
491	571	0.15773985950201577
491	577	0.11580903426460541
491	605	0.1036711579911947
491	663	0.11462222783489479
491	672	0.16767285607791088
492	648	0.13021096821307945
498	500	0.1162909889223134
498	686	0.1203970285910082
499	522	0.35266214908039145
499	754	0.10196677311681877
499	778	0.15054672894241036
499	789	0.11303126905688257
499	828	0.21833487558866727
499	848	0.18626304550405526
500	501	0.1688970207266034
500	677	0.12467808199087445
501	505	0.20980064189369038
501	506	0.2207455873394171
501	686	0.11075196801350538
503	862	0.1013443207964067
506	686	0.12231013804185457
506	710	0.10122885775242234
507	674	0.10208682632383503
513	634	0.10766331768880157
513	768	0.22413059134403263
515	870	0.12687629493319175
520	651	0.13320007522018237
521	773	0.1421574892222898
522	754	0.11063668978576474
522	828	0.15599173161355065
522	837	0.17728313447332322
522	866	0.14541414934467337
523	734	0.11919580657326509
523	786	0.12361903674924946
523	822	0.32088953981418733
524	562	0.10237461811484407
528	654	0.14372294112457842
528	655	0.10908030378369916
528	774	0.10334024416640358
533	649	0.1948586239968653
533	795	0.10021620721716658
537	633	0.15883350623806416
538	800	0.12010488842127019
539	790	0.13261188711203356
541	845	0.10689531815969307
541	876	0.1170533723185621
543	549	0.12844048059177066
544	548	0.16468907405922517
544	550	0.13646448463470925
546	576	0.10677067462158069
548	550	0.19131037147653243
548	764	0.12931274700473064
549	801	0.10403788715484538
549	821	0.16220356701683739
550	764	0.1984541277360533
551	658	0.13924741666398233
551	855	0.12681938979876636
552	750	0.16699662927656256
552	776	0.17481343096514682
552	778	0.13707150288056547
552	869	0.100828013017153
552	872	0.10873038173464976
555	830	0.1165770185911168
555	848	0.10766133359966383
556	761	0.1553068115848138
557	634	0.10664656539452108
557	865	0.19948968351682653
559	560	0.12682315680295428
559	838	0.10856738320564313
560	873	0.10630306182327755
561	576	0.11888331081148032
564	668	0.14093973057059345
564	676	0.16246368583272183
565	585	0.12017437815407461
566	569	0.21155104327246377
568	570	0.15678256949069017
568	587	0.143047425481447
568	678	0.13751550002320687
569	574	0.24638769305416922
569	579	0.19191663672966186
570	587	0.21945196176555276
570	711	0.12805386093042512
573	823	0.16331770467984325
573	824	0.1277900825155352
576	577	0.2130597330356539
576	806	0.10275485116161191
588	591	0.15537588208546252
591	593	0.34665426852925696
591	711	0.10656988692016339
591	712	0.14501868426009723
592	593	0.17226153529675287
593	711	0.1205776565282884
595	712	0.18080163384172937
596	713	0.10902899290174364
598	666	0.11897432663293588
598	814	0.13241497723110798
599	776	0.11761895441269057
599	842	0.1009757204640847
599	872	0.12627557996075559
601	605	0.2118597435144073
604	605	0.21878635387961684
604	847	0.10038557573853096
605	606	0.34225808266605195
607	609	0.1282051171737736
608	612	0.10526112046660677
616	651	0.209871336431286
619	860	0.1078765854981112
629	631	0.2904666534767292
630	676	0.10052293681520527
630	855	0.1455808005168112
632	634	0.14621903186826246
632	768	0.12075877244826937
633	651	0.15550936213625174
634	768	0.12390881440210748
638	761	0.10588058103819524
638	860	0.10725674441704125
642	722	0.10649435967555838
642	832	0.10494109597267418
647	696	0.10453305220140029
647	800	0.12120080944471813
648	705	0.17503959901910937
650	700	0.10821618121819608
652	656	0.2957814126555633
653	655	0.12364093337486255
653	779	0.11561159383272054
654	656	0.28215397679976273
654	847	0.11867609948850107
654	863	0.10001388961168739
655	656	0.3152808903219267
659	768	0.12336929112201499
659	818	0.10582982119789604
666	761	0.10893056726526786
667	869	0.1202187012930682
668	676	0.16804130467862666
668	816	0.18830065419053277
671	674	0.13251220202676153
671	867	0.11308509498144437
674	719	0.10437290818632697
675	677	0.11617314340256829
676	677	0.2060421320844197
677	813	0.12370656695310385
686	710	0.11590261654732131
695	858	0.11556550177690798
696	845	0.12658163207503198
696	847	0.1034542467394628
698	735	0.13198490218391692
699	710	0.18994467433988718
699	716	0.2655709212985782
699	717	0.19479383159312302
699	727	0.16350725152410847
700	705	0.14776195872397496
702	731	0.36836856502097143
703	706	0.19754290178644152
703	709	0.17760200254281652
703	711	0.1474514941756432
703	713	0.44217777022745475
703	735	0.10344431034750888
703	797	0.10071372085859631
704	720	0.30983770619939927
704	727	0.30269628149731753
705	708	0.16477910830638184
706	711	0.4420970433167426
706	786	0.12196588201178005
707	716	0.19148411151095687
707	717	0.10390944549630779
707	720	0.10537659201097614
707	735	0.2808807394230473
709	711	0.11605837550511937
709	713	0.2781009678483387
709	715	0.10150078521910962
710	716	0.23199581683512627
710	724	0.16886285268032386
711	792	0.10466394749948035
713	715	0.10160288705205832
716	724	0.19355944719398607
717	724	0.16138443468745328
720	727	0.3529529531070348
720	735	0.3490620317190675
722	723	0.13699549450925705
725	847	0.10667325007893022
726	855	0.10523090982942608
726	857	0.11852599967570193
727	735	0.33663042708724183
730	731	0.27684556673860977
732	742	0.12209218728596781
734	868	0.10601892123284133
750	776	0.30841584814557077
750	830	0.14908562528699618
751	753	0.12333660825183104
751	755	0.3038056063975811
752	848	0.22036588897892143
754	866	0.1067972152013829
758	781	0.10714601567485364
760	767	0.16950673256088764
760	773	0.145252648047472
761	762	0.1356739305363544
761	772	0.14439854364531474
761	860	0.18558188197335887
762	772	0.14163097482184406
767	841	0.10864895622880645
769	803	0.13606492741062917
771	774	0.1205830701346218
778	879	0.1308176766824262
779	866	0.13750730697588845
780	799	0.135736675937618
782	793	0.17311673437129657
783	795	0.1138934496408756
784	785	0.281295711238727
786	788	0.14151363780390558
786	792	0.2600486551181486
786	797	0.13418862121642508
788	792	0.2897715199640601
789	848	0.16662716610779907
792	797	0.11685934909826388
792	824	0.10295606170215077
794	797	0.14884793961269333
799	837	0.17190571719808687
799	842	0.12968835335262643
799	879	0.1612443085037106
801	813	0.16019110823828026
802	806	0.17432904029381988
804	807	0.35580713122505464
804	808	0.4186651612276452
804	815	0.5091716791292481
804	816	0.1621727250586538
806	814	0.1146381396572196
807	808	0.1373790205600784
808	815	0.15011241148148213
810	825	0.11377126783086994
813	815	0.3372654914463776
813	816	0.2541835779437215
815	816	0.33573845740432096
818	837	0.14641912999031323
818	848	0.10236306328438502
818	872	0.19467235336681232
821	826	0.13704933001184702
823	824	0.3399676497756553
828	842	0.10109098785943768
828	848	0.1511445158820985
828	872	0.27003808713489497
830	837	0.24827820505692358
830	842	0.11929047401709375
830	848	0.31213189688212484
833	834	0.11321583723623756
834	835	0.25170147881190297
834	836	0.41306475660473996
842	866	0.3292327426421832
842	872	0.33557661037730274
844	847	0.12219072608652184
845	877	0.10447763533482854
849	853	0.44632512294267596
851	857	0.12588014372367698
851	873	0.1332549225616193
855	856	0.13351766618945732
855	857	0.1674726067219264
856	862	0.1264010782167919
