0	692	0.12539684546502536
0	798	0.10610503248339798
0	867	0.10324114312268347
2	70	0.10404826717792084
3	54	0.1389253418396971
3	640	0.11633790674393375
4	411	0.19857230637747195
4	465	0.10778154375623722
4	669	0.11008311244181923
8	231	0.1057354202339546
10	136	0.15227384102400585
11	70	0.36549976810860224
11	73	0.22841352862542183
11	292	0.10492161331522493
11	430	0.18861573040700585
11	523	0.2184664453555787
11	822	0.20324079850170124
12	463	0.13318439309695684
12	730	0.10855902634723845
13	95	0.10814459228201954
13	565	0.11308054720041473
14	27	0.1068466379391723
14	211	0.10405805873920826
15	736	0.1102668897126826
17	704	0.14523115871317968
18	188	0.11751050035876041
18	354	0.10502168257319504
18	489	0.11219115880278233
19	132	0.11666516616354469
19	756	0.10306960369771075
20	149	0.1059527056705265
20	278	0.10871784431240115
21	78	0.12849551289727662
21	211	0.1058135205659384
21	401	0.10185576786793205
21	691	0.14802834646067436
21	870	0.14658932589507057
23	24	0.17652673686820317
23	477	0.11705773265255454
23	562	0.10308125200523126
23	647	0.10012539473010601
23	732	0.12242173645451725
24	159	0.15493637609629898
24	637	0.10071034427906779
25	533	0.11386926335877877
26	219	0.10101064051799315
26	245	0.10594133336938791
27	709	0.1321009250076993
28	83	0.10233082702114386
28	558	0.10685144986141312
30	32	0.15641551705501863
30	119	0.12320864115677665
30	642	0.13864563426091459
30	767	0.10903053900063779
31	356	0.1226301499148014
31	436	0.13303234254117585
31	581	0.135846768745938
31	830	0.15902026217215431
31	842	0.20860822137882695
32	556	0.12985335280912683
32	640	0.1936198432610341
32	767	0.11219924281390299
33	562	0.11876754282066208
34	270	0.10753804555570368
35	402	0.10042893554712178
36	189	0.11138679729642477
36	666	0.13178229537749572
37	40	0.13318972225238362
37	360	0.10199517137126038
38	864	0.10867861559470501
39	40	0.2862754036996147
39	828	0.12730195891147925
40	166	0.10269453700096838
40	845	0.12073513401020697
42	537	0.10365016483215363
43	503	0.10112922149291953
44	249	0.10747038452952531
44	400	0.2503471718343238
44	481	0.10039396218763058
45	378	0.10828298769548632
45	443	0.19488794909617072
45	522	0.12051479731123035
45	593	0.12620088751941277
48	709	0.14081223169346951
50	407	0.12460285107698399
50	786	0.12175923722543862
50	788	0.1350727826309121
50	824	0.11386447894216253
51	234	0.12048113748324908
51	571	0.13853140383936063
53	157	0.2491817351375199
53	862	0.13692375305753166
54	425	0.27131503936957985
55	457	0.13218142773273278
55	699	0.15958581845964004
57	294	0.10037000288136297
58	249	0.10422755133965128
58	277	0.13925311384483233
60	534	0.11306135279851577
60	664	0.12101823069419632
62	613	0.1014598818218931
63	64	0.18504645000310627
64	65	0.24699152771947108
64	66	0.1295636696858138
65	66	0.36334347827191626
65	67	0.11605933200883596
66	67	0.28986780641998044
68	422	0.11503679634682046
69	72	0.10064692568022873
69	83	0.14044539298688694
69	230	0.16359571670326215
69	840	0.10257842114353444
70	73	0.3218907873843625
70	822	0.1579408946169591
71	437	0.11572800258473159
73	199	0.15496131264335564
73	214	0.11770696282005313
73	344	0.10270991861181285
74	170	0.10414679300503439
74	382	0.11639565490375323
74	772	0.23532077315102917
76	189	0.10303243344625398
76	527	0.15698782660679225
77	877	0.13918727314604007
78	247	0.10125275099029916
79	493	0.4367044703824792
79	539	0.19643277324240654
79	633	0.10001777362419381
79	791	0.12788308362559425
81	130	0.31695878110739023
81	618	0.2582940010164414
82	457	0.17264414519009816
82	669	0.12273521699226318
84	462	0.1351161372161797
84	692	0.10521294370250686
85	779	0.12150135539142869
86	404	0.11312744155296339
86	470	0.11995970696589402
86	513	0.1240522575452798
86	721	0.1545430262497816
86	819	0.12736461021397327
87	727	0.11983143422875876
88	90	0.16721951803754884
88	324	0.11165653361384263
89	92	0.2148236244746628
89	325	0.1424220548094029
89	423	0.3246306825430542
89	624	0.4085058813651328
91	459	0.17357152471198226
91	510	0.10006753285000611
91	679	0.13108203887076889
92	94	0.11543231156552916
92	325	0.10793568512029453
92	423	0.17220635506129245
92	427	0.13321055948999214
92	755	0.1254524814523561
93	237	0.10866721549903459
93	461	0.1083566965981326
93	765	0.10783222443797427
94	325	0.24345401730904956
94	751	0.10048857839776151
95	634	0.1037999244738967
96	112	0.10584813022979454
96	431	0.13684674453392723
97	487	0.1085565218473
97	630	0.10318448345857355
97	753	0.11263657786729983
98	108	0.11959517168763201
98	139	0.156548297864249
98	573	0.10439257947531208
99	664	0.10379542874348706
100	168	0.12743258544751676
101	154	0.2015000310808316
101	595	0.11464490993407742
102	766	0.28314770118501664
104	292	0.10588797114105705
104	773	0.1316991636606041
105	108	0.12290972660440541
105	139	0.11316793345806965
108	139	0.2303152906716178
109	698	0.13350775851225008
110	774	0.11752411656865175
112	437	0.1512714151973786
112	787	0.12374245726725625
113	485	0.13397885504955734
113	638	0.10709244844900329
114	177	0.12041839687954545
117	678	0.10872591496043235
117	713	0.10894352933590763
117	844	0.10602881527078291
118	158	0.2142417953638297
118	284	0.10414071372961062
118	397	0.10214644972745053
118	828	0.10883194238444426
119	150	0.11015047460539312
119	598	0.1823076437204414
120	392	0.10141532717378725
120	631	0.13963877666634467
121	211	0.11851157273418021
122	135	0.10273146391505202
123	162	0.10634477788832208
123	252	0.11926462184237309
125	532	0.14965113845056038
126	128	0.3586640028016548
126	676	0.21665388372277383
126	815	0.13166513121603834
127	654	0.12024526289292109
127	813	0.1347527509685528
127	816	0.155340303357903
128	328	0.1205977352145093
128	330	0.15123917082786673
128	807	0.10834705185979904
128	815	0.11238419353946108
130	445	0.1080129627341893
130	618	0.11650017671214746
131	211	0.1350365296810036
131	615	0.10963258345405992
131	621	0.1001183015075172
132	133	0.22112384801596432
132	275	0.1182810586438452
132	743	0.11367769136505197
132	800	0.10098782555162164
133	367	0.11963116519651089
133	700	0.10250132099168721
134	256	0.11723590872430187
134	388	0.17095578357246344
135	513	0.11798823613474771
135	597	0.11424906678859054
135	743	0.11864858951060976
136	559	0.10521044651028529
136	681	0.10682835240256344
137	524	0.10377737444621773
138	190	0.11421951859715487
138	282	0.13549550951049755
138	403	0.10979688399420366
138	536	0.10209466987703679
138	621	0.10976261418413519
140	224	0.12639773409735797
140	743	0.18794468845622886
142	150	0.11900545388458633
142	806	0.13755569249861072
144	831	0.11651485244389032
145	393	0.1037517955456946
145	542	0.1327278740439623
145	662	0.10095642759635771
145	759	0.10166241284244616
145	772	0.11577902132406712
148	304	0.1107820043619193
149	212	0.11910325642560254
149	290	0.10109072591114963
150	572	0.11111796937715408
151	199	0.10008344911049778
151	455	0.10951124822947253
151	656	0.10769028227714457
151	739	0.11605266603282921
151	780	0.1630960843936948
153	200	0.12500538547644718
153	397	0.11958768643135792
153	846	0.13008977598898291
156	615	0.12370822084586265
158	348	0.10916875869297694
158	626	0.10239001896438234
160	351	0.11123124095144792
160	581	0.10244750313686586
161	236	0.11580742930707612
162	163	0.2274245733784822
163	345	0.10437560236458952
164	657	0.11958134876554836
164	762	0.11021377200555431
164	805	0.11202637129278734
165	632	0.10544633902940431
166	175	0.12972771544027203
168	770	0.14226014761949946
168	787	0.28745014517053885
168	793	0.11311120703257826
170	369	0.11425354759603007
170	768	0.10757644801328849
170	838	0.1152831774035797
171	174	0.14345686190803214
171	176	0.15630614232508805
171	180	0.1360512512734222
171	664	0.10869977344959365
172	484	0.1436768783529842
172	723	0.14284690190529853
176	512	0.10071476058347159
177	178	0.1562199087073722
177	182	0.2523698693831583
177	263	0.11989703951067061
177	473	0.11780540683354981
178	418	0.12178495830420448
179	183	0.10929853903456176
179	315	0.10639720992183431
179	354	0.16190384675088684
179	826	0.1009371136194503
180	218	0.10691496497879723
180	232	0.1177751927841794
180	233	0.11074704267900132
181	208	0.12635931951015994
183	228	0.15550815861039924
184	401	0.11484796004724544
184	733	0.10761210821180453
187	198	0.10518955436968949
188	528	0.12653335213272832
188	569	0.10215079534434732
188	869	0.1140036908212774
189	200	0.18430533674360675
189	263	0.10871149380321751
189	382	0.11379791540968537
189	502	0.10080590647115475
190	529	0.1326335009533961
191	571	0.10290789903067278
191	588	0.10305146708583832
191	604	0.15132900124536192
191	786	0.1466016428671853
192	249	0.2120376813397003
192	253	0.10122175417275192
192	842	0.12771131881244807
193	281	0.10164682650638415
193	318	0.12648867402859165
193	329	0.16072291925689988
193	450	0.13682972292886478
193	656	0.11282114785125633
194	586	0.10035435137331451
195	197	0.24044984206909778
195	206	0.17983091935988868
196	303	0.10571068428066537
196	491	0.10532073561016675
196	857	0.13330113226208154
196	863	0.10905280859251434
197	658	0.11345353036312027
197	859	0.15669830625251585
199	203	0.4065272666352715
199	258	0.13762840105965965
199	344	0.12805497080194683
199	484	0.12228526416587429
199	822	0.11590966847400651
199	855	0.1356112195365651
200	297	0.16412239801348133
200	373	0.10356847768386632
200	502	0.1859301914161838
200	550	0.1000112163986903
201	502	0.10872026793461062
203	523	0.12198983174455709
205	365	0.10278997053284386
206	658	0.10729252242689633
208	502	0.1024870068052028
208	527	0.1049065706067441
211	213	0.10685784536243936
211	403	0.10417378601538363
211	615	0.12434870878186664
211	714	0.10367241480154255
212	213	0.13134832048043873
212	536	0.11948696046608064
214	215	0.12321998064100682
216	321	0.14274812495898562
216	340	0.10117996766509961
217	432	0.10641531438591488
217	777	0.1317919965284939
218	233	0.2073654469505484
220	631	0.1081273337900639
228	362	0.10755085739543584
228	366	0.11333103310189267
229	777	0.26776797935719976
230	332	0.14062833093222404
231	501	0.126717434377489
231	683	0.1113585423271576
232	315	0.11064516071291183
232	722	0.11400108072801467
232	726	0.20693031988852773
232	856	0.12491409218717785
234	466	0.15702548162567728
235	675	0.13415152486089543
235	815	0.1122047305940779
236	372	0.11507121610413801
237	258	0.10145388976548249
237	424	0.12087756601685777
237	834	0.23519202476244838
237	835	0.1120003832823041
238	269	0.13786787447938115
238	841	0.1313702843346895
239	536	0.1310499475015453
239	557	0.11741611709957364
239	769	0.1165859636334178
243	522	0.19498283556916302
244	246	0.107993854797776
244	331	0.10575143514056046
244	617	0.13868721373207868
245	265	0.19062032043520388
245	431	0.4086072874971234
245	633	0.35002716322740907
246	283	0.11784514833387677
246	321	0.17340139428687978
247	495	0.38677793606280697
247	742	0.11591275264591967
247	868	0.12580787937728802
249	253	0.25397575769888486
250	636	0.10154027065538357
251	326	0.11160831397091228
251	333	0.1030363409621462
251	380	0.10199187189583471
251	445	0.10618785751754611
251	774	0.19523359978994775
252	832	0.13500478606443087
253	563	0.12004821512129539
253	863	0.10074149377596645
255	466	0.11354286035070457
256	302	0.10060837672174766
259	616	0.12992094325924894
260	742	0.10406319575730302
264	579	0.11261277011048257
264	768	0.10185205863236595
265	431	0.2665952105042673
265	493	0.3487091835964544
265	633	0.17440733618431314
265	651	0.15867631389168788
266	340	0.19406359131875325
267	477	0.12294030660168614
267	538	0.13267236076476577
268	470	0.12901982926258299
268	841	0.12386979695818495
269	273	0.16218760912185454
270	505	0.1285470691149967
271	274	0.3374584047535602
271	846	0.14276770758292429
273	406	0.11349080789255733
273	501	0.13842343430088586
273	749	0.11806115185844193
275	492	0.1020293603173168
275	851	0.12067966504228328
276	277	0.2340777276919735
277	421	0.1132769033659765
278	768	0.13580877393053273
279	536	0.1424878050277161
279	820	0.11402660086689569
282	621	0.18296581960228406
283	494	0.11457155651032382
286	418	0.10858885950208721
286	632	0.14374651936758634
288	309	0.10179721333643416
288	384	0.11051366511178712
289	469	0.1007508332309806
290	426	0.11187120811417273
290	521	0.13543590450835097
291	424	0.11702656385587532
292	521	0.1868501376756231
292	709	0.10399461212024669
293	415	0.1251874600488493
296	300	0.10387362117541876
298	333	0.15051842469350374
299	443	0.12263219304205719
299	706	0.12897416847223153
299	713	0.17741004089808507
299	726	0.10115721471839552
300	826	0.23085468848991697
301	401	0.11008505373311891
301	588	0.11274630349495406
302	350	0.10557786937556098
302	699	0.10883839639419073
307	609	0.1358701866144021
308	576	0.1075295263266991
309	703	0.10510758634431146
309	709	0.1523800788079539
310	821	0.14056836903187153
311	312	0.11091935731513186
311	599	0.1470145556075172
312	672	0.11985559760552449
314	480	0.10404886937104893
315	319	0.10837373792665929
315	588	0.10226802250551074
315	726	0.11651155326538452
315	862	0.12133313365047337
316	851	0.10011731915981573
317	352	0.10812888960014085
317	733	0.11163138707533156
318	406	0.10613408000784533
318	451	0.11201207387223831
318	455	0.16760265493680088
318	653	0.14121018524050427
318	656	0.12873836811524275
318	780	0.14013000667325637
318	863	0.101687015646333
321	575	0.1264962999288637
321	579	0.11410681866104486
322	459	0.11118185436548451
322	513	0.13733164581947124
322	770	0.14472467334408887
323	673	0.10663898344419355
324	877	0.12353085912580743
325	755	0.3081862053881168
328	330	0.26226169872158794
328	804	0.12165728181141588
328	813	0.16104888583463722
329	420	0.16351478970678793
329	450	0.19889626459808862
329	652	0.15872618308701805
330	804	0.13751904788362262
331	524	0.14748636127855763
331	840	0.11556870014529204
334	468	0.12475281779619062
334	674	0.10201782975482593
334	679	0.14632717699445874
334	859	0.13342918879690652
336	838	0.11482379159645899
341	404	0.13449093785200497
341	468	0.11181688457379539
341	635	0.1261906049567825
341	643	0.10044244576135263
344	756	0.17336863134796238
346	348	0.16086759330025818
346	426	0.15889049236879554
346	501	0.13573369288730805
346	707	0.10267688025998184
347	505	0.14853178710228518
347	707	0.17076665299888
347	712	0.10422639319066404
347	856	0.10585614073377352
348	454	0.103787594043666
348	505	0.124438790284712
348	665	0.10816413249987455
348	686	0.11327846639209557
348	713	0.11738583298602505
348	720	0.10237651656270966
349	355	0.11369932374956024
352	850	0.10037969314777052
354	396	0.12498533424833225
354	592	0.257472703169383
354	593	0.21227773265140865
356	358	0.18376809719146495
356	363	0.14632223711262907
357	359	0.23721288807085975
357	802	0.13230103568598375
357	806	0.11800296276402426
357	814	0.1879763629074208
358	378	0.1291025529146016
358	750	0.12932406410328057
359	361	0.12013485063238936
359	806	0.1728014682023945
360	581	0.11494870882045248
361	362	0.29068423441314234
361	469	0.11575736717502734
362	774	0.1026462602369501
362	806	0.132218940280366
363	830	0.10550683435259892
364	539	0.13908559565770903
364	770	0.18057625432825428
365	370	0.17051357525934538
365	528	0.11408595226653909
365	654	0.10031249583679626
367	421	0.12296387689764883
367	487	0.10351836590321396
369	547	0.1095940224170403
370	528	0.13288018589207318
370	652	0.1001940717418733
370	654	0.12818948977653183
370	656	0.1014104948664684
371	375	0.25368859588211295
373	380	0.17710923277846016
373	543	0.16267362705427998
373	544	0.11744994473982609
373	822	0.12851406083575592
373	847	0.11062839104730257
374	548	0.11633989119690644
375	451	0.2533948477030533
375	653	0.14976097713014447
375	656	0.10119113698042642
376	804	0.1005968629165318
378	436	0.203026068863814
378	522	0.22723561624728877
379	598	0.10515879109876433
380	543	0.12900301647891582
381	623	0.11900225528102522
383	540	0.1024802224144691
386	748	0.12481491552572967
395	397	0.14575845322187791
395	557	0.11599350917695221
395	645	0.11112388067728685
396	581	0.12050896119097095
402	475	0.10626635625699575
404	497	0.10509222987578878
404	636	0.10182131935354179
404	647	0.10553612450971375
405	491	0.12224004552045362
405	561	0.10365419223797971
405	659	0.10028288795138775
405	672	0.10578732081683934
407	416	0.14015085817412928
407	573	0.13084544484748037
408	624	0.16633866179327178
408	751	0.39146341655939876
411	427	0.11495451309763562
411	540	0.10096185368066199
412	641	0.1354141883463406
413	532	0.11672191376825054
413	533	0.12341509866569005
416	663	0.11575052563699395
418	642	0.10286843384287696
419	429	0.1506941718642718
420	671	0.10313021555247297
420	847	0.10731551506354525
420	876	0.1020981773424997
423	624	0.1450298163723766
424	675	0.14186199162520832
425	642	0.16885856482267023
426	458	0.12572861122420081
426	462	0.10455770432360253
427	753	0.21051630457398784
430	452	0.13577365623179452
430	484	0.13684119231524508
430	523	0.21037120137538617
431	633	0.3396165916339135
432	832	0.2282580793561435
433	703	0.11353049870577507
434	727	0.12060017438637365
434	840	0.11398948798577588
436	799	0.15693333466878986
436	879	0.19049987516015676
437	713	0.17543763865050496
438	595	0.14908954624801715
439	445	0.17239312766274473
439	447	0.14042371091529882
441	445	0.14003263442741384
441	715	0.1841771616396568
441	784	0.12466701232220631
445	447	0.18134109124233025
445	701	0.11186899622410769
445	715	0.11696898219642458
446	536	0.10989356973595696
446	700	0.3082074225507777
446	702	0.2220450484378958
451	453	0.17385846440954836
451	656	0.17015496047273657
452	563	0.10009133494627426
452	715	0.11931827997249342
453	455	0.2697016567359156
453	696	0.1178225806238212
454	457	0.12080461387477064
454	498	0.15770531564282694
454	500	0.33447604560276883
454	501	0.10797100111050535
454	505	0.12547672094564477
454	699	0.11639626663502595
455	628	0.14308536038344857
455	652	0.14164901274338962
455	654	0.13188413459855827
455	656	0.13716542100961568
456	542	0.11812110810448295
456	647	0.10540216462939092
457	490	0.14158284865167473
457	500	0.14207421867176057
459	671	0.10653487946536033
459	770	0.1574749566448873
460	461	0.378449683559221
460	835	0.16230473851521132
461	835	0.2104813422447547
461	836	0.16328474908949178
462	734	0.10209582441742744
463	541	0.13558646954525308
463	580	0.10825881018000737
465	466	0.1764210587899336
467	769	0.10148406886873275
468	671	0.12900834016111296
469	851	0.10739821946914235
470	636	0.10865684964691921
470	721	0.15688121358128723
470	742	0.10029645234585392
470	768	0.1111185579877926
472	516	0.19822514374970368
472	616	0.10009269566997821
473	543	0.10619075102839652
474	691	0.1114327652459241
477	538	0.10307915835484761
480	620	0.11073628253073345
481	516	0.11876687260087773
482	487	0.10612789436589995
482	500	0.21408217301470756
482	630	0.1219205951936949
483	489	0.19311781937572398
483	491	0.12936198716860678
483	678	0.13942399616449294
483	869	0.13550462775565733
484	570	0.10916421776853014
484	723	0.10529646598796402
485	486	0.10273014850863817
485	571	0.1103572887766331
485	587	0.13044974241916563
485	663	0.11955854658800943
486	672	0.1043157435656543
487	677	0.10832701839185808
487	735	0.1279665109952776
488	498	0.10630971383913512
488	501	0.12075890020045785
488	506	0.14714440671219658
489	491	0.15491416188697743
489	576	0.11510133207448602
489	722	0.10049250571410574
489	869	0.11995191953950284
491	672	0.17041220598063322
491	722	0.11741939229326107
492	566	0.10990926520351794
492	814	0.12025557737990505
492	851	0.13703290341820565
494	569	0.1005727045418944
499	752	0.11159603614715792
499	774	0.10054598865145661
499	799	0.11838663700570452
499	830	0.1432287057538672
499	848	0.28673905845032654
499	879	0.16292746879788908
500	857	0.1110019303511945
501	710	0.14030379336622473
502	543	0.11251210650698722
504	621	0.10819584266917359
504	851	0.14540287006361927
506	682	0.11459095800335074
507	510	0.25346427660241794
511	869	0.19808170862253238
512	513	0.24355114903469843
513	557	0.11707438922326613
513	769	0.2121230060241357
517	557	0.14161461061910366
519	626	0.11395924809128993
521	756	0.11478193515653458
522	555	0.11766679583403704
522	599	0.2254738365824149
522	828	0.2155970828647207
522	837	0.3383252966406524
522	866	0.1679573202603932
522	872	0.13867919538896514
523	570	0.12849951913709184
525	852	0.10767277302370455
527	543	0.15692024235041804
527	544	0.17568065401340868
528	646	0.16112794528027533
528	652	0.18354038239042506
528	655	0.11329537681183884
530	534	0.12604122223043251
530	535	0.1506422327383417
534	627	0.10007170880774356
538	615	0.10081213905682412
538	701	0.1011558739451841
539	616	0.1829857439341267
539	633	0.17399838358285213
540	548	0.12906263719437625
542	588	0.10274945393776631
542	666	0.15361393227691733
543	544	0.13940634106597388
544	547	0.24408903006807595
544	550	0.13317811191593112
546	577	0.10208161205891006
547	548	0.12332143009793713
547	550	0.1358677023256764
548	680	0.17930986927817655
549	550	0.10832556392393473
549	764	0.1414947868164273
551	856	0.1070306414193708
551	862	0.11530418578708523
552	599	0.3076570908181091
552	752	0.21388668925764084
552	754	0.13288329247434252
552	778	0.19409880481763386
552	837	0.15706536383525987
554	556	0.11046504688793907
555	754	0.10237988849171364
555	818	0.10882976337093077
555	828	0.17359853458381255
556	640	0.10220378983380064
556	855	0.10686817910275936
557	642	0.12731207944498385
557	865	0.24684356532056756
559	561	0.1730406157762946
559	838	0.11721134392758549
561	692	0.15617643580495494
563	567	0.1412892510832181
563	580	0.10601545850781775
565	566	0.14096846298323665
565	585	0.117951041750894
568	570	0.1059618060046559
568	576	0.175675476337532
568	587	0.13911112791302857
569	574	0.18993182818415544
569	575	0.2971218138822259
570	576	0.3296521859308024
570	587	0.16653865292635772
571	601	0.15162084321054792
571	604	0.15603525143478744
571	605	0.23020526693026044
573	792	0.12997374812874515
574	579	0.11374426501219918
575	757	0.11107743607468729
576	580	0.1915360009729719
576	606	0.10829718847979967
576	713	0.10050846017193968
577	580	0.259160634834363
577	587	0.10690275058417581
577	734	0.13649224421291492
577	812	0.13091038268335967
587	812	0.10047258449545235
588	829	0.14299549512934429
591	595	0.2867213520832199
591	596	0.3145121392415433
592	593	0.21177425522971102
592	595	0.21326701082958896
592	596	0.20749915214377743
593	595	0.14497829497213988
595	596	0.41645119730165525
596	706	0.15119636469701053
599	754	0.2791683692853539
599	818	0.10103471562662958
599	837	0.3059306922930434
599	848	0.10355756715517656
599	866	0.12904437884864572
599	869	0.12132881721432287
599	872	0.11072823998318423
601	604	0.1655839650888223
601	605	0.3136873310104075
604	659	0.21046816412737013
608	609	0.1307144691018069
615	617	0.1146473473015621
617	812	0.10334582313606332
619	763	0.10947863608748078
621	721	0.10093054590743605
622	756	0.10234195614627538
623	812	0.1344703082891548
627	664	0.10881446342976077
629	631	0.18740184914899682
630	676	0.10383284927266251
632	697	0.11398684560262988
632	768	0.10227914976133497
640	760	0.10473481455228091
642	705	0.10615029191703483
646	877	0.1097268531886673
647	800	0.10855467963968464
651	790	0.14323154217105008
652	653	0.1889489816646651
652	654	0.19839067681173225
652	656	0.5592490505718755
652	780	0.15813687792571954
653	656	0.2175322532115847
654	656	0.1745314042512111
655	780	0.10297175991915893
660	665	0.2646177451707147
663	667	0.16067386749040793
663	786	0.132765261835899
663	797	0.12756104905048976
667	823	0.10161652103591079
668	675	0.1652487347052915
668	677	0.1387507273114109
668	801	0.10219775302310993
669	682	0.24971898370198226
671	729	0.11233215273408897
675	677	0.12050184818487958
676	804	0.10924890427906371
677	801	0.1503156704765448
688	691	0.10566481958602374
691	800	0.12643289018403808
693	763	0.10287805211694626
696	725	0.11199648734126391
698	829	0.10335878675359605
699	710	0.3394681973159163
701	706	0.12366729980256469
701	811	0.12493667762953731
702	730	0.16378227278464996
703	706	0.11479521796116927
703	709	0.10608053227844813
703	856	0.10189411963455698
704	716	0.24710020759869558
704	720	0.16821976453537615
705	731	0.12565727267333598
706	713	0.11789516997212468
706	715	0.41014499147968186
707	716	0.14986009534039127
707	720	0.11092357373876142
707	727	0.3061382031422977
707	735	0.12018710505292507
708	730	0.22124675529287346
708	731	0.3029930704475721
708	778	0.10048407572821207
710	716	0.16720857951306003
710	724	0.22125331669582973
710	727	0.21197932116949164
710	735	0.17337299790214922
711	712	0.18996873409249782
711	713	0.33229617373890113
711	715	0.2703285676780157
711	792	0.10547593023180116
712	713	0.28636105213254187
712	792	0.11938396521648507
714	806	0.11203933047932835
714	852	0.11137699566412873
715	822	0.11092406788786326
716	720	0.24273097265290322
717	724	0.12010277099779378
718	726	0.13694969120714426
720	735	0.26544656258352456
722	726	0.17828047926389337
722	856	0.106488773799241
724	727	0.2111918236194432
734	812	0.12634936660232435
737	873	0.11939075791336473
747	843	0.10889190055372049
748	749	0.11879436882264098
750	799	0.12277373904429378
750	828	0.16321635913154314
750	879	0.10999654791975631
751	753	0.1878907903733137
752	778	0.40759640312837886
752	828	0.1626566000987531
753	754	0.11239995377219464
754	818	0.10737287932886809
754	837	0.12725252984849497
754	842	0.11204754965028922
754	864	0.11325896418576921
756	861	0.12985125965215352
758	781	0.35997461230526945
760	771	0.10962601319771081
761	772	0.15706329206408504
762	772	0.32808091378774046
763	868	0.1105162727334148
767	774	0.1472484148499896
768	769	0.12157393915660818
771	774	0.12731976955083554
776	778	0.1614874025200948
776	842	0.15598284886826422
776	872	0.10892154835973547
776	879	0.11015676813622116
778	828	0.10482892154312409
778	864	0.1026870525365336
778	879	0.1499443412350454
779	780	0.2047740969891388
781	786	0.10608818784174516
786	788	0.1371056137532348
787	793	0.1862827777875545
788	792	0.2316474392256198
789	848	0.10738499850005291
789	872	0.11001524830908917
792	797	0.1045556050880689
797	823	0.14905171684264765
797	824	0.1463883132393985
799	828	0.15987925125133623
799	830	0.2568724090341521
799	864	0.13016003591372183
799	872	0.34589848998328476
800	814	0.12617976712711104
801	808	0.17968900517940758
802	806	0.10118249433078629
804	813	0.1312933417074824
804	816	0.15218709346501097
807	813	0.13079131559624024
807	815	0.1382095537730294
812	838	0.11469966982192219
812	869	0.12293875479466194
813	816	0.2970484066112415
818	828	0.139690069982552
818	837	0.3942804391989784
818	842	0.2248583476611875
818	866	0.34421162145208395
823	824	0.27599152004127353
828	864	0.15448451048641476
828	879	0.11502761492349796
830	842	0.14341795514112682
830	864	0.24116563364036003
830	872	0.19121399282520707
833	834	0.1698870549096143
833	835	0.12672229975932434
833	836	0.3194631426358046
834	835	0.21031915047441122
837	848	0.13447878441529054
837	864	0.1465992620634124
837	866	0.4361059535876383
837	872	0.1642528891873489
841	851	0.11302430095045661
841	868	0.21945430087380816
842	848	0.21753944666904168
842	866	0.19731414682030185
845	847	0.15514620997228412
851	855	0.14455972596457814
857	858	0.1119500872953039
864	872	0.28895305089056444
