0	536	0.11894835413334319
3	418	0.11210264841609696
3	642	0.3256121952195189
4	411	0.12239844011291588
5	302	0.12218657442018888
5	562	0.102026070538891
6	409	0.10907338337272982
8	682	0.15639520191840678
10	621	0.11230879924664099
11	196	0.10983028675638598
11	430	0.19610240406434554
11	462	0.1295063842215513
11	523	0.14482718400419714
14	103	0.11888914497308747
14	322	0.11630140947951426
15	16	0.1069746067012553
15	332	0.15391888280784372
15	598	0.11635601624603487
18	188	0.12186581985693541
19	86	0.1039025840804393
19	317	0.14050157232843985
23	156	0.11317989682805206
23	476	0.1160625993094019
23	477	0.13371494615497967
24	538	0.10519080305558415
25	26	0.19950837201696905
26	42	0.1594458804083873
26	539	0.13889233636229162
27	68	0.1075904169092981
28	477	0.13145135608009248
30	32	0.11501540245663551
30	551	0.4015491083351555
31	499	0.13468414458301134
31	522	0.23096374395494176
31	552	0.16399096994942014
31	778	0.10082251699685822
31	828	0.1443881820500406
31	848	0.11852029912589192
31	866	0.14493951865945193
31	879	0.1463105274908264
32	551	0.14601148251866758
32	857	0.10320474532575993
33	352	0.12520630414488165
35	58	0.12481225505917576
36	424	0.12755304379912588
37	39	0.3341251385282978
38	39	0.20752542274982624
38	426	0.17178821038018163
38	660	0.11461394604470922
39	398	0.10371621872633258
40	232	0.11148007702258196
40	837	0.1174489485411318
42	387	0.11817779344938359
43	369	0.14473341978626514
45	591	0.13485106091254903
45	596	0.10027463171543691
47	98	0.11269922034235193
48	51	0.40649622125390017
49	212	0.1383834277857015
50	217	0.1397977639353205
50	416	0.10551638628796657
55	346	0.15044773125716226
55	501	0.12471699143192126
55	552	0.111085064001993
56	543	0.12518312752948907
61	226	0.10000922310427666
63	67	0.21852171554102273
64	65	0.10453822916053167
65	66	0.23284149035070925
68	249	0.12591203880275148
68	440	0.1081958048481137
68	784	0.10230801562198913
69	690	0.12683214275360732
70	73	0.1455011416202545
70	430	0.1190748104648837
71	341	0.14418593760680226
71	712	0.13594258793993177
73	822	0.19153866446869128
74	149	0.11400722530088045
74	382	0.10000558803794544
76	200	0.11130866281660141
78	395	0.11209096599578862
78	467	0.12428835844217663
78	768	0.12705126944937065
79	265	0.20479784172040014
79	364	0.10835723813533753
79	493	0.3150642933088902
79	539	0.18841899167106912
79	651	0.16304158839362537
81	130	0.2871614201439999
81	211	0.10279788380281087
82	406	0.17469764060616252
82	454	0.10679051414771246
82	482	0.2236458557836736
82	500	0.18895008454907147
84	200	0.10510696736151344
86	322	0.2927901850091193
88	90	0.18365202467889746
88	324	0.1863049525043816
89	325	0.23988450190343444
89	427	0.1674935582725206
89	624	0.392192073188092
91	275	0.10366838735462916
92	423	0.32972342782838915
93	257	0.12125596947317792
94	753	0.2300546257199347
95	129	0.1065015797050068
95	532	0.12563061378966822
97	666	0.10142188462532237
97	693	0.1440636651780604
99	477	0.1250024200355105
101	154	0.10292969392477075
105	139	0.13209421798273552
105	766	0.13528526083601616
105	855	0.10765058790917091
106	681	0.12375612526150137
107	163	0.11475845857120796
109	136	0.13053457546053757
112	787	0.10431389531589681
113	175	0.10120990926459852
116	292	0.27815979757447884
118	120	0.10010212407050384
120	629	0.1055308067390202
121	187	0.11165486473095715
123	832	0.10899504048668643
126	654	0.1167188702527999
126	668	0.14772729685917804
128	328	0.12875591439871614
128	815	0.1017063493406117
129	156	0.10764233923367246
129	588	0.10062456775662278
131	322	0.10066408517823755
131	516	0.13938240118985065
131	621	0.10338698385505325
131	742	0.12395676508063483
132	382	0.10953564008621641
132	524	0.12140377749858432
138	359	0.14745356230633827
138	806	0.1071416553055822
139	608	0.1240595546533653
139	766	0.12733829822188422
140	469	0.1439897802985338
140	714	0.13204889158254382
141	496	0.11018189169354985
141	666	0.10862746693408319
141	769	0.10680655558101593
142	496	0.12454105225631026
142	613	0.10224772628211923
142	769	0.13023379751746078
144	513	0.10801857040499638
145	393	0.11841973050471293
149	151	0.10464252215646863
149	152	0.11421179535393013
149	184	0.1121523018253773
150	498	0.15455520709817225
151	318	0.18347855789999273
151	451	0.10664314461534083
151	653	0.14504824796050003
151	779	0.15064049216159844
156	238	0.14519520345439813
157	424	0.12601702484486074
157	498	0.11940822030068056
164	661	0.12288801911525042
166	499	0.12358928983242966
170	251	0.14256503496218856
170	308	0.104663691078099
171	174	0.1244930590157504
171	176	0.16005953648857438
171	512	0.10053182129652466
172	179	0.20579257619588942
174	183	0.19109689301889377
176	179	0.20022786599214196
177	473	0.11988320637436277
178	274	0.14506209820762733
179	483	0.11397703250921579
179	590	0.14440813104202893
180	472	0.10057535472964244
184	244	0.10842238994518481
188	199	0.10746915359259576
188	863	0.14405500789002296
189	473	0.10818659664558827
192	203	0.1372008067300123
193	303	0.19273199997557533
193	318	0.11291465490635705
193	646	0.10098945674662868
193	845	0.10848412487499588
194	586	0.12653194596435513
194	722	0.1337420252794572
194	723	0.1390470923643135
195	197	0.3789511932681252
196	203	0.10724962599571686
196	462	0.10035970429613031
197	844	0.10430274950393352
198	202	0.11656478225335916
198	207	0.1752379382788081
199	203	0.13359418287094454
199	491	0.13048625192521915
200	373	0.1452115987046228
202	207	0.2537942962507398
205	329	0.11366405669239642
205	652	0.10198660831851515
206	658	0.10160319903036087
208	420	0.11180089954418651
210	384	0.10173856446280319
211	492	0.1127185638232613
211	615	0.11139048814781109
212	769	0.12866923830914584
213	361	0.16396874673745426
213	362	0.11006043739004504
213	743	0.10210204550219522
214	344	0.10946737716372111
214	483	0.1515799518709269
214	523	0.16438449887123888
215	601	0.13479364822474596
216	266	0.1950602618062485
216	340	0.11394086082466487
217	775	0.1361668126251127
220	381	0.1308015059849091
220	629	0.10618429275534252
220	730	0.10573737264430665
221	319	0.11287161573909174
222	440	0.11749114942142033
226	744	0.10550175749467948
231	505	0.11429449645876176
232	723	0.10270665567973288
234	408	0.11398135540501737
234	465	0.1567960450289106
237	630	0.11286363872045364
237	835	0.13405845334926242
238	247	0.10841149918970744
239	569	0.1016799668567586
243	598	0.10270564211515913
245	265	0.14303816393779267
245	493	0.11443836949626388
245	616	0.12179992446229958
245	651	0.15217963193737344
246	494	0.2492958397213949
247	481	0.10358871645873183
247	495	0.20206847242737155
248	404	0.10576790731539781
252	796	0.1038930596849694
255	485	0.10897205392354078
256	302	0.15017698290522613
257	258	0.223426719733103
257	756	0.10111881341868387
260	335	0.11193446863381072
262	459	0.11456014160861976
262	586	0.10311430400061045
263	502	0.1044764155549749
263	777	0.10910894382064902
264	635	0.11264288094053625
264	769	0.11774757237479293
265	539	0.13957138804647068
265	633	0.11232139863296343
265	651	0.3020127827418853
266	340	0.10850788982379113
269	270	0.2247361246570828
269	273	0.11426528420114912
274	369	0.12681938854842456
275	475	0.1027575846313677
278	470	0.1114347256788858
280	296	0.15862029258873003
280	300	0.15235676495180794
280	821	0.22365311190540887
281	286	0.2641835977856717
282	481	0.11824570098562402
283	684	0.12329448998141691
285	503	0.10998267231162781
287	293	0.11478849843161075
288	540	0.13615609223919506
290	292	0.18595863274692387
290	692	0.11525377231652126
290	711	0.10530122517680213
292	312	0.20468157142460883
296	305	0.10114593188674144
296	310	0.10130167523377487
296	397	0.10694733810274178
297	332	0.12220806139408283
298	299	0.11625647907738043
298	657	0.19420925469120537
299	712	0.11559542689133048
301	782	0.10607033995577715
304	642	0.10956319655924761
305	397	0.12420789566238441
305	826	0.20846496570693354
306	316	0.105394999792051
310	827	0.12372397682555414
311	463	0.11825885979576425
311	730	0.10163976766376687
312	521	0.12585700687558257
316	721	0.13397663466123264
318	375	0.13000783791821308
318	653	0.10984971630246732
318	779	0.1668126824734769
320	358	0.12232076388537598
320	360	0.11145387222356774
323	673	0.10230251941185807
325	624	0.3989337370113229
325	751	0.11175051363990315
327	342	0.11345112587376412
328	676	0.12123486842514673
329	453	0.26235148924271856
329	652	0.12612484719186295
330	807	0.15232153702552617
330	808	0.11152876118386587
331	524	0.1977751920378507
331	841	0.14446127198633532
338	738	0.12748949444933944
340	494	0.11396767227603866
341	643	0.15638387526510283
343	685	0.11105998992196603
344	428	0.2870622569397226
346	348	0.2062582395713229
347	707	0.12455765968212744
347	713	0.1991374024736457
348	660	0.1008938133769707
348	710	0.11156617479415297
348	724	0.10198046190445413
349	480	0.141689204099811
350	635	0.10326802247601458
351	543	0.10585188076397412
353	542	0.12364078483254559
354	397	0.15399779109220324
354	443	0.12712893988143117
354	596	0.10311682132895976
354	789	0.10645296374615479
356	776	0.11847173717685355
357	359	0.18017414225094433
357	806	0.11781800363910276
358	554	0.10752918566982649
358	752	0.10310275070834503
359	802	0.15299244303879644
359	806	0.18948955596858139
360	436	0.15386584183815355
360	448	0.13961788733056446
360	599	0.10343261644679158
360	818	0.14535106994800182
360	828	0.10187153704507929
361	814	0.1999842054109489
363	842	0.11319876442490717
364	431	0.12707026091759507
364	790	0.17260913057305619
365	371	0.11019778838461865
367	457	0.10168250350805604
369	373	0.11042519954063813
369	544	0.11271225426130967
369	711	0.11079252663754954
369	715	0.16785655689228
370	371	0.3973698599177807
370	455	0.186150805694221
371	375	0.15310130856492912
371	450	0.2163370368080549
374	549	0.1058109451246753
375	455	0.1443510767904153
375	528	0.13860846753807188
376	550	0.11107762601497326
377	517	0.1322032219994792
378	448	0.10029768947753782
378	818	0.14468270577504244
378	830	0.12449765401744606
378	864	0.1252843731979856
382	559	0.11107846072620499
387	732	0.10896374143315601
388	588	0.10764701468752895
390	392	0.14439775775800703
390	469	0.11841353977798412
390	621	0.1397890154696816
392	775	0.12498182885313087
393	472	0.11425106934268871
395	865	0.10418577803528088
396	465	0.11921934098255157
398	448	0.1115915932313797
398	861	0.10882022168712853
402	647	0.10130068265201556
404	670	0.11190300185971798
405	659	0.12422473848220351
406	490	0.15219730873704498
407	663	0.14897988879776852
407	824	0.13200718617174678
408	427	0.12660229368076004
408	599	0.10778215160152801
408	751	0.2964291408352464
408	755	0.29995501383756146
410	509	0.10051722139037088
411	552	0.1506201116088475
412	496	0.10339779175818811
415	609	0.11502312183609206
417	419	0.20456484504225508
417	823	0.10183346200484795
419	429	0.19816678589845826
419	667	0.12023156374483257
419	788	0.10824494809197686
419	824	0.15286272291807929
420	503	0.11692720955011732
420	541	0.10115786152090069
420	847	0.10090368330511612
423	552	0.15112736534731555
425	642	0.20981756824946451
427	624	0.1404401810915248
429	573	0.16432452165177355
429	788	0.10103079175815721
430	523	0.13188960650949882
431	633	0.14633052019993575
432	481	0.12395596959887653
433	441	0.24908680366639002
434	444	0.11845505045800556
434	727	0.1234161193293395
434	732	0.11141784532700748
434	735	0.1169355870160039
436	448	0.11921095626424554
436	828	0.134531920581398
436	842	0.19106919535951303
436	848	0.1826803062651319
436	864	0.21060403529318467
436	879	0.4138321405707577
437	441	0.2201825564951134
438	591	0.1061673871919064
439	445	0.1201936959146481
441	712	0.1184061578996127
442	714	0.15925949607892764
443	608	0.10214192466527511
445	701	0.15455688582774427
446	700	0.13269225770448725
447	619	0.11282960581607464
447	709	0.1483090917480507
450	453	0.2982491708410276
451	455	0.2727757390982759
451	847	0.12552547296273922
451	876	0.11744683981722827
453	455	0.18705877385197278
453	528	0.14165006943232641
454	490	0.13714998053531038
454	501	0.14030416878899027
457	490	0.10139612238724394
457	498	0.12249137183164545
461	836	0.25504164339107094
465	503	0.16345752497679228
469	615	0.1446960667463253
472	516	0.34351719091411886
475	840	0.12079048417273142
476	478	0.11664180707212034
476	517	0.1415386470014526
477	838	0.10474235469333266
478	480	0.3137599429836171
481	657	0.10144994336372548
482	506	0.19574083782862772
482	630	0.1004361087436362
482	749	0.11373983797548894
483	486	0.21617302198643734
483	606	0.11184837964455635
485	489	0.18017006203494385
485	663	0.11611422936555361
486	491	0.16318430348672097
486	571	0.15267439618197545
486	752	0.15641055002206294
486	778	0.11938473316188575
486	862	0.11639555673183423
486	869	0.1461726586917234
487	490	0.12838622139377578
487	505	0.1382554022074926
487	677	0.11672693732785745
488	500	0.13582320570378068
488	501	0.10431649181580378
489	678	0.14668983885990997
489	726	0.12401186797251307
490	505	0.11451239441618079
491	663	0.1440126507451409
492	569	0.10921987918002819
493	616	0.1608695702107035
495	721	0.1343958382723491
496	769	0.15245917258488528
498	847	0.10405999697617334
499	522	0.30892208183705344
499	776	0.10292806701240019
499	818	0.14567261251382826
499	842	0.12263685039764655
499	864	0.16062732384382564
506	716	0.11518667426655885
511	852	0.11303477850659822
513	819	0.16183899008981245
516	584	0.10278644780013167
516	871	0.11361024520014426
522	750	0.10509060854361418
522	754	0.1256978655382817
522	799	0.14996095761032666
522	818	0.16689940147175436
522	872	0.1425968272056344
522	879	0.277756037097489
523	703	0.1490303607395177
523	822	0.12751241730938853
525	852	0.14880768118844404
527	543	0.11223953687770176
528	646	0.10141323825203875
528	779	0.10796556726322551
530	535	0.21280360853643865
537	539	0.14545001089711268
540	657	0.13375272092863116
540	729	0.11863838832407168
540	805	0.1146281456500046
543	547	0.2470838506864597
543	548	0.18659914008744902
543	680	0.12721238247152128
544	550	0.18481703971151697
547	548	0.14027226379062768
547	549	0.13370979901068222
550	764	0.10547548786885182
551	767	0.13857707990627807
552	799	0.18345560238657532
552	872	0.137514647859107
557	769	0.10786003311522889
557	865	0.13505464146347373
558	671	0.11079188569152129
562	581	0.10661977105674986
562	851	0.13378149034527895
562	875	0.11624858680770926
563	570	0.1572969303214096
563	576	0.2035391651655415
565	635	0.1016707231953029
568	577	0.17181928540670288
570	605	0.1023734730566815
571	869	0.10629276503403345
574	579	0.24282508404615483
574	743	0.10275921851597024
575	579	0.11406155572596677
576	580	0.18652602590849593
576	587	0.11771205175526209
578	700	0.12495798981514283
580	587	0.2063222147845692
588	742	0.12606871241917122
591	592	0.10074042931996241
593	595	0.29800717889840395
593	596	0.17858480181070377
595	596	0.21824977463957057
595	608	0.12497818594961638
599	776	0.18953255717324083
599	778	0.11626727798150467
599	842	0.1366779017928784
601	604	0.19323114398514946
603	644	0.14767714784099453
603	710	0.11000018103760988
609	612	0.18091730374345832
612	789	0.10337034678727806
613	645	0.12007103478924182
615	701	0.10909329091602402
617	851	0.10045818125451966
624	751	0.30701111515227325
626	631	0.11062502989647979
628	654	0.11610436514719455
629	631	0.13538690340590276
630	676	0.11251200312470296
630	862	0.11910520831165505
632	634	0.17420467294560343
632	865	0.12517592260694882
633	651	0.19133840229095664
635	642	0.10191428840544306
639	803	0.10401336265978947
652	656	0.2522845430373598
654	655	0.2158207794683084
655	656	0.131448329554269
660	856	0.10386143999058581
663	667	0.16689124551474366
665	857	0.10329602269128116
668	816	0.10273048966427337
671	679	0.23272726200205338
671	729	0.10740458766088377
672	869	0.13167040974400038
679	759	0.11875543036888846
680	683	0.11939317682084324
683	720	0.10517158085604947
691	694	0.23664662247601165
692	693	0.30767669004519127
692	779	0.10248624060890013
695	840	0.12923990381499256
698	699	0.1074092848181031
699	704	0.22467944499161102
699	707	0.1782266713384631
699	716	0.18176277802743523
699	727	0.1452014132102319
700	702	0.10112930515417715
701	712	0.10160954112610873
704	720	0.19363546855213198
704	735	0.2255351997536145
705	754	0.15924917362183064
706	709	0.2825316032832014
706	712	0.2663372989476609
707	716	0.12775345816421108
708	731	0.22213117897967666
709	712	0.2213768796227621
710	715	0.11031439744918917
710	716	0.14665485674181405
711	713	0.40137278248878483
711	715	0.10514165012998011
714	802	0.1257533632743223
716	717	0.16137671171051537
717	735	0.186849938927167
720	727	0.24458552152310514
720	735	0.11104969651651242
722	723	0.1419171112405455
722	869	0.13218336144245038
725	832	0.10065362687936558
737	760	0.10907943649596927
738	774	0.1411484456240659
739	780	0.22123267841394662
743	838	0.11603037382843895
747	770	0.10138284224979034
750	751	0.10906548858239194
750	818	0.1038368753157469
750	842	0.10161150249851367
752	778	0.10102246008804247
752	866	0.13609842166227487
753	755	0.12958974854384947
754	864	0.10168809794962477
754	872	0.1964556845233693
754	879	0.1183679434608442
758	781	0.30406042875941763
758	794	0.11350750647734476
767	773	0.1743726870526855
774	845	0.12306737161392613
778	837	0.10635819320801544
779	845	0.1474997801756636
782	793	0.1415586481963022
784	786	0.12272445556883983
784	792	0.11159509981907842
788	797	0.30005844323101427
792	797	0.26623698776206955
799	837	0.16220791312021815
802	806	0.13384918422403375
804	815	0.17212149701437893
807	808	0.5412703271275929
808	816	0.12336053575501287
813	816	0.12083306151505031
818	828	0.1568954736386758
818	830	0.22831343383509073
818	842	0.32238982779617176
818	848	0.2818185922209457
818	879	0.2210140354108781
821	827	0.13159777222421426
828	837	0.14455943497926965
828	842	0.10447015672476799
828	848	0.2820519992776319
830	842	0.11394030457862385
834	835	0.22036657806491572
837	842	0.1352552745059536
837	848	0.1577654725063296
837	864	0.261905722182391
842	864	0.28720699467897914
842	879	0.3795668963574732
848	879	0.2534757298285224
849	876	0.1106205898388212
851	857	0.14670484196823735
855	856	0.11870317143528633
856	858	0.12202500669038735
857	862	0.32425800630495927
864	879	0.4072174604915067
872	879	0.1130114292948225
