0	401	0.1027928200257676
10	825	0.15075710631029235
11	822	0.19758835632204932
18	856	0.17680871171101328
19	390	0.18375280108785413
31	866	0.13239800050467318
31	879	0.1081209958797622
32	551	0.25399908330344007
37	39	0.17217413580885213
38	358	0.10281887256395524
43	51	0.15487801078987634
47	102	0.10743860881828587
50	407	0.12287481305038654
50	417	0.13121314462354827
50	419	0.12845204668453358
53	157	0.11274292243271136
54	642	0.1338461352671494
55	727	0.10388198539533783
63	64	0.12620752459958998
63	66	0.13029679622870752
65	67	0.12793814528452796
68	251	0.11507142909655654
70	73	0.19059427740998303
71	712	0.10020952791043808
73	715	0.10421460206341625
79	245	0.16296963726529126
79	431	0.1189331654109493
79	616	0.10816936033720788
82	454	0.1071439953461749
82	457	0.16740396604821475
82	482	0.15789621878046278
83	685	0.10195721391385555
84	613	0.11347173129118687
86	474	0.12601364415173733
89	423	0.134827862931709
89	427	0.2709912152148182
92	325	0.10391139211695392
92	753	0.19111062144263607
92	755	0.22402149381010533
92	805	0.10532632102267105
93	237	0.1221136051378422
93	459	0.11234465271790349
94	423	0.16543655961812362
95	107	0.11079346510319145
105	766	0.10865140146204867
114	764	0.12057370587258058
128	676	0.10032697715201566
134	635	0.16092263910182564
135	278	0.10558917781699036
142	743	0.11422065535411426
144	865	0.1158468690772728
156	841	0.1244572208949063
164	805	0.1005188180725609
171	180	0.163141487885177
174	183	0.15081897960561266
187	202	0.1845784665001922
188	199	0.15851251973423092
188	203	0.24849567973330453
189	502	0.13564603460537789
193	646	0.1342874204109508
194	258	0.10502739430739086
196	780	0.1389669436285752
197	201	0.2419065453396812
197	206	0.17529729340810296
199	203	0.207649731278365
199	855	0.12376145695371643
200	680	0.10253654992249692
204	208	0.11698126976702117
229	775	0.11881235519860232
229	777	0.10808225015880031
230	231	0.11225722805595524
237	834	0.20024423644945952
237	835	0.23202304938243273
237	836	0.23960403052348547
245	431	0.10949400223861534
246	494	0.10513110304763089
265	537	0.12243889991989756
265	616	0.10214216994573251
270	273	0.1232402539386078
280	296	0.13701091212294597
280	300	0.27851795968053616
280	305	0.12405637236330279
281	634	0.11854622493753307
287	609	0.12070271761952596
288	540	0.1060704663236711
292	312	0.1883976545315121
293	306	0.10680577999547906
294	299	0.12662358540269847
294	415	0.1566481460566239
296	305	0.1003518351836277
299	309	0.19794203377433306
301	787	0.10032708418279561
312	678	0.15116638035301055
318	455	0.10611811375172338
318	739	0.11433331504703967
322	474	0.11805557917676235
325	427	0.12007008598103959
325	753	0.10441688960448488
325	755	0.10389751722681052
327	817	0.1396559522570799
329	375	0.10345817015469905
329	450	0.16535450919165487
347	348	0.184395234918387
354	596	0.13133693137971394
356	358	0.10778980513330516
356	522	0.1623019094048858
357	359	0.13872251494274548
357	372	0.11126504779409102
359	362	0.10396112999931156
360	363	0.16319668581964872
363	799	0.12287853460842299
365	450	0.1048982055816099
365	451	0.11220485035219332
365	652	0.1053478077489224
367	421	0.13806423128736833
374	376	0.21868467129511363
378	436	0.15602031236387676
378	522	0.15221444192675365
378	818	0.11834906495392251
378	830	0.1999232371129924
378	837	0.1779591515080541
378	842	0.12582592456292835
388	635	0.244656796014247
407	417	0.12144583134210998
407	823	0.12052031965644312
411	755	0.11926068728820594
416	824	0.1602894854164855
417	429	0.11381403956717917
423	624	0.10501435728292931
427	755	0.15751960441235727
428	519	0.16698501811281435
431	537	0.10797350496617263
431	616	0.1348226038635536
431	633	0.10779723954823416
441	709	0.11010871384486573
444	763	0.11785620465988932
446	700	0.3509679193195788
450	451	0.10929947814938551
450	654	0.11508531751887095
451	453	0.18981447169701776
451	455	0.2341986538984041
451	652	0.10191854800330744
454	500	0.1669544379469117
460	834	0.11234809515055194
460	836	0.15701503329053174
465	674	0.10368572725540291
467	468	0.1988592207630579
482	490	0.13273819514715748
483	484	0.3926216031099996
483	485	0.13666824688038404
483	869	0.16488659367594713
484	869	0.10208468109773709
485	489	0.30021381749691783
486	491	0.13953556841094011
488	501	0.13605730781499717
490	500	0.1414280340445332
493	539	0.12044483622080632
499	842	0.19151269815140212
512	513	0.10070477905498999
530	535	0.1675633167903724
539	616	0.15013900708039352
543	548	0.1990097708872181
543	550	0.21994544756502024
547	550	0.15203185958588097
547	680	0.13064952143383998
552	599	0.18310908974006826
552	754	0.14634074998563226
552	778	0.11704536584949184
555	818	0.11589441396894401
557	865	0.17504314573727614
566	575	0.14853864514936324
570	580	0.11610528723653608
575	579	0.19721492118106565
576	587	0.12280623328051912
588	591	0.12183093657420947
599	752	0.14170574286901202
601	606	0.1250877754518516
604	605	0.12599988429475745
616	651	0.202177636117162
624	751	0.13169499538073473
626	629	0.12076539275075789
640	642	0.13194956186101062
645	646	0.11919937072463917
646	847	0.21230918945328775
652	655	0.21002699168811856
661	667	0.10194090236071482
663	667	0.13687273303793132
663	824	0.10435970565035683
667	788	0.10903653040077563
674	831	0.12095133407639622
682	686	0.16232919891418243
698	717	0.12036073250017075
699	717	0.12084713204975678
699	735	0.14609324630906764
703	706	0.17101762825550076
704	716	0.1785404775819323
704	717	0.11912463257083054
704	727	0.2121827401391581
705	708	0.21004773702027346
705	730	0.1921990734702885
709	713	0.12378122613529141
711	712	0.11839503438432758
716	724	0.19555916454758596
716	727	0.21595119399122967
717	720	0.19942501218224612
720	724	0.1500927396185206
741	744	0.11114081710054637
750	799	0.1064970833269484
752	776	0.10459069337700533
752	778	0.10134912347909858
760	771	0.12606959516590377
761	762	0.10239342342635557
774	779	0.1001657259497696
789	879	0.10360738786466549
799	818	0.2402954480760253
799	830	0.2487581953852038
799	842	0.1239299490098683
799	879	0.15296489591668236
804	815	0.1873290602785705
806	814	0.14284279109146944
808	813	0.21949530892856706
815	816	0.11100310124318659
818	828	0.178981977616347
818	830	0.2908222877530984
818	842	0.1024011675747393
818	879	0.20288923325632627
828	830	0.11928495638879204
828	866	0.17492650219531414
834	835	0.21758699809257936
834	836	0.2696507710915744
835	836	0.1883501209463551
837	842	0.1043316087601803
837	864	0.19530488456089265
848	872	0.13832023112869904
851	857	0.11000797842402217
855	856	0.15366037996934456
856	857	0.1211536225506992
864	872	0.260180664473314
