4	234	0.10126938213667318
4	503	0.11702423459765346
10	625	0.11487182495921794
11	523	0.29509183329006383
19	560	0.12217083316017249
24	159	0.1070442668595093
27	71	0.11907707542957803
31	436	0.14292687383510919
31	864	0.16423493097050398
39	665	0.10365041843599304
43	51	0.10154801903461133
45	443	0.10321946539181778
47	766	0.11716293510967066
50	417	0.2020822288914957
52	709	0.11080130153199706
56	764	0.1155524586171497
58	249	0.11718708681891048
60	512	0.10419555832169869
63	64	0.10685576191825612
64	67	0.35436372262860644
68	71	0.16364712114027646
70	73	0.27822084180664874
70	430	0.19523193318783677
73	430	0.10007910942097117
77	877	0.1010955549961297
79	616	0.20992163246542486
81	130	0.21633152908849868
82	457	0.14996154148073806
82	487	0.10891999377652013
85	426	0.10027267646676263
86	322	0.2728138000077285
86	474	0.11090146718439814
87	716	0.10251312647693474
88	90	0.15169977804611232
89	325	0.18996710701968206
89	427	0.15243576469438186
90	324	0.13007939895531578
91	819	0.10125154266981978
92	423	0.188175168927414
94	624	0.14681883819157773
95	125	0.11001941576342238
97	234	0.10288808082278206
97	692	0.10458963257087261
102	139	0.15671019378486195
105	108	0.1749176112627291
108	823	0.105660863953395
109	112	0.12150909300394712
114	544	0.12113589530779403
114	547	0.10447046350639401
114	764	0.11179627483420343
126	813	0.15761874631718395
132	390	0.14564298502121764
138	141	0.1179441006899636
145	393	0.10487290513181857
151	779	0.16027328377602928
156	331	0.10063291227323778
160	578	0.10432738792827898
168	787	0.1227640873439475
168	790	0.10982612543948365
170	436	0.10022926747036347
171	180	0.11081087651796302
172	174	0.11348214686365174
174	180	0.12151075843745018
178	271	0.10145720292763531
186	235	0.10384294932864203
188	779	0.12701034334814967
189	200	0.22184493075341088
192	199	0.10180477360539783
195	201	0.13330305444191023
196	876	0.1256850971392406
197	206	0.1583114602836441
199	430	0.1018329571062573
200	208	0.12483147940445113
201	658	0.13186721020049344
203	779	0.11161509304730227
205	329	0.10255679807641796
205	547	0.10470457203225096
210	471	0.13436430132146487
211	701	0.11452510282010218
214	491	0.1442560747041535
215	489	0.16714071922992402
216	246	0.10669137612066777
231	686	0.12786352853851504
232	722	0.10490249729712167
232	726	0.1421112559845892
236	770	0.1060284618013034
238	474	0.1007328631624079
245	493	0.16843829866678678
245	651	0.13774649498096195
257	258	0.24396649829935596
260	619	0.13842290691734901
264	266	0.11529004592080105
264	588	0.12275084936524001
266	684	0.10752980739451257
267	538	0.15957539655047026
270	498	0.10118737611773387
277	421	0.11345541206103084
280	310	0.10258220117468547
280	821	0.1584818620615772
283	340	0.10351749987201707
290	312	0.2319852957418576
293	299	0.14103338446519664
294	415	0.12125352145682353
300	826	0.10589100345865857
301	302	0.12969303807754107
301	342	0.109915998629093
311	708	0.15108355774745355
312	422	0.15000662078632687
318	646	0.10486083530011155
325	751	0.30387172550245334
329	652	0.2862401617650662
330	677	0.10582280171752038
344	428	0.10062413426772353
344	519	0.13802083210279562
344	622	0.10997724857824648
344	756	0.11901876843451427
354	593	0.2028318817010734
356	837	0.10809128795006107
357	359	0.14451924725542986
358	360	0.14948765721462284
358	754	0.10521792624787107
359	361	0.19794924706415898
360	363	0.1280548587845049
365	370	0.22848541971269654
365	371	0.17057510320896266
369	380	0.15423389915144367
371	450	0.1362563637977758
373	380	0.10242056161353177
378	830	0.10945380656488897
378	848	0.1273723684432519
385	867	0.16936042954929983
405	486	0.13364642317140737
405	491	0.10460767055205755
406	487	0.11148375946487128
406	506	0.16401910728775715
407	419	0.17928115243300827
407	429	0.13197052054526826
408	753	0.1402468977865055
411	753	0.22695196909706664
416	573	0.2104253560585915
419	429	0.16471052887121765
419	824	0.18872184204926074
423	751	0.1320149793169332
423	753	0.1363554605920411
424	630	0.11153839955245318
431	537	0.11165518006414096
431	633	0.2377047206383152
431	651	0.10974391567739021
432	736	0.10957350151617871
432	832	0.10350023338106842
434	710	0.1065412774273163
434	716	0.12419260644243219
435	745	0.1053273794598255
436	522	0.13552459888766044
436	830	0.12308006349572907
436	837	0.12335513963274759
439	441	0.16213471446835676
441	701	0.10023075266007013
444	704	0.11672928313638208
445	701	0.3036067503819301
447	638	0.11153895414906709
447	711	0.10886885445485509
450	453	0.13632687286459108
453	455	0.14977920973951128
453	654	0.13152422186284715
454	488	0.19708178603143775
454	506	0.18969282125734274
455	654	0.11720557058727667
457	498	0.13504996634199104
458	594	0.12811812295056638
465	466	0.1037458519186551
470	495	0.11006417476998943
472	516	0.15911198347963265
482	490	0.18526671828626662
482	498	0.13097980183694857
482	500	0.12218827728060803
483	489	0.11596041010662184
484	678	0.15160500157387735
485	678	0.11218002606217742
487	498	0.1144831261814573
488	501	0.11097354017598526
488	506	0.115917044503425
489	511	0.10889775578096768
489	672	0.10255963198057773
491	511	0.1806036814794835
499	837	0.12825998500087396
499	848	0.10141151392984368
499	866	0.20105996788847078
501	506	0.2353803991223672
520	533	0.25379379489787257
522	750	0.12559674469233695
522	776	0.10831494503337338
522	799	0.13070087786926793
522	830	0.10957753115082
522	848	0.14425432184614034
522	864	0.10663286151636604
522	879	0.15179350010958687
528	652	0.12025793969704729
539	616	0.14051741112479307
543	544	0.14171522601641887
543	548	0.1089750243159707
543	550	0.13870223183093344
552	750	0.17740110210306637
552	752	0.14612469695840935
552	776	0.16927710250920697
568	678	0.10072154499320696
569	579	0.11902113827184416
570	576	0.2191849551590297
580	587	0.14743838976449314
585	586	0.16083201871547378
586	833	0.12876330800228192
588	763	0.12827748270931377
591	592	0.11867186128081719
592	593	0.11444363368356948
593	595	0.12894936515520067
595	596	0.12370289898978343
595	682	0.10457404993213101
598	645	0.10599396433995403
599	752	0.16834138979416735
599	778	0.10623585607520265
601	659	0.10843509555921206
609	612	0.11652388567767782
616	633	0.10193522861704125
621	839	0.1002499278137617
624	751	0.2225040638801705
625	810	0.13469464472284787
632	634	0.130465018431487
638	855	0.10729104447489494
645	844	0.16506270343147608
646	847	0.11372941203168883
652	655	0.11701123136370116
653	656	0.20805943561350854
663	788	0.12617732038174
671	674	0.27234982832687554
675	676	0.12997410713541363
675	677	0.16629825391203867
675	808	0.11991075943137784
692	693	0.2144760525338375
699	727	0.13218192017438546
702	708	0.11401423700057542
703	711	0.14340601595398417
703	713	0.1703500063703257
704	717	0.10845232578709361
704	735	0.10933174473113162
705	708	0.18094467378992649
705	730	0.12854136393563245
706	709	0.1308991624771723
706	711	0.10110446956647487
707	710	0.15278145610379054
707	735	0.15005410841905675
707	763	0.10661859027875686
708	730	0.12664231331915118
710	717	0.23969503003256773
711	712	0.12856927416302238
716	720	0.14602082526953147
716	724	0.24325742332566375
717	727	0.11697768767094038
726	862	0.1060087750696725
750	842	0.1023170018366315
750	848	0.17136869434375415
751	753	0.1126327597610543
754	776	0.17664275809669774
760	771	0.12151040951293357
770	843	0.1101346967730626
778	818	0.10753603041083917
779	799	0.10424184043640226
786	788	0.13942463189684431
787	798	0.22756618830166142
792	797	0.144933182436142
797	823	0.10846173840120266
799	828	0.20277600186815406
799	830	0.19353231213297906
799	837	0.16163177193392164
799	879	0.16556211500886625
801	804	0.10481729005554577
801	808	0.17138897067070588
802	814	0.2537014840469345
804	816	0.12831931159514312
807	813	0.279129065092402
807	815	0.14601947069240115
820	827	0.1437521376524189
828	837	0.1732171305610478
828	842	0.1164609455484592
828	866	0.17384307508703856
830	848	0.12465313339848386
830	879	0.3698711536326552
835	836	0.21579258860745337
837	842	0.11440841272711635
842	848	0.19050848046573207
842	866	0.3416754121293901
848	866	0.2848471241775779
855	856	0.12210548019394418
856	860	0.10037620633985167
857	862	0.14482159727723473
858	860	0.18299649630912013
864	879	0.1492715899102013
872	879	0.1301363910635534
