0	279	0.12565923373126384
0	285	0.10889240053457941
3	642	0.2549574006077781
4	234	0.13919624922477683
4	325	0.10377913433090709
4	755	0.10688838466013896
6	35	0.1155726348850328
9	150	0.121898758073052
9	582	0.10183969616626644
10	810	0.13214209763301255
11	70	0.26270394039904954
11	73	0.1731003039768476
12	730	0.11477924960607623
13	697	0.10749552459506768
15	223	0.12670234881705833
17	716	0.13589755029670486
18	188	0.11445392608144238
18	489	0.11452131500335141
18	491	0.14777950686909774
18	851	0.1612200345184153
19	236	0.10532949869898445
19	629	0.10577999936825701
21	647	0.12498187815950788
22	43	0.18134161306174149
23	840	0.1258223741689787
25	26	0.2432764375109557
27	68	0.17578580631881652
27	315	0.14608465685156202
30	551	0.18185442021942275
31	40	0.10001727134854393
31	448	0.1063751305894745
31	522	0.11384874517649539
31	818	0.11899744181167798
32	640	0.19479054847080338
32	857	0.1518471799879872
34	270	0.1007904194596331
37	555	0.10755697951993173
37	599	0.10109906861304525
40	426	0.10544489138298234
41	399	0.17671490483868996
42	368	0.11424136252369259
43	48	0.12602010380588552
44	400	0.2162182690454369
45	596	0.12252084188995732
48	51	0.3019510774662958
50	573	0.1416805012089401
53	630	0.27344665240063326
54	865	0.10459650543245425
55	704	0.11703355396065357
57	499	0.10191597433693138
57	789	0.13026948682393205
60	664	0.11278405178425124
61	131	0.10985669688925806
63	64	0.435906893966375
63	65	0.10192530347133431
65	67	0.14978073530566735
68	134	0.11589989685294406
70	73	0.13467996417190334
70	422	0.10311609419093207
70	452	0.11006690329880064
70	523	0.1474144961993484
70	577	0.1095582031194989
70	822	0.2064844902223731
71	709	0.1156314941241257
73	214	0.1233486868906849
73	520	0.11058542728751836
78	634	0.1016206537998521
79	265	0.19633999609869213
79	539	0.1660249360132252
79	616	0.2121392219055419
79	633	0.19585546446446242
81	155	0.10477018639171783
82	457	0.11248965621767404
82	487	0.2574364953509059
82	498	0.1503644969949684
82	500	0.10128592618343005
83	85	0.16763491423739205
86	513	0.10998533156663433
87	323	0.17690343713674264
89	751	0.12755347885681034
91	236	0.10262405472001038
92	751	0.2266770413160036
93	236	0.10195796367827462
93	835	0.10815920169870326
94	325	0.31583849770539874
95	107	0.1156540416864653
96	109	0.11081440714219341
100	431	0.10451636574446053
102	105	0.10850643141575127
102	139	0.17942456884517582
106	825	0.10908344434331971
107	761	0.11002711422274734
109	211	0.15803027483887203
109	800	0.10661645136141076
111	424	0.1152797515470096
111	836	0.11054947171331435
114	764	0.19774723841128117
116	290	0.10498638168538581
118	124	0.13621959733826408
118	158	0.13768592913610053
127	801	0.13477983643119207
131	621	0.13406405003877336
132	469	0.11659395436269643
136	137	0.10448949485914251
136	163	0.10001525167598804
137	524	0.10540420956266046
140	142	0.157589339322518
140	743	0.10601090214969836
154	167	0.1497698543103308
162	163	0.1154614736793744
162	860	0.1037134814732606
164	288	0.27229147278688204
164	751	0.10573104926357733
166	848	0.13370725363559993
170	418	0.10826142880841712
171	176	0.17745314909001456
172	485	0.11341995669684005
172	491	0.10337334710598389
174	180	0.16360359738868002
175	236	0.10733806327043102
184	212	0.20987980764944897
184	467	0.10406670583303389
185	825	0.11803985892128335
187	207	0.11415289297785902
188	463	0.101114558549687
189	473	0.10129377268549969
192	780	0.11034202097437595
192	847	0.11023017933370026
193	845	0.13801641637378562
195	197	0.2266063120646356
197	201	0.10409755062352431
198	202	0.1108189534861915
198	207	0.26604477924068576
198	444	0.12838082628347144
200	846	0.12238905115435708
203	541	0.11402154735332323
203	617	0.11445900499577556
203	696	0.10061945858839066
204	418	0.12537617302322435
205	845	0.13437070476688528
207	645	0.11174599049885318
209	265	0.11091866651522114
210	314	0.10167245215425438
211	800	0.14697676728303052
212	467	0.1143330494961345
214	215	0.1928740228316034
214	428	0.10210853805458091
215	471	0.1339827792966199
215	484	0.1308889056076078
215	576	0.10960119926446724
215	869	0.1018018776176064
225	502	0.12587732606539795
229	338	0.11488487445900299
230	332	0.1571166840936331
231	686	0.19160457318767135
232	257	0.10107407417392293
232	485	0.10189531728622013
232	723	0.1716569027682142
232	726	0.12029280001478035
235	675	0.11596701047648869
236	620	0.10432699978116136
237	460	0.1523493362714659
237	461	0.11637818940625261
237	834	0.19376664213928238
237	835	0.21330570990625636
245	265	0.12062588465256731
245	651	0.2575307231259032
247	322	0.1344872052268417
247	481	0.10065866938894594
249	253	0.12978877728966748
251	253	0.21415225496390772
251	281	0.10429304741507192
251	463	0.12334022862421422
252	610	0.1089508145473133
253	774	0.11052072906458961
255	568	0.10149875262445147
257	483	0.10840332281760905
265	539	0.2166538837027264
265	651	0.1483683746563653
266	684	0.1276807058179904
267	698	0.10656987826884527
268	402	0.13074547620361784
275	470	0.10094844806177954
278	403	0.10433025811808759
278	413	0.10592916571881172
278	557	0.10863128035968125
279	536	0.10690576103246786
280	296	0.11966725934654006
280	300	0.16379055776910423
286	632	0.13104632465393198
287	299	0.10367178321432954
288	298	0.15194890502257435
289	698	0.12604138666443224
293	438	0.13014496959655242
293	612	0.1415560593088366
294	709	0.10558110843045256
296	826	0.19203710076088096
297	477	0.10139394628537733
299	443	0.16700542612471486
299	789	0.13914626749787282
300	458	0.11827748204352072
300	594	0.12439485418218954
306	443	0.14137392883996047
306	592	0.13042948286861436
308	483	0.10396015384853295
308	672	0.10846102076301573
310	821	0.13599166307068428
312	672	0.12085800325973729
313	806	0.12307092416070699
314	478	0.13528043042787125
315	467	0.11045130908277097
316	562	0.10671958555409375
316	742	0.10350388846010253
318	654	0.11279400202449931
318	656	0.11647344514715313
318	779	0.11830298194201652
322	342	0.11203016164342952
322	364	0.10429803064635383
322	513	0.12338529040793017
322	841	0.16924693813491695
323	742	0.10016554626902305
325	624	0.25096919917158755
325	753	0.16127950181338113
325	755	0.11435127427201999
327	476	0.10579985831191233
328	816	0.10151366252071131
329	371	0.15195895192343362
329	654	0.13536762581001335
329	655	0.13725177051130819
330	807	0.14332595022488068
330	808	0.10613897578041627
333	657	0.14926673989151826
336	337	0.10288436299837722
336	737	0.1155608542321684
344	519	0.25464992319910207
346	454	0.10789910810878707
346	716	0.14092622032630384
347	703	0.10219596837524215
352	517	0.1016884384791422
356	360	0.23246940301724098
357	359	0.14828031652833512
357	362	0.1365436415738695
359	361	0.2159102990770011
362	814	0.10568025963255347
365	375	0.11181900890239242
365	453	0.15077383366920166
369	373	0.12768017154067185
369	380	0.24512406709693574
371	450	0.10722810988788882
371	451	0.136594858554795
371	455	0.10236667104830381
371	528	0.10975323277990606
373	380	0.13814596964242565
373	382	0.11195302454569611
373	548	0.10042066240082967
373	874	0.10913092738656384
374	376	0.10820108033289166
375	455	0.18253585420160442
375	652	0.14048718115340822
376	380	0.11350930360393677
377	520	0.10647000228823107
385	728	0.10513646946209235
393	614	0.12267045245607003
396	671	0.10601613150355632
397	821	0.1699552810702312
398	430	0.16279963130367564
398	448	0.10334813389399045
398	452	0.10130762399955828
402	868	0.11740314144396599
404	621	0.10977601390549083
405	869	0.14009520817817614
406	500	0.10242034586561734
407	429	0.17289975971266483
407	823	0.2895858031785001
407	824	0.20940555620083992
408	750	0.11460939028112446
411	423	0.11294716026003619
411	624	0.26775665941131815
411	753	0.1222826299701284
415	592	0.10990114000168279
416	419	0.1156597895724695
419	429	0.1659872473949623
420	465	0.13022780349516797
420	739	0.12013470673298092
423	753	0.12037572105156197
424	630	0.13012455088668612
426	660	0.1779533875781338
427	624	0.11201821758900304
428	519	0.19416730978390911
429	824	0.15140016624806957
430	523	0.15977348021543744
430	786	0.11266727606191125
431	633	0.2114222251058557
432	832	0.183368680183931
432	843	0.1277637753157216
434	698	0.10231668404366533
435	745	0.10686310714833526
436	799	0.29557283307485444
436	830	0.1628919055844207
436	842	0.20045876305586618
436	848	0.10117259200023057
436	872	0.17500898621797953
437	444	0.11814807074417588
437	445	0.24130357104247419
437	447	0.11249872784952458
439	638	0.11930039253668218
439	701	0.24880950686745185
439	703	0.11135294573720717
441	712	0.1856136133480458
442	714	0.1672728273733392
444	717	0.12812781346054464
445	706	0.1312349796451834
447	701	0.16539785480036673
447	713	0.12420793098092128
447	785	0.10090046806554244
448	850	0.1063164177274476
450	656	0.1291137034677156
454	506	0.10570995613425943
457	488	0.16462218094167277
457	498	0.15473045715209852
457	500	0.1546578966253409
458	826	0.12137452085900481
460	461	0.21473995924519637
460	835	0.19074279792640747
461	834	0.15126178325970788
461	835	0.16725615526489943
462	463	0.22306730156214735
470	597	0.10328851182290352
470	873	0.10507404712481172
471	515	0.20818401698772243
476	478	0.2025991723681934
477	825	0.15348585813696583
482	490	0.13861799690739615
482	498	0.12653654248694388
483	511	0.12860593514345253
483	580	0.10912021782681695
484	511	0.1612397951439816
485	486	0.2570258527695802
485	491	0.1897302210422744
485	678	0.11857217593634693
485	869	0.21315803646924025
487	490	0.15269002013715435
487	498	0.10823693582633268
488	500	0.16407936746387372
489	491	0.13173700699029475
490	498	0.19186569780435966
490	500	0.18354022431980443
491	750	0.1132001720619802
491	869	0.1152753453531682
492	648	0.13849663559654143
493	537	0.2637369206055791
493	616	0.16359678722227677
498	500	0.1643154598967123
498	501	0.11518376645821615
499	830	0.13705175345477358
499	872	0.13486950116350024
501	505	0.2713308352399276
501	569	0.10117106137021824
503	856	0.13480204726410785
513	635	0.11257519724433332
515	870	0.11965528672188247
517	522	0.10460625303762695
520	533	0.1726571812338771
522	599	0.12604099407851602
522	830	0.17124332754781293
530	535	0.15288347419165577
537	616	0.12664324820441933
537	651	0.22795998768424308
541	774	0.11188840944267091
544	547	0.10854808555263447
547	548	0.23774223136057382
548	550	0.11133398086056838
548	764	0.15768715029879246
549	808	0.11040523511482495
555	842	0.10401730495862274
559	734	0.16261856446311093
562	851	0.10125584628947537
563	576	0.12824252940878106
563	580	0.1978417915146098
568	570	0.22059917827901504
569	574	0.2642772591299887
570	869	0.11487969202763292
571	606	0.11243591696279001
576	577	0.14300041396095514
576	580	0.11420463520095141
577	587	0.26883955550585426
585	586	0.15239870983273882
591	595	0.2570568528880497
592	596	0.2658143770598151
592	669	0.1008678021243604
593	595	0.12503132961555538
599	750	0.16281699521997473
599	776	0.247366003055585
601	605	0.19614727547723715
603	644	0.10602341200270231
604	605	0.14659662877430116
604	606	0.19905476166671246
617	696	0.207633997607413
626	631	0.3056008024023455
640	642	0.13024131515316997
646	780	0.1200246771270983
646	847	0.2105047418301828
652	656	0.15872960127239957
653	654	0.2053212369183935
655	656	0.31803682382693327
667	797	0.1285267382397495
671	674	0.12436969267419483
674	831	0.10410733955603689
675	677	0.29032237151907936
677	815	0.12334471429596222
692	693	0.10929245987603485
695	840	0.12197978867377311
695	841	0.11756635025226626
698	735	0.1242966842885392
699	704	0.23865695508544305
699	707	0.128990831239961
699	710	0.13643686581534492
699	720	0.11472439765741727
699	727	0.11306778938939395
703	709	0.10818268787767306
703	713	0.1635470702580251
703	715	0.12141798137966162
703	788	0.11729812049993557
704	707	0.21619650381921168
704	717	0.1410504671476837
704	727	0.33311864394319096
704	735	0.3069334410800543
705	730	0.1153091659987891
706	709	0.10548011798407213
706	711	0.2093045286969595
707	724	0.10150052171262658
709	711	0.1683374072113435
709	713	0.11914107386114854
710	720	0.20066606626101136
714	802	0.10545856626592588
716	735	0.23274969087257166
721	736	0.11462578996771239
722	726	0.10298377349547104
723	726	0.10820764598151565
723	869	0.1066771038682992
737	771	0.10254250451625235
750	752	0.24167955662702834
750	754	0.2373251811645577
750	778	0.18278814234411037
750	818	0.17521366535964758
750	837	0.15859697893096988
750	872	0.10145240358275637
752	754	0.2584854693621946
752	778	0.2241850298973454
760	768	0.1543521347253014
761	772	0.27736831628861003
761	851	0.14351745151030795
762	772	0.2202477043047154
784	785	0.1448847100411228
786	797	0.18488969606738123
788	823	0.10732576364023831
792	823	0.11281629175642252
799	830	0.26947137143392336
799	837	0.10210283221392227
799	842	0.15421873596926103
799	864	0.20123581277799893
804	815	0.16528261506193268
808	813	0.188227224665623
808	816	0.1232908626151629
815	816	0.17917912447986417
818	828	0.2826088474094519
818	842	0.24439275157032844
823	824	0.18833871344572653
826	827	0.10644639738071415
828	879	0.19129952496668448
830	848	0.10293378021088125
832	843	0.10651783505700196
834	835	0.11034628790264146
837	872	0.2511576555572336
840	841	0.13257263501251293
842	848	0.14380137814867366
851	856	0.16450327608513052
851	862	0.1386956826585714
855	860	0.1477986060447781
856	858	0.12802393255396818
856	860	0.1404510356107903
856	862	0.1201759361747752
858	860	0.15744443956818757
860	862	0.11950363275052783
863	876	0.10109874248274675
864	866	0.2328919088646106
864	872	0.11040634231060398
864	879	0.11887483472396786
866	879	0.16171796116273582
