0	4	0.12074761140267501
0	181	0.16113522176400297
0	278	0.1712550054173965
1	440	0.10245799656920439
2	11	0.1564471080047633
2	822	0.1734386105131827
3	57	0.10282956874626108
3	510	0.1049697532829047
3	642	0.21255055813766
4	201	0.12195276360029803
4	285	0.11039994205543673
4	465	0.11444814294393563
4	665	0.10474765193932378
5	588	0.10525956205893745
7	379	0.11360463284500165
8	669	0.11591594297734546
9	12	0.11383745873855415
9	190	0.10831584707318113
9	295	0.11089407449188401
9	529	0.11913708622925201
10	107	0.1155925527562115
10	156	0.1256332966120946
11	70	0.2819797915057001
11	430	0.267629396229768
11	452	0.17849051681976932
11	706	0.10266701478557336
12	572	0.16301457604065264
13	638	0.11371665476225894
15	332	0.11303746821444183
16	323	0.10485055451166193
17	603	0.11250783305983736
18	32	0.10336965144918141
18	108	0.12577862834593884
18	196	0.11182049464594036
18	452	0.10451951538463224
19	404	0.12842695544791077
19	560	0.14713846121505564
20	122	0.10686139067180674
21	83	0.12090913575849438
23	28	0.13685446735859502
23	211	0.1179180907624835
23	749	0.10989709456612662
24	159	0.16599885496125852
24	562	0.10168330678326035
24	800	0.12105454824643026
25	26	0.13376974105408965
25	245	0.11088663457825672
27	68	0.30553831937751474
30	658	0.10570152553990436
30	771	0.11584247264049172
31	149	0.10838295615452889
31	166	0.11391025174784503
31	378	0.1565529252714425
31	436	0.24941470798329193
31	522	0.28247210755446495
31	599	0.14309624766138856
31	778	0.1828323446699889
31	789	0.1281250447025852
31	799	0.12930656822003941
31	828	0.2506025655060826
31	842	0.1434577403716819
33	316	0.12555895206699558
34	44	0.1354647389798491
34	273	0.1261999441445012
34	467	0.10014162913608443
34	854	0.10025281967884525
36	53	0.13738977904324745
36	630	0.10393349078530031
37	358	0.15820171967733343
37	363	0.10904471249209799
37	665	0.13226419804328413
38	848	0.11205739261107159
39	776	0.12701182818501439
45	596	0.11098701453440489
45	711	0.11055710106762749
47	108	0.10554933858031837
49	360	0.10007960913516159
50	417	0.1497904885496654
50	823	0.26471655855809323
52	537	0.11560247146813311
53	454	0.10992230753191465
53	834	0.1373867548973171
54	269	0.11016143084997357
54	425	0.16125939868348718
56	548	0.10302025857667094
58	104	0.12373827346079014
60	337	0.10696406937714123
60	517	0.10026522892150538
60	831	0.14272575519147418
63	64	0.1451827956069427
63	66	0.2572358813903329
69	72	0.18739096195523264
70	196	0.13139325405564561
70	199	0.1762960167980209
70	348	0.10482891557276484
70	398	0.17874218246478632
70	797	0.10195445827997283
73	523	0.2726350060456789
74	149	0.13616976137993095
74	170	0.16209041618801906
74	401	0.13527705527355838
74	536	0.13855608398952562
74	772	0.1262359786566569
76	231	0.10599943053139596
76	263	0.15181755775271816
77	291	0.10179217958042244
78	760	0.19111188120353345
79	168	0.10643981057111927
79	265	0.14224269841012738
79	633	0.10851779900103528
79	651	0.24960413011169164
79	770	0.10507795088720154
80	693	0.13433016703091982
81	618	0.16247192547227607
82	454	0.1438750755644114
82	457	0.11427987414768565
82	498	0.10784233243767455
83	434	0.12534864357388142
83	647	0.13635581220970852
84	739	0.12289781314614955
84	789	0.11476604907956872
86	322	0.13099907279194734
86	513	0.16875829096584377
86	819	0.21808072947473406
88	324	0.11545621586627526
89	427	0.24982047897090634
89	624	0.20261967587714932
92	411	0.19160385240089473
92	423	0.10016436080564664
92	624	0.23245007459179595
93	178	0.14032718455010287
93	461	0.10927663176040066
93	738	0.11579797175165521
93	833	0.10192006758330248
94	325	0.2101650767277939
94	411	0.22108582405550053
94	753	0.40655767321871195
97	206	0.1303041992049284
97	234	0.16374950238452934
97	262	0.12437737927698797
99	137	0.14017239558434935
99	238	0.10165579293863422
102	764	0.10306630361842162
102	766	0.25368826781322995
104	693	0.12375932576932548
105	139	0.11666566594846603
106	509	0.10180212075836173
108	823	0.10318920589145061
108	824	0.14633324681675594
111	461	0.12374637311232191
114	824	0.11310062209735405
115	418	0.10148746975979105
115	615	0.10476214272323718
116	292	0.26321662840730964
116	334	0.10673109100739606
116	430	0.11175631422462622
116	672	0.10209512754298293
117	150	0.10889746783402283
118	284	0.19144260962293053
120	167	0.1124395700824194
122	137	0.10639423901090461
125	817	0.14031792966117196
126	128	0.21578592760056473
127	675	0.10122192555573126
127	676	0.15666962527858985
129	302	0.1240158946571966
131	524	0.10487274841601629
131	721	0.13127489531378903
131	839	0.1203209091314118
131	841	0.1102965945301632
132	617	0.10508729207912024
132	692	0.13416744129811536
134	635	0.14146933293771988
135	224	0.10559933138923162
135	282	0.10745869781912949
138	536	0.10411927731715699
138	800	0.10005245535517619
139	766	0.12030067735379534
140	141	0.10288079077377764
140	142	0.1688798547770249
140	803	0.11300874059906463
141	361	0.12779730573964357
141	802	0.17584159988368217
141	806	0.10176550388312852
142	610	0.12533820619265837
142	670	0.10435334132977882
143	144	0.12111481957493642
144	212	0.11685362424573813
144	760	0.11592086878157949
145	212	0.10546803023202717
145	380	0.1236514286867876
145	393	0.1911991949498819
145	443	0.10758557882162005
145	536	0.10203338603738006
148	640	0.11371147375146172
149	212	0.18689043325369828
149	536	0.17877479384698414
150	765	0.14378908478961588
151	318	0.20011471813141862
151	779	0.12119305671895945
153	473	0.10500936138933552
156	211	0.1114716168226179
156	238	0.13277717003128608
156	495	0.11222842141305873
156	504	0.10357792621817441
157	498	0.2657575811804523
158	861	0.10624846872769345
159	748	0.10013650257150986
159	749	0.10484355958606552
160	393	0.10082887163707412
162	761	0.10978788321800949
164	288	0.13329222032302382
164	772	0.10339029490647623
166	358	0.1086866508311037
166	522	0.1807339572944298
166	706	0.12491961110511288
167	397	0.11332008636085097
168	176	0.11135650843114311
168	245	0.10036997976421307
168	364	0.12939797483013693
168	790	0.1374849952024004
170	256	0.10564559964136634
170	772	0.10750219898338054
171	513	0.12622792781886538
172	397	0.11184307448376538
174	176	0.311880302758703
176	227	0.10397854860786267
177	178	0.11872414856832013
180	585	0.11533511042328813
182	200	0.11235503198652427
182	547	0.1019976392726945
184	264	0.10178208664553808
186	564	0.1076439080998509
187	202	0.11472654055766159
188	196	0.11153248345225539
188	199	0.15200968593238562
188	203	0.382522990097322
189	502	0.11035156934858016
190	529	0.12697211306360257
192	518	0.12246300547424893
192	541	0.12842639152409766
193	847	0.20143554261188545
194	258	0.21827505888212753
194	338	0.1231783368948719
194	590	0.1606023291991129
194	862	0.1065208576139789
195	197	0.14757348539599255
195	206	0.1398411551168615
196	199	0.14563458915251826
196	452	0.10195721789073885
196	646	0.1114800372411658
196	779	0.149746147512161
196	780	0.10011399816041763
198	207	0.43629935074146986
199	260	0.11999237779303908
200	204	0.13029220094019361
200	208	0.2674651122770037
200	838	0.1093286471450187
202	207	0.22259764282196123
203	462	0.10179194877808516
203	822	0.11573063978886206
205	375	0.12968357204514405
207	710	0.10807501755496705
208	739	0.10349917555292536
211	403	0.10338392047505775
212	264	0.11373109801699809
212	536	0.20511002782004184
212	569	0.11672142679440832
214	344	0.10114288194352344
214	430	0.13444287930712104
215	869	0.11840736395995959
217	229	0.10249448966983406
217	353	0.11744021904107876
218	233	0.29999286073825887
222	260	0.2080043174369807
222	335	0.11121991249275029
227	233	0.20951582073028682
228	233	0.10335639465260688
228	472	0.10088945370796416
229	775	0.12975360404215705
229	777	0.1422189305153605
231	686	0.1342625505196217
232	485	0.18476031265433993
232	489	0.11506749467016139
234	503	0.1497146668063727
236	674	0.1597675799409864
238	742	0.1021562509269469
239	829	0.10327109858043045
240	737	0.1343473758369491
243	517	0.10508326983672048
243	558	0.12498305616777575
244	589	0.11309121657598127
244	839	0.11510468840276067
245	431	0.11816508070116098
247	282	0.12392061966204189
247	470	0.14458397630670747
247	721	0.14442843950490059
248	811	0.11873804025676953
249	400	0.10347137516223066
253	541	0.1530438043694257
255	486	0.11421608682678168
255	568	0.11411288354660355
255	571	0.11982946711977013
255	577	0.11553538220370355
257	264	0.11141384153863819
257	461	0.10048429143681649
258	590	0.1291123911544521
259	496	0.14845542539563805
264	635	0.11588847032346565
265	537	0.12253015560913375
265	539	0.2656885577122045
265	633	0.1355141285642852
266	321	0.11583508675442988
267	434	0.13047788563006896
269	273	0.1501231756073618
270	273	0.22759031295902415
270	505	0.11430808957359812
273	505	0.11561224354174994
275	470	0.11471150563440194
275	560	0.10260394580309008
275	738	0.10334070606930663
276	476	0.11870711589228036
279	300	0.14551681304711897
279	536	0.2196677147187745
280	300	0.29640940204335253
281	286	0.11240050368788064
281	313	0.16698280982051816
282	851	0.11835535444186994
286	713	0.11252947200080153
288	298	0.11897226032931137
289	308	0.10266508509180901
289	873	0.11680990834635835
292	312	0.15893470392524542
292	678	0.10967853190706699
293	294	0.24198454779592868
293	415	0.139617134963622
293	612	0.15921341200821051
293	715	0.10252083200952819
294	715	0.10573203053696556
298	309	0.10313844841232069
298	657	0.21626561442755154
300	458	0.10139041049012038
300	821	0.1513704809603534
306	438	0.16037771769529802
306	443	0.2433637246031034
308	678	0.13735908647254938
309	438	0.1324648614528396
309	789	0.10880152230677369
311	312	0.11428855585896042
313	318	0.1193490356757426
313	787	0.11921582086164997
313	844	0.11906702722903552
315	589	0.11284001100217976
315	709	0.10094767510453755
316	495	0.15164296755367693
318	455	0.11069998372765713
318	655	0.1104299852460904
318	656	0.1289447817326064
318	739	0.11491179506066833
318	863	0.1685007481058533
319	497	0.1037506231220662
321	574	0.10316279745308685
322	831	0.10900729994958232
325	411	0.16592304036737238
328	816	0.11266515938144753
329	450	0.11800599810633775
329	455	0.1816422877816889
329	652	0.1774465946346848
329	654	0.11731077080012098
329	656	0.18102729713403282
329	847	0.10916999492881456
331	621	0.13986776653095798
333	384	0.11642018873130727
333	657	0.1389374326441879
334	859	0.10113582225460646
336	825	0.14399871920070254
336	873	0.10055932153840408
341	600	0.10609052628900177
346	347	0.23828822339054292
346	715	0.13660929187726065
347	686	0.11108014244142178
347	715	0.10650526509088376
348	696	0.117101312989708
349	382	0.10597510062430976
349	647	0.12773864422485418
350	790	0.12020944302928517
350	825	0.11118086739886546
351	829	0.10158191687632594
351	854	0.12473970478351809
354	592	0.20726248560656776
354	596	0.14530033830577385
354	706	0.10610669960415231
355	480	0.1563599980914941
356	522	0.12425257953733274
356	778	0.11443167361766485
358	363	0.22153224237690877
358	522	0.1389005277995947
359	362	0.33493052110819654
360	395	0.10409619206985012
360	499	0.10316678711715405
360	818	0.13538310491129815
360	864	0.13524141682016666
361	814	0.16259452087473167
363	436	0.1497510776366767
365	371	0.15040305931668396
365	451	0.21028718931802487
366	709	0.11300668115421598
367	421	0.10507641685399835
368	537	0.12004715430709453
368	539	0.10562809069610525
371	451	0.14443768515796943
371	654	0.11640327497297373
372	814	0.11652474117605227
373	380	0.16209119123257615
375	455	0.1537782486470077
378	436	0.2170696300452358
378	799	0.15312162436946988
380	458	0.101760271424733
384	540	0.11031839700170307
384	657	0.1309680133570774
385	634	0.10451117804399168
388	768	0.10237088379511057
388	841	0.12765573381112294
390	392	0.10294413833543009
390	440	0.10600267875227601
391	396	0.19336954847366444
391	422	0.11143383471561642
395	397	0.10455757878266837
397	594	0.10659021864425361
402	698	0.11428887364041802
404	481	0.15480101495295198
405	789	0.1053518186960723
406	490	0.18110301115505256
406	727	0.10966878217452158
407	824	0.1399364430967448
408	427	0.1420847426695157
408	624	0.24309863762698597
411	592	0.1010082927017274
411	624	0.15037453291400668
411	750	0.1046753381910092
412	496	0.1280512738631624
413	414	0.1566596687586428
414	533	0.13760550557267623
415	612	0.1659869453888492
416	823	0.15729435801837197
417	573	0.22661982736244443
417	823	0.1996089470134633
418	551	0.10272847854343084
418	660	0.11124953570299208
420	739	0.19970128184850977
423	751	0.1709180457585696
423	778	0.1103453295179322
424	457	0.12981272519381729
424	630	0.1930214425464736
425	695	0.10205790609112138
425	740	0.14038628616941048
426	660	0.10771225732969693
426	773	0.1159888396547353
427	624	0.23520563120059532
427	776	0.10833409139290764
428	756	0.22460636614806395
430	523	0.1428382157216121
431	616	0.12412021263549997
433	445	0.31175152995634414
433	447	0.13569733380618668
433	480	0.1006390127763999
433	701	0.15184697874834002
434	444	0.1090616682948275
434	445	0.11077978151329419
434	707	0.1348281693672914
434	716	0.10369612172939213
436	552	0.10352874958690167
436	828	0.15793825445430007
436	864	0.15465282301416763
437	441	0.15875476188464252
437	715	0.17486848870126787
438	443	0.27193266280840567
439	441	0.21953121212189536
439	445	0.11725654689937418
439	638	0.12016938730860915
439	709	0.12864702867330774
439	712	0.1234689131432033
441	535	0.13028596988953695
441	701	0.11215328582131728
441	709	0.10210558911233072
442	714	0.16036938589706493
443	593	0.16758113978780545
444	704	0.16570131243937625
444	716	0.10662725031239419
445	729	0.10441277442794997
446	757	0.1103966989382423
447	638	0.11415449437345969
447	711	0.11156728419310676
447	712	0.19974103496473342
447	713	0.107230012603843
450	455	0.3783278820668432
452	786	0.14856417265746796
453	654	0.10437162203753535
454	500	0.1428653138522265
454	704	0.10668234586931792
455	656	0.12401323619375589
457	490	0.17541036390101616
457	500	0.1813520188485967
460	834	0.12483115514818853
460	836	0.18746776871995052
461	836	0.13882198225896483
462	463	0.2637567878430984
462	484	0.11637780181932464
462	521	0.10225737355912665
462	734	0.12385689801707753
463	734	0.1266770388233779
466	503	0.1805330426334407
467	841	0.11654090325163144
468	775	0.10449281480725887
469	621	0.10455170952557902
470	721	0.16720014596239857
471	515	0.10566733606673889
474	868	0.10469584937648863
476	480	0.22864114760510482
477	698	0.1181267231972664
481	495	0.1947067453448722
482	501	0.1268867821557674
482	686	0.11057980329445187
483	485	0.11152777914349357
483	491	0.20590622552262522
483	570	0.10554445096172471
483	672	0.18832914000978762
483	855	0.1241425327408158
484	485	0.1297250915375524
484	489	0.2515393126172134
484	571	0.10812630319781903
484	776	0.1073349105826693
485	489	0.1879305214717669
485	491	0.17754027156358274
485	672	0.1373659791155539
486	489	0.15566158960008533
486	604	0.102303094815426
486	672	0.11497197244996672
486	754	0.10101498602856006
487	506	0.13821660663788196
488	506	0.2115089890835938
488	686	0.12030894718372341
488	716	0.13085343304334077
491	857	0.1312526865043387
492	494	0.10992774225423924
493	616	0.10935573313777763
495	841	0.1117652382885755
495	868	0.13513570764752872
496	714	0.10452175963658975
496	717	0.11728619562522036
499	522	0.21785531659398855
499	551	0.11423294410340762
499	830	0.21941809710411514
499	872	0.2390654570394346
501	505	0.16794817843594817
503	676	0.10779539759118334
505	682	0.13707229092093612
506	686	0.14168587513370584
507	621	0.10548911839437843
512	768	0.10668790607002444
513	557	0.10832579005046304
513	819	0.17907441429496668
515	870	0.11689776497595963
516	542	0.10777837343922639
516	860	0.10489268661219328
517	830	0.1207960639613307
520	533	0.15124105866241966
522	754	0.1099761911365794
522	778	0.14533184823379336
522	799	0.18873285810113535
522	837	0.23286657142375705
522	842	0.17243956323055942
522	864	0.21603267120576503
522	872	0.11456006802132564
523	797	0.15825659107357382
528	845	0.11140689722282981
532	620	0.113603325202184
532	817	0.11400866450609319
533	649	0.15028752347754656
533	651	0.10572855837240029
537	539	0.3114994317356804
537	616	0.2728323899186246
543	680	0.10470970292145954
547	548	0.42898539682540127
547	680	0.10670738135778027
547	764	0.13048553343339178
550	662	0.10271120874350205
552	624	0.1082210642974788
552	872	0.18874431795323615
554	558	0.11491081346217089
555	754	0.10079534798143452
555	866	0.10378793673542337
556	638	0.16982081382345232
556	640	0.10357970231949147
557	733	0.11972521111674674
559	659	0.11356218867118364
560	625	0.1022803924359968
560	840	0.14742737882104393
562	615	0.10201081665476419
562	637	0.10627825287302621
562	740	0.10513856368068006
562	742	0.14472911226592292
562	800	0.1400265691275348
563	570	0.12445224773016733
564	677	0.12097172864597378
564	816	0.11178797207617908
565	566	0.12918458596536725
565	575	0.15108846479926913
565	579	0.191283688176069
568	577	0.14362522786316437
568	678	0.10455488420432542
570	577	0.18296088091968776
570	587	0.20338791549565302
571	604	0.12399789162399998
571	606	0.182391837551216
572	731	0.11228826424919905
575	579	0.13478732268324423
576	814	0.10237175592259021
577	580	0.28216684213352106
580	672	0.11801174740924178
588	593	0.10370785388449814
591	682	0.1012417369927558
592	595	0.13146058825742543
592	596	0.3080613148534239
592	715	0.12891649353359239
593	595	0.14250971689751088
593	753	0.10511865089275485
599	750	0.11743860313907493
599	754	0.3205000765021598
599	778	0.3734443777658358
599	799	0.13104583646315984
599	830	0.21244626273272407
599	879	0.2039431511508233
603	644	0.20692360139327154
604	646	0.10612111339532347
625	825	0.12743888882682242
626	775	0.11194628075214669
628	652	0.11949930886012444
629	631	0.13055971466255173
632	634	0.13011000883810234
642	718	0.15756489228470008
643	775	0.11358162800531357
645	844	0.21549632438505065
645	847	0.15514245511550653
646	847	0.1475061161841346
653	656	0.16531922459560233
655	656	0.2467976125170701
657	736	0.10198154533165184
659	846	0.11092757297379928
667	675	0.12380094030350215
667	788	0.10084283242220951
669	682	0.19184735301054615
672	678	0.25334432424501363
674	679	0.11034024004437153
676	808	0.10910215396998015
676	855	0.15194796613791994
681	721	0.11240551976870958
698	735	0.10291222582446788
698	763	0.10156727901060246
699	724	0.3740333233932086
699	727	0.18907211170900742
700	702	0.22481279220600248
700	705	0.13328608789404947
701	706	0.10306889280546717
703	706	0.12600847070163002
703	712	0.1099648794356557
703	786	0.10808520479892451
703	797	0.10941443023858419
704	710	0.3112029324426041
705	708	0.11558108692142616
705	730	0.3101208933620854
705	731	0.21303242001661493
706	711	0.10811797819860365
706	713	0.3665139262295695
706	822	0.10632725337902048
707	710	0.30086114265520536
707	716	0.3235461613699367
707	717	0.10218711830679415
707	720	0.29600629108921794
708	730	0.23903775751745465
709	712	0.13872427385315517
710	716	0.35762980958989615
710	717	0.1577238739465123
710	724	0.15842091285804422
710	735	0.13346584550145482
711	713	0.23643798646635936
711	785	0.14492725804001536
711	788	0.1635501649893063
712	713	0.24965996641863142
712	785	0.10659645021266449
713	715	0.24887637319832434
713	763	0.10093220052313545
713	785	0.10533113443415756
715	794	0.11503649523314156
716	717	0.27241810957715745
717	724	0.22917528165504236
720	735	0.10228605735356355
724	735	0.13837333543137006
727	735	0.1278692098999761
729	805	0.12122867151546868
730	731	0.11801096329293749
734	812	0.22783169643336929
736	832	0.1079904973711267
738	774	0.12832696026298304
743	806	0.12902480257599658
750	848	0.13179851227154277
750	872	0.22901849246191167
750	879	0.14422854410287814
751	753	0.1539513817103221
751	755	0.1890977562057288
752	776	0.17831362567000494
752	778	0.1301791135019802
752	818	0.23769879851923797
752	864	0.12156391946384373
753	755	0.16697927994198705
754	830	0.11350711508162993
755	778	0.11604131184152147
758	781	0.3669836303623083
759	769	0.10441689845823135
760	771	0.1086758288871206
761	772	0.17416786897167738
772	805	0.10193302033693696
774	876	0.10999820438932306
775	777	0.1690115613361155
776	818	0.1368074344518452
776	864	0.10788686171933229
778	864	0.15039757997978395
782	787	0.11418769574311102
782	793	0.301113646944582
783	795	0.20640687381532932
785	788	0.10762839478164586
786	794	0.12673760039509016
786	823	0.10077488280569313
787	793	0.1861702555112711
787	798	0.10446699509656661
792	797	0.13619470037432002
792	824	0.10276458724772299
795	819	0.11851503676719344
799	866	0.13235622473952408
799	872	0.10809503279772822
800	802	0.10217430907898566
801	804	0.1571129814432861
802	806	0.21022835926755484
804	807	0.16862189759056492
804	816	0.13924447373065407
806	814	0.3451882935979923
808	815	0.1850083494845924
812	869	0.10825854556689941
818	864	0.3538336736512112
820	826	0.1404463691668972
821	826	0.1942228636049833
823	824	0.12680901081266557
825	873	0.15387136566309223
830	837	0.2327301897936052
830	848	0.364785243412285
830	866	0.22280118665830168
830	879	0.11292757725066896
837	864	0.1761368232434917
837	866	0.10986694446595138
840	841	0.10926374897758727
842	879	0.12296636387379785
848	866	0.13968699521730701
848	879	0.3440213317949764
849	853	0.23072916633525498
851	858	0.1398192336797633
855	857	0.27343573821847217
855	862	0.1744435826155878
856	857	0.15602880483427048
856	862	0.16358086903042449
857	860	0.16689929226602632
866	872	0.2427844665353716
