0	401	0.1272979946170437
2	73	0.14728377425459055
3	54	0.2556228237331706
3	642	0.12807381479227872
8	669	0.17489047118883402
8	683	0.1212048043816356
11	430	0.10760486779223184
11	463	0.1007461925730716
20	635	0.12489644696303355
31	358	0.10400852663507135
31	866	0.13848447479319842
31	872	0.2126890375682826
31	879	0.13047745405526195
42	649	0.10356427946725091
43	646	0.10304992422809785
44	400	0.1617909361092333
49	391	0.10857960779209985
50	823	0.12254627239602478
53	862	0.10211716756035058
56	550	0.1176239463534499
57	425	0.13087445693297028
63	67	0.12630127505846697
69	72	0.10108959772161144
70	73	0.11666283074685699
70	523	0.11106777467026517
73	822	0.1655523243596047
74	762	0.13229946854678498
79	245	0.11140184192200742
81	130	0.14178912766932486
82	505	0.1479533780366227
82	506	0.13839265528368364
85	692	0.11412242267995706
86	91	0.10628646843019947
86	474	0.1128476402513774
86	831	0.12653925169017813
89	92	0.1664032526122009
89	408	0.10648282718144386
89	423	0.1440611467143349
89	624	0.16039025257182427
92	423	0.17750211486966
94	427	0.32297176068793154
94	753	0.12981885664509626
96	112	0.10522919230320717
97	234	0.1683870728096128
97	692	0.12421866207110453
98	102	0.11424554101376816
108	139	0.10961014688168923
112	115	0.13116332130878516
114	374	0.1271393497157519
116	422	0.12032354138317845
119	765	0.15648480912533483
123	252	0.13444189555770855
125	817	0.11308460704072351
126	808	0.18676957701748803
127	328	0.17809055747978106
127	804	0.10823764267653539
128	328	0.13231294747355912
128	330	0.17377992977300433
128	676	0.10810985877369808
133	357	0.10232294367171381
146	254	0.11491311649345501
150	852	0.1005574777124374
151	876	0.12787635077306003
170	772	0.11869556246387945
171	183	0.1266603884311151
172	174	0.1564129085280368
174	180	0.13883639187061594
178	271	0.10542223363428675
179	232	0.13724356351080635
183	227	0.10314149166780855
186	235	0.11154866108655818
193	205	0.15332616496549517
194	723	0.10499297473732655
196	203	0.11349008392995633
196	779	0.11937876767062242
196	863	0.1046424360473598
199	203	0.12870195339420953
200	204	0.2168791571955397
201	206	0.20996392377483242
205	329	0.11343702987569695
205	646	0.15666360439946816
211	615	0.1016445590229644
212	635	0.10667276085341575
214	215	0.19192990074918725
221	763	0.10358419363362452
223	230	0.12330692646143952
229	777	0.3556016244211156
231	682	0.18499382877722695
238	495	0.11589845242920102
244	838	0.10507275005430178
245	431	0.13822293000961602
245	493	0.14347763555251322
245	537	0.1998211223585595
247	481	0.13587624806392756
247	495	0.19003490594557487
247	516	0.10315009424877035
248	250	0.10346915681358416
258	836	0.11788554871086472
263	680	0.10731674169253098
264	279	0.10037176324421113
264	536	0.1856020758624467
265	616	0.197050916393167
268	272	0.12291754164577876
270	273	0.16825070987214857
274	369	0.11758286048770616
275	372	0.12506272571515148
275	560	0.10426784043900811
286	634	0.11719924099518128
287	609	0.10044928413604384
292	678	0.12340219135669356
294	309	0.159814691886596
306	443	0.1212519259069513
308	869	0.11285458897452465
311	702	0.15509212974599876
318	652	0.1318699864919795
322	342	0.10696822026268961
325	751	0.2258659332177609
328	804	0.13861401973204215
329	652	0.16654781634257224
329	653	0.1202014076242191
330	816	0.1001149440408416
338	424	0.10824644017038211
339	803	0.1776005976612383
343	685	0.10508469032680533
344	428	0.14800320820485197
346	347	0.248446577565612
348	505	0.11154038968114245
354	593	0.12692810592126005
356	363	0.12839834701148342
356	872	0.11377966495418251
358	499	0.126339877098691
358	552	0.10706808263596071
360	776	0.13821292478544064
360	837	0.11456514237024586
363	552	0.10105676605950964
365	370	0.12286189373325845
365	455	0.1119108710774982
366	380	0.11294226691288888
367	421	0.2857457497428968
369	373	0.15073665915596193
369	380	0.12799823413995062
370	371	0.14278616381709608
370	453	0.21439565591978577
371	450	0.18723018455427515
371	455	0.11612592313911589
373	547	0.11798917637958714
378	864	0.11542837821225067
378	879	0.15247075598167015
380	544	0.12045699935746124
385	867	0.12919560412771552
390	392	0.13601352881907788
390	440	0.10390212022961755
391	394	0.11431469883746233
406	490	0.14384186740695276
407	417	0.14130027489238742
407	573	0.15459855982773724
408	411	0.20346486196978467
411	427	0.1453879701680517
411	624	0.1231284737797661
412	496	0.10985665778438367
417	429	0.2375033429299269
420	847	0.10037973728692864
425	640	0.11985183888213093
427	751	0.1613167241066683
430	523	0.15335012251373503
436	830	0.12954944530660975
436	837	0.15492401612711193
436	848	0.14448903464819607
437	445	0.10910293151609896
439	445	0.23012647103636077
441	445	0.17624695930272669
444	698	0.1492544360488442
444	720	0.12882035893442279
445	706	0.1448357972832616
447	712	0.11838453654159514
450	453	0.15764943387706923
451	528	0.16247327358014396
452	822	0.23520002723794775
453	528	0.1103012480076351
453	652	0.11820423067878776
454	482	0.19127521568544628
454	487	0.1440662811605679
455	653	0.1455205932507623
460	461	0.14191416525615014
467	468	0.17970930082968456
469	840	0.10768735915758078
471	515	0.10864834569810138
477	479	0.14634021481458173
482	487	0.13838142607569084
483	485	0.11352744717904356
483	486	0.20707362023335313
483	489	0.13546785025268804
485	486	0.25679755145212413
485	489	0.18061625112373408
485	672	0.10456910712900834
486	511	0.11391732656157685
487	488	0.13980640855113718
487	490	0.19283846412149735
487	498	0.16655454420815644
489	491	0.1377651515084159
491	571	0.1343989985158283
493	633	0.17654868734381954
499	866	0.14185243871786127
505	506	0.14412823073161823
522	830	0.1642878297038142
522	848	0.15715600813445602
537	539	0.24677869843449338
537	633	0.17104813558084286
539	651	0.16294683310720676
540	543	0.12164377228880138
541	876	0.1113691168051581
543	544	0.10434654463122262
548	764	0.1276938744326547
549	764	0.11401327249509145
551	857	0.11809789806943466
552	599	0.1347827750868511
552	778	0.17609755287454074
556	761	0.1144620822266004
557	673	0.10186992964813266
562	743	0.10094175671285602
563	570	0.2489930058630487
565	566	0.23146892660211152
568	570	0.11719740069665144
569	574	0.13411657410998393
573	824	0.13213746560647974
576	577	0.14704829894072996
578	702	0.10233529858405306
580	587	0.21300513969801904
588	592	0.10047432171058951
588	596	0.1077159417253933
591	592	0.2484265642269268
592	596	0.14338165769301872
598	601	0.10464169959015661
608	612	0.11280848553917824
624	751	0.18697807659973806
629	643	0.10251239549628181
640	642	0.2190009346558002
646	845	0.2809369646548547
651	770	0.1238836101269002
652	653	0.12497144407917611
653	655	0.13185938616303142
655	656	0.19385335963273048
663	667	0.1061482578150044
668	676	0.1816833782547518
669	682	0.1341079914383474
671	674	0.13477422253024393
675	804	0.10709481850785998
698	735	0.11141738038815314
699	724	0.14082060051098544
699	735	0.21691206561074447
702	705	0.11360816281536676
705	731	0.13513662159340428
706	712	0.1402347741397163
706	715	0.1138692239523629
707	716	0.12567882204836922
716	724	0.12008873591106074
716	727	0.1216563919559875
717	735	0.16298561845791204
721	742	0.1174858758893019
722	726	0.1475541211592872
723	726	0.1758376948591665
724	727	0.23249803450927273
750	776	0.12585933511863348
752	864	0.10953423205275085
754	842	0.1124972987476015
754	879	0.14657938463401016
758	781	0.11815317115150303
759	769	0.12188711060285609
767	771	0.12377176907396978
785	792	0.13276619766717368
786	788	0.21675472860052478
788	792	0.14153913121729714
799	828	0.12326585694265897
799	866	0.16360890040604972
799	872	0.24645151753577813
800	802	0.1322356200030204
800	814	0.10199296101236384
801	804	0.14284217454325296
808	813	0.1015999621638183
808	815	0.2608839289671526
813	815	0.15925717468779124
821	826	0.1525895134158517
828	837	0.1374335063922662
828	864	0.16863720064477195
828	872	0.10887096892323947
830	837	0.10869556779469003
834	835	0.10385583724310476
835	836	0.10513261257020172
842	866	0.17656850054076426
845	847	0.21411292668550597
872	879	0.16664435491870333
