0	503	0.104983721274804
1	467	0.14499437179690403
2	430	0.12143930134132644
2	452	0.10507860624942386
2	822	0.14713739930465958
3	54	0.15799896478841682
3	110	0.10169195453488353
3	425	0.2599107057477107
4	97	0.11553885231280389
4	408	0.11634903601721565
6	841	0.15942342529466047
8	682	0.13421003168363885
11	70	0.14016998655106014
14	75	0.10373807214370344
15	332	0.10970291594938492
18	851	0.11864722231206373
18	856	0.10666763901744984
22	48	0.1128623505238031
23	24	0.1384008008671062
23	603	0.10677991548821388
24	28	0.10143840717052628
24	475	0.10239681790187095
25	533	0.11059971030990125
27	68	0.13897174236933127
30	124	0.10012118090387281
31	243	0.11315302950260528
31	363	0.10879905020511833
31	448	0.1156488234493903
31	818	0.13497291007798567
31	828	0.1102695306366532
36	278	0.10631051253715103
39	40	0.15485036426485868
39	360	0.12733576649242526
40	665	0.12363935780535255
43	51	0.14882660250584753
48	51	0.14938505582484066
48	845	0.14046580874204978
49	391	0.1152835652290133
50	102	0.10474881348352871
50	823	0.22347331656055483
53	482	0.10022843484131055
53	630	0.23862946930125065
54	425	0.12501947557139947
54	640	0.10939629608322414
56	527	0.13107034443260315
57	306	0.10020976450938372
65	66	0.2579829345847371
66	67	0.13898573759807023
69	72	0.11685342315302685
69	292	0.103787430463148
69	737	0.10964944264252138
70	452	0.11332484790549756
73	199	0.1278653055149567
73	822	0.1709321116343264
76	274	0.1236171606519601
76	548	0.1015723294205037
79	168	0.10966507278624582
79	265	0.14607293455768633
79	616	0.1719605667061719
81	618	0.23682881624690752
82	482	0.13254496437168303
82	500	0.22320218260651684
85	780	0.11703433335552625
86	91	0.19363778817618663
86	831	0.11983458875151883
87	323	0.2051284394680907
89	94	0.2820675259509966
89	751	0.11238658550505681
90	324	0.20317605240284853
91	322	0.19764686620570612
91	459	0.13201677436533085
92	751	0.15507742185019502
94	325	0.1701971179655486
94	411	0.16992996596034554
95	301	0.12428674576412274
97	234	0.11396440108921638
98	105	0.11811101446043698
99	289	0.14062300751732537
102	766	0.3106058039403085
105	108	0.19287792541100382
106	637	0.11191895671082418
109	787	0.10516486415837363
110	118	0.10796380171479501
111	258	0.1314632332061133
113	749	0.10649238685862009
114	473	0.10410215020459812
114	547	0.1269594792260799
114	764	0.2435355490849982
116	290	0.2302942982637992
117	150	0.11550918440741977
127	804	0.14957558137539353
128	330	0.18116703278685536
128	815	0.10496408921329793
128	816	0.14364937175695242
132	851	0.1040065582205546
133	184	0.10390583800361138
138	181	0.10666728494781998
142	469	0.1539069298092793
142	803	0.10028212150672453
145	189	0.10707104489770472
148	545	0.14169569963821943
149	536	0.1321050426333511
150	572	0.12001877728500973
151	318	0.10839580724793169
151	329	0.15927395762639776
151	370	0.10588010463138124
152	456	0.10208535904110681
155	389	0.1719635295547752
156	170	0.10062044849723471
156	267	0.1078435594244119
156	812	0.11615630057130621
158	626	0.10491112258770346
164	540	0.1162572064237271
168	790	0.12720827553483882
170	638	0.1565125541766364
171	176	0.27610875295227333
172	180	0.21152335039036757
172	232	0.12729830034385634
175	182	0.12507387790761126
175	831	0.10773497336924126
176	180	0.1809195951799855
177	178	0.19478597847030027
179	397	0.13050620922089046
180	183	0.1199402712634641
183	227	0.100482391835474
184	588	0.1464718203071876
186	494	0.10368725406000202
188	199	0.15159112645034237
188	203	0.20380832144447875
189	200	0.16883265707628745
189	204	0.12973307429586814
189	680	0.14524523336576523
191	214	0.12390028673207837
192	720	0.10948066711109851
193	205	0.10973205959400843
194	569	0.10838577622970054
194	630	0.12663645962855907
196	199	0.265897368384842
202	207	0.16449670893554005
204	208	0.1228652254959002
204	382	0.10270731155702842
205	654	0.1046137545488904
206	334	0.10052692569010244
208	502	0.11031836269484967
208	779	0.10966469772351055
214	580	0.11132114750190324
215	678	0.10214143783128603
216	283	0.17663958667051688
216	340	0.12089746734151206
217	775	0.12292121295527644
217	777	0.10656987112637022
222	440	0.10358973392514399
229	775	0.2796024498798499
232	305	0.1227104567219147
232	862	0.11738631751272474
236	831	0.11785695206731994
237	834	0.13457410504338915
239	264	0.11645907391642332
241	635	0.10365729608205143
241	790	0.11965583121742979
244	492	0.10477844416956592
245	616	0.18993966465646964
246	361	0.10403660044109372
246	494	0.11610856800534357
247	316	0.10142471018387132
249	570	0.11596875178821313
255	580	0.12354308212306708
255	706	0.10013384369388745
258	855	0.10926730066060837
262	502	0.10138517732879661
264	283	0.11141004337092397
266	536	0.12013295335158572
267	538	0.2094129667200416
268	618	0.10459799154848927
271	473	0.1097197869059414
271	543	0.10126140597440793
271	547	0.11060103789132421
273	498	0.119754006787043
274	544	0.11477515028543052
274	548	0.12966671672368044
278	634	0.10494476487092454
280	300	0.20342155468444578
281	326	0.10103499037504322
281	825	0.10766681064308668
282	442	0.10001201526873903
283	612	0.1036634018185125
285	650	0.10905570396400097
287	415	0.1318710364535325
290	292	0.1948538125642312
290	312	0.11401280621904192
290	521	0.11226886944999313
292	521	0.16013979361906464
294	438	0.10132851439385578
295	863	0.11375156840957464
296	305	0.10354942826469626
300	458	0.12140064962539826
303	318	0.10466748704305276
303	847	0.14549545866232022
306	438	0.11052219671645154
315	645	0.10541351903417616
316	812	0.10691132666305607
318	329	0.10461678349202337
318	455	0.10722407575551067
325	624	0.16625110716602423
327	345	0.11102137903015706
328	807	0.10470460683354534
329	450	0.1285972610367148
329	655	0.23543559907156508
330	815	0.112293837613598
330	816	0.1254059899548124
333	540	0.1326256472454473
344	756	0.2539159208217758
353	542	0.14043988986955389
354	592	0.14048358364210017
354	789	0.11380957107914652
356	436	0.10975979041418986
356	848	0.10409526329972552
358	363	0.11255451678882758
359	361	0.18834942290814313
360	436	0.15326796581187463
360	866	0.10787853472321654
360	879	0.10412456057850837
361	469	0.11462063950287539
361	630	0.11291135444283809
365	375	0.10247516096384432
365	453	0.11941852504642117
365	652	0.1244125244864052
370	654	0.15292278145711888
371	455	0.14060267497571444
371	779	0.11327135629706979
372	684	0.13192065355613003
373	547	0.18898344049176638
374	550	0.10890605910844402
375	628	0.10229497857784815
376	548	0.11613486097365593
378	499	0.2444907519847257
378	522	0.11577395682190245
378	842	0.11319082440474441
378	864	0.15995343356246255
378	866	0.16413680060902347
380	527	0.10124130854338634
381	853	0.10384072512756805
390	392	0.19627867673229857
390	647	0.10148806939183713
394	396	0.19504172306793985
397	821	0.10284277007811078
398	822	0.10992735300402286
401	593	0.10478547325319267
402	851	0.10229535897747927
405	485	0.1306493064327494
405	869	0.11645289963356259
406	500	0.20513242116627745
406	506	0.10934233519228732
406	735	0.10208227228114293
407	419	0.21735147345414776
407	429	0.36485809869264785
407	573	0.21111756648643684
407	824	0.15873236267741564
408	751	0.16848787646030203
411	423	0.18622061520000352
411	503	0.1073004161487138
411	624	0.2548138239981361
411	751	0.1501174551157849
411	753	0.2311094377364555
411	755	0.16985321390761332
412	641	0.11697399264557931
412	643	0.13372751254046733
416	417	0.17204520245391564
417	429	0.23882075797488841
419	429	0.22676037538024021
419	667	0.109486076105405
420	751	0.11627754961168625
420	779	0.11874276479200252
422	869	0.10209002983504163
423	624	0.23583716998831783
423	755	0.18481668223977446
427	751	0.15576371155897767
428	519	0.15855412095193497
429	788	0.10011298151877275
429	824	0.13975585933200307
431	539	0.17110794606945384
433	445	0.2359717660087811
433	706	0.12152808273020604
433	711	0.10353213764676192
434	727	0.10781605401287905
435	748	0.13092639627433275
436	522	0.12689862897928544
436	830	0.13244419077747954
436	848	0.1589606307860273
436	864	0.2183121871489263
436	879	0.14330931161458946
437	441	0.187483968269155
437	588	0.1152036939342348
439	445	0.16658898061638
439	447	0.1516679126744601
439	844	0.10493899869194265
442	714	0.1581832319680137
444	445	0.11658558009266407
445	706	0.13335101603569874
446	757	0.1275704296295954
447	713	0.11113741382110169
449	562	0.10355949637778063
450	652	0.11698072407253016
450	780	0.11195448885779465
451	453	0.2030689298366027
452	822	0.10257256725030461
453	528	0.17746399278038447
454	482	0.15740506355649483
455	653	0.12194747964379297
455	845	0.1360461869677337
455	863	0.11249198983391573
457	490	0.13669976265010952
458	594	0.1415843505444834
461	833	0.21426762982516787
461	835	0.45702289412054153
462	463	0.13807909404806665
469	851	0.10545347160528228
473	547	0.12388301378338201
473	680	0.1077129882458493
481	868	0.14286993343659904
482	488	0.1396936101968624
483	485	0.1657675203356532
483	486	0.17701073170543566
484	486	0.15964793701885135
484	491	0.1529628439295305
484	571	0.10122312807067915
484	869	0.1249924102105424
485	605	0.10255217995106607
485	672	0.1359201510809303
486	754	0.1142842667385286
487	490	0.17196947543984956
488	498	0.10452323967865398
489	491	0.1364075112706504
489	587	0.11841090043834102
489	663	0.10697163502104236
489	678	0.11369157868853125
490	498	0.12320403855756978
490	505	0.14349273200274837
491	678	0.1302183526564152
492	494	0.2156361202724722
492	559	0.11908965379726971
493	539	0.17970560819212192
496	643	0.10397174043295247
497	581	0.12109854348515621
499	752	0.13986027677194535
499	818	0.11485324776738787
499	837	0.18875007196224514
500	506	0.11091536072755219
501	575	0.13270966082980795
503	624	0.1042771741543766
503	660	0.10275504030510964
506	735	0.11677012720575967
516	841	0.1016951411234301
522	864	0.2498102156409371
522	866	0.17909083866504483
522	879	0.11464315323298935
527	543	0.11690653620865296
528	656	0.1674094215099943
537	633	0.18396843538067978
540	805	0.1462811320432753
544	548	0.12701029386109788
544	764	0.15275711416152638
552	848	0.11028769599597475
555	818	0.10467448138668412
555	828	0.10837849942595185
556	761	0.11000883098653803
559	647	0.10743275231233937
563	570	0.1306196939441256
564	675	0.15046932111682892
565	566	0.12659746733281058
565	585	0.11990824052867416
570	576	0.24490480564818623
570	587	0.17272049272504963
571	601	0.11754534421012779
574	575	0.15585838048549236
575	743	0.11786054865207625
581	828	0.12115782226817355
587	869	0.10218888627399567
592	593	0.20603700552385612
593	595	0.19115628711270302
593	789	0.15817645526142027
599	752	0.17759815667997136
599	754	0.16292485869850576
599	879	0.13125103012873046
600	644	0.14431930948827512
601	604	0.12261463362615017
601	605	0.1286457320654748
601	606	0.21991056572378653
603	843	0.10438938989330748
617	696	0.19467745935668215
621	839	0.11708321976650084
624	753	0.2725655742225477
631	775	0.1308457463720451
632	634	0.1471593481266169
633	651	0.20260380980188952
638	811	0.2274713640669413
650	666	0.15582197702460734
653	656	0.17028271036788828
663	786	0.12050020858459273
667	786	0.10035441193806394
668	676	0.17707443979434664
668	804	0.11015797761547384
674	679	0.16215213124202177
675	676	0.11046318327572702
675	677	0.198074425645672
676	677	0.13891097673392064
692	693	0.15112649617495522
697	795	0.11769847337437693
700	708	0.16603860624292843
702	708	0.13781830103394171
702	731	0.14688084333642695
703	712	0.22083949800329333
705	730	0.27385861093920594
705	731	0.27635038452211386
705	752	0.1093367008762529
706	709	0.14920714539188118
706	711	0.1574175442696892
709	711	0.12413293554735616
709	712	0.1401373488651814
709	784	0.10364245770423379
711	713	0.16826392352120928
711	715	0.18598005829801345
713	715	0.1872999383678572
716	717	0.23260945820971746
717	720	0.23422506508368363
717	727	0.12018664319805154
720	727	0.11602474841781776
720	735	0.17446302505229078
724	727	0.23699806209793106
737	738	0.1332282065699741
739	779	0.13046355158573397
741	868	0.11392798260080614
743	838	0.12814423959618182
750	755	0.10748235153474575
750	818	0.13095530810478295
750	842	0.11432555746276041
751	755	0.17123317766443652
752	754	0.21579899900082755
753	755	0.1149730245046906
754	776	0.10669887460149804
754	778	0.14386571925455124
754	830	0.11044347265615569
761	851	0.10176493784136911
764	766	0.14781471818161196
767	771	0.1650870022651971
775	777	0.2503971598799589
778	828	0.10631535567814554
779	828	0.12988627769167346
781	784	0.10850863803887575
785	792	0.15252301719912692
792	797	0.15267799102825824
799	842	0.18561776926397516
799	866	0.11594370439677881
801	807	0.10476464332594507
801	808	0.2897334450326771
804	808	0.1822658218615351
804	813	0.1822685355282656
804	816	0.25064132503240055
807	808	0.140354869525811
808	815	0.19629424204251744
818	828	0.2641901575806137
818	830	0.11237991626053034
818	842	0.1393723553989275
818	848	0.11708779185365803
828	842	0.1753529239303303
828	848	0.12731964391732425
828	872	0.2123603464365486
830	842	0.1141740978880856
830	866	0.11152192070053003
833	835	0.17401631497144804
837	872	0.15482108358959734
842	866	0.1564234646366623
849	853	0.16920455347235824
