3	718	0.14474316773651466
8	683	0.10846946648542807
11	70	0.15352569993758816
11	430	0.11709060455278072
11	822	0.1475002606019641
18	486	0.12748152664399676
23	477	0.11460710684797935
25	520	0.10887840025473736
26	520	0.1016075053243636
31	378	0.20943102575673633
31	780	0.10373001745977407
31	799	0.14993288772219573
31	828	0.17307898351893924
37	38	0.15172060885056637
39	358	0.11075115364449228
39	378	0.10071489426828012
43	234	0.10080014852969667
45	306	0.12112005474680704
46	47	0.11243449743695307
50	823	0.14681230027878223
53	82	0.1141442517990008
53	424	0.17401536815788338
53	630	0.22385875165147645
53	675	0.11569522285700287
54	640	0.15217314382434216
56	204	0.1360824375276789
60	143	0.1325056970501889
63	65	0.23490260974876123
64	67	0.1711104894603974
68	706	0.12323887276569392
69	72	0.10706123580877008
70	523	0.1687263858175643
79	493	0.20777223746954868
82	457	0.1486120372544522
82	487	0.2719500607669735
82	498	0.10469083823803846
84	85	0.24403090060207688
87	323	0.18305275260398232
89	92	0.13100742189147513
89	423	0.24510986441781393
89	753	0.11893119810534619
92	325	0.30973915216969045
92	624	0.12113024909266547
93	459	0.10890615454807952
93	460	0.12276275942342553
94	325	0.14654360547015877
94	411	0.14192168013015033
94	427	0.16676152963610466
94	624	0.21405933569102742
94	753	0.1427801915120625
97	666	0.12426224176645136
114	846	0.11206702256043927
116	292	0.14643943207697485
120	158	0.1585340060213492
126	127	0.1965140348590689
126	677	0.10331489576274781
128	328	0.13530113422236043
133	359	0.11408106472713381
135	769	0.23940742518990532
140	469	0.10893066452692977
142	674	0.111358376377126
142	814	0.13246463173528303
144	558	0.10111276910348414
145	542	0.11259221848050209
148	642	0.1050137968316965
151	780	0.12844607882954898
157	498	0.13562594431665126
164	298	0.11687580969076389
164	540	0.13079032145755876
168	787	0.11267142730148695
172	483	0.10067860252947775
174	176	0.12078090544987623
184	588	0.10675985441025428
188	196	0.21303462116885993
188	203	0.35883898962967076
189	200	0.110835637696338
189	527	0.1118633798428274
191	601	0.11149851582279807
195	197	0.12383337403031044
196	203	0.21537036403423013
199	205	0.11226604157697544
199	856	0.11111121700057787
200	208	0.19122598533269206
204	208	0.19476371310772914
209	364	0.11603020528162651
211	213	0.10990828389133524
229	777	0.11611421552078864
232	485	0.12660707072504448
234	780	0.13550009553855832
236	322	0.12362373181132541
236	831	0.10796617208742908
237	834	0.1233138951247647
247	495	0.13356669278990563
258	460	0.11680792876597185
265	493	0.15026237853875815
265	633	0.1782035117385292
266	340	0.12769640093641169
273	829	0.1135118881781926
275	390	0.12650830749083727
277	687	0.10171526326919661
279	536	0.10902138995913914
280	310	0.12639909887049147
280	821	0.17404470365892266
281	286	0.16324113758238076
287	294	0.10221847758658192
290	426	0.12518607163762419
292	312	0.17577119981103576
305	826	0.12544570441211783
308	672	0.12051530869831534
318	329	0.10176117225829136
318	450	0.13801642700537095
318	451	0.1060667671909647
325	751	0.1062578102945747
325	776	0.10628745387323135
329	450	0.11112865051097294
329	453	0.10507404997140739
329	455	0.15158248390337534
336	337	0.11432302976071461
344	756	0.18215370229609354
347	711	0.1104010823185802
353	393	0.10971514650345632
354	596	0.11950777686164624
356	360	0.11252487943970683
356	522	0.17004366930597575
357	362	0.15188533175255156
358	363	0.11276551776502122
358	555	0.1544792763952893
358	799	0.11461747039293146
359	806	0.15132109272015193
360	879	0.11694319298585576
365	455	0.11773460146079988
365	528	0.17089267960808055
365	656	0.20589788600168407
369	373	0.16523025572275798
369	380	0.27572636540324574
370	375	0.11537152732575658
371	528	0.1247435160964483
378	842	0.14877886492173573
378	848	0.1909829886585388
391	394	0.15812910480195475
402	580	0.11206097917645688
406	505	0.1184059881720502
407	573	0.19717737393605947
411	423	0.14096534847003647
411	427	0.14217985741608974
415	609	0.10764605599101526
416	417	0.18984455604999134
416	419	0.16341844523882704
422	521	0.12048777005525159
423	427	0.19686375415790436
423	751	0.11239546057437402
427	624	0.1748627552477817
427	755	0.21900956491415385
431	651	0.13935466406849728
433	439	0.12213339134322024
434	476	0.10321286778219056
434	701	0.12103051134316965
434	727	0.10086330849028614
436	522	0.21791965540808947
436	799	0.15005207135948892
436	818	0.12464248509579146
437	445	0.13002665505187005
438	443	0.1161727024342037
444	735	0.1072889686900247
447	703	0.1385401954717358
450	451	0.10592080243701629
451	652	0.1224517630783813
454	488	0.12020144898621378
457	487	0.1256785147034282
457	488	0.10789778394848973
457	490	0.1584275086137397
459	831	0.18489768666739106
460	461	0.1278473790791156
471	515	0.22695996374052882
472	516	0.10655391511738596
478	480	0.10163447001145898
480	687	0.12505117033130875
481	495	0.11843367568793663
482	498	0.1054960531457222
484	486	0.13737369622853324
485	486	0.15005530599013003
485	667	0.11498358985148589
487	682	0.11126248376715223
488	500	0.20959702574126704
490	500	0.16846117103207067
493	539	0.16155256474103546
493	633	0.17794124720561777
499	799	0.12133068037479013
499	879	0.15712122099853879
522	828	0.1140364575183059
543	544	0.11151739251708144
543	550	0.20833091039749335
544	548	0.144456600396212
565	569	0.11194441425904363
566	574	0.1460346322840833
568	570	0.1584726607050268
568	580	0.3009038820022608
570	587	0.2851707382423986
571	605	0.14935297215521287
574	575	0.1871261018923947
576	587	0.12857547141130352
577	587	0.14468101380618664
588	592	0.17535486894234265
592	593	0.2576532658544453
592	596	0.11665553423326917
593	596	0.1250843346157104
595	712	0.10541806928869457
599	752	0.13343152231347283
604	605	0.15134636377708052
621	802	0.1065119116610573
624	753	0.14585995101312907
624	755	0.10976075690429477
640	642	0.13589888052535495
654	655	0.18116468059656415
660	856	0.1107484267663644
674	679	0.142211748768898
703	715	0.15799312442727712
707	720	0.13375776910412546
708	730	0.10985836003281173
709	713	0.16576317166702284
709	715	0.21070881566270375
710	727	0.244616612521439
711	712	0.10593494258931949
717	724	0.2104563399031699
739	780	0.10242996767333326
750	778	0.18773675775873302
754	776	0.15049857350204662
754	778	0.12440611255801008
767	771	0.18701605869811297
767	773	0.1304417885301856
776	872	0.13823430733298459
782	798	0.11571229875773222
784	785	0.20734530282601446
799	828	0.22945245037950607
801	808	0.1828610431349365
801	816	0.1576048980399217
804	813	0.10574435593789434
804	816	0.12140807274912052
807	815	0.13786553610894617
808	813	0.16658971749631252
808	816	0.13470253271061947
813	815	0.18968963143248596
818	830	0.15877832500694392
821	826	0.17049301533219324
823	824	0.20770894513504706
830	837	0.12632569707066557
830	848	0.1078343666473067
830	864	0.13224629676688485
830	872	0.2523620170351118
837	866	0.27875474816187307
842	864	0.2791588459880627
851	855	0.10901003909754006
866	879	0.12278422801510719
874	877	0.12527521933707927
