2	70	0.10945287411215043
6	337	0.110331075770195
8	682	0.13645195011164166
11	73	0.15594078583231744
11	430	0.1323505519672723
11	523	0.2740211855392328
15	230	0.14659822203979553
18	214	0.10334130248194995
23	479	0.16031706500418547
25	71	0.13123929599306453
31	499	0.11930360187519055
32	551	0.10232648114520443
37	39	0.117173263495209
42	368	0.11009381298927932
50	417	0.13131220535062257
50	419	0.18368669969889373
50	824	0.10948105307546173
56	547	0.12296897218308195
63	65	0.26204861062502655
63	66	0.17797023613595842
73	188	0.12463271976585313
73	452	0.26224231521694097
73	523	0.250392345451257
78	80	0.1466803738424691
79	431	0.16197085653526413
79	493	0.10597946362136057
79	633	0.11339373445000345
81	130	0.13092156060659102
82	454	0.2197385070229732
82	487	0.18617881830020028
86	322	0.1401789925530352
88	90	0.1190422010874585
92	94	0.11662942805636532
92	423	0.11748636539806791
94	411	0.11592166955989122
94	624	0.10383955607868708
95	345	0.1036416704426714
102	108	0.10448206795719289
105	139	0.2982517703693621
123	252	0.11488448098340759
126	127	0.10460362541444906
128	676	0.10820091003948423
130	618	0.1100287953959881
135	142	0.10099077781839956
135	769	0.11990924725789295
140	142	0.16749369595648872
141	806	0.11765572289446101
162	163	0.14697159753738676
171	183	0.1356924907015762
172	183	0.1230678229928534
174	176	0.1489563109976891
177	182	0.11805737642497627
184	302	0.12769785256754762
187	207	0.10990164445080218
192	780	0.10288604299106563
195	197	0.1048854672832215
198	202	0.17545006158622622
199	855	0.10433311765357155
205	739	0.10483674115436674
213	278	0.11357234782631503
214	215	0.17756335542637164
215	486	0.10262590478170387
215	576	0.10527156033876565
232	300	0.1382239499895093
237	835	0.12587726726910792
237	836	0.13270849697084686
244	492	0.11697905851915055
245	265	0.21645720449233724
245	633	0.15051223438188024
245	651	0.17159840543586438
245	770	0.10680628107612267
265	537	0.12288119762714828
265	539	0.11297221013083861
265	633	0.15090064295741765
271	274	0.10818277785827751
280	305	0.10219374468730419
280	821	0.10725442867759934
287	293	0.10006008456647471
288	298	0.18998214371877062
290	292	0.15451081127951316
290	312	0.190023756500222
291	295	0.27167729811663893
296	310	0.10033268498772938
301	784	0.1325630426716672
303	845	0.10942308159248164
311	731	0.12340749889240989
325	408	0.13275678910992836
325	751	0.24868879323233054
325	776	0.10058257768357652
326	615	0.1209771563639506
329	451	0.1634195119456484
329	654	0.13264541001883626
348	501	0.1329267360974546
349	351	0.1086233069374155
354	596	0.10717294784952855
354	789	0.11395121548083022
357	802	0.10777597936901852
358	555	0.1266614073083157
359	361	0.19938255532420587
362	814	0.13210097416216518
363	378	0.10663572650416722
365	371	0.27133674122861084
369	544	0.11318289529177439
370	375	0.13091386960435536
375	656	0.12451200960851169
378	799	0.15818987896360984
378	866	0.1733705167152681
391	396	0.1265339633790622
393	542	0.14038367806110635
397	522	0.11409919790413145
404	474	0.10387214269184462
406	454	0.12036316793333023
408	755	0.19916102975930186
411	624	0.17169132389792652
412	496	0.11220314965380139
416	573	0.15479721666950036
420	653	0.11663825751593054
423	427	0.16299927346188642
423	751	0.10153779214904121
423	753	0.23065052499478628
423	755	0.1425938885162221
427	624	0.15817199953200856
427	753	0.269503897338582
430	452	0.11785579042233774
431	539	0.10036215951057821
431	633	0.21576313608149042
433	437	0.12545856134203273
436	818	0.11301347649911093
437	441	0.13029247067077593
437	713	0.10738134540976946
439	447	0.19683376745332484
439	709	0.14676816150368063
442	714	0.1390570466151415
445	447	0.2124795632187655
445	701	0.10718619379469281
447	701	0.1776815801083729
450	455	0.10641367305875696
451	455	0.11132230295108664
452	822	0.13157066627365363
453	655	0.11874763053155529
454	505	0.122552496978793
457	501	0.14455508541948545
458	821	0.146504401287334
460	834	0.1314705083858395
460	836	0.10907289951816564
461	836	0.1899493342818846
478	480	0.15582540181182114
482	487	0.12157451021969164
482	488	0.1383386508177307
482	498	0.10821304494771276
483	489	0.15484422317103463
483	491	0.12149817805182347
484	486	0.15593596803856535
485	486	0.13577371076575973
489	491	0.15549922331760208
489	869	0.1491785084587601
491	869	0.1821952113806486
499	828	0.10570332461345333
499	872	0.10313869866304728
511	869	0.1893759226228899
522	828	0.182733332525669
522	848	0.12232065158658273
524	615	0.11631220648919299
524	838	0.11325439083945879
531	534	0.22434598357186736
557	558	0.10367941464067512
559	734	0.10912192571341783
559	812	0.10375699445820674
568	570	0.16005398322975567
568	587	0.17056290439128158
571	601	0.10171323107462879
573	797	0.125443511124583
576	577	0.20880999194521285
588	591	0.1625120975167184
599	750	0.23978317583198083
599	752	0.15056246431530984
600	843	0.1554708927616062
604	606	0.10818003112865432
624	753	0.15479153179644503
646	847	0.12307057501008656
652	655	0.20919620255900498
653	654	0.14505776467299486
671	674	0.1335834453771126
692	693	0.24611768015220017
699	707	0.14423943897960145
699	724	0.11776224611156853
702	731	0.1178639030741524
703	709	0.10798247831477326
704	707	0.1629349906849906
704	717	0.1184285550300931
704	720	0.10027731893948973
704	724	0.11207609565623532
706	711	0.23355396316467478
706	713	0.20140665954691744
707	716	0.1853728331790055
707	717	0.10688750154970118
707	735	0.14181225159756944
709	712	0.16062009301455366
709	715	0.15271717053665906
710	717	0.12137147128925511
710	720	0.14885951150505844
711	713	0.131697483049616
715	792	0.10114693826525323
716	717	0.1260385541557725
716	727	0.1563790180265653
720	735	0.17369338575436835
722	723	0.16468463013317508
734	812	0.12644417723014956
752	778	0.11655158090414684
752	830	0.15131015427041408
752	848	0.10189576971822188
753	755	0.1930855614442779
754	776	0.10206497488291583
754	778	0.13703738006702482
760	767	0.10846734167106756
762	772	0.10215886945457697
778	818	0.13652706895969968
778	828	0.11165685162237964
787	793	0.13238141122730998
792	797	0.20362979445061496
799	818	0.1627052478490233
799	866	0.2427931207053813
801	807	0.16486139375274342
801	813	0.10559598951912419
804	808	0.13466031591696026
807	813	0.13777363419164437
808	816	0.10506459315799205
810	825	0.10462336246424203
818	848	0.10174039559335141
828	842	0.17571703202652567
830	866	0.17851300317169863
833	834	0.14557128685649146
834	836	0.1409235282562985
837	872	0.2833590449635984
845	847	0.12681172550965175
848	872	0.13043224640699283
851	856	0.10174069818482072
851	858	0.11907581200937437
857	862	0.18455824170867083
858	860	0.23274300155774744
