0	184	0.12043407715619081
0	234	0.10332293734887123
0	301	0.13776907980108125
0	466	0.12607333627840014
0	536	0.10071706378733111
0	610	0.1128957812929261
0	772	0.125244424030588
1	467	0.14564367865958902
2	11	0.20752609022543328
3	640	0.302153427769424
3	658	0.11006445765187652
3	723	0.11543008325669478
4	420	0.1081625113517085
4	466	0.10171628310018067
4	503	0.13760398107526065
4	750	0.14666402603121018
5	107	0.1003399846637892
5	302	0.1338153182318907
6	58	0.10581346875544274
6	103	0.1354067828909439
6	474	0.11422137534689938
6	636	0.10010744573871438
7	243	0.10921539196226793
7	582	0.13695558028416424
7	811	0.10060638864356237
8	682	0.3096391975759099
10	23	0.11905833872276114
10	61	0.15155129734467118
10	156	0.11902244132007557
10	241	0.10034443227277733
11	203	0.10723219407589846
11	430	0.15305595560586882
11	462	0.10942766839440764
11	523	0.23539534612939295
11	563	0.11104268781059928
11	576	0.13099210588231985
11	792	0.10907337076889517
12	164	0.1321288387466094
12	572	0.157401885615095
13	507	0.10469508767014844
13	570	0.10364757989799468
13	638	0.1346755644521921
14	137	0.10884083153062037
15	598	0.1434495075123999
16	709	0.11321200589755456
16	874	0.10458886667707398
17	142	0.1428860729288868
17	175	0.10653078185110287
17	269	0.1366008491425632
17	319	0.11650213620493884
17	386	0.10647194655134597
17	720	0.1290456734366554
18	73	0.15998111475256155
18	119	0.10404192078085506
18	179	0.15515950966895908
18	452	0.11829387244794003
18	491	0.11238981457384808
18	523	0.17134153109781983
18	638	0.1271142659462666
18	862	0.11070475095745483
18	869	0.12254058507127338
19	390	0.11903597679981263
19	459	0.10124625083627171
19	643	0.1304967099124146
20	134	0.10505150042207533
20	302	0.10684812752748675
21	106	0.19190024048465903
21	687	0.10828391414478307
21	701	0.10991980889763117
21	760	0.13162070252320787
21	825	0.11255517966032741
21	870	0.10761731966849754
22	43	0.10369988758143502
23	28	0.2678897928206906
23	159	0.13190015029036492
23	198	0.10582475453311334
23	289	0.1708519509690762
23	479	0.20719703596887665
23	787	0.10220758755898707
24	86	0.13949038230590724
24	470	0.11393409100490268
25	26	0.37753685792727715
25	414	0.12638844403804042
25	493	0.10488797969348665
25	533	0.15530528675612393
25	649	0.1121900577657227
25	858	0.12021683029270937
26	42	0.1954773926644189
26	616	0.12074662724685024
27	68	0.2764974606269096
27	71	0.1477991156960098
27	315	0.11431114893191383
27	445	0.10604809471255904
27	535	0.12574712705989247
27	649	0.10073805046047667
27	745	0.10582236717173252
28	99	0.15651518259553854
28	198	0.1093469135464721
28	479	0.19577754361892294
29	439	0.115471464442146
29	644	0.1052675509719777
29	748	0.11432037191416754
30	418	0.11004635065737196
30	640	0.10130256498734487
31	45	0.15276535794418752
31	153	0.1008928789347774
31	378	0.28859686810938245
31	436	0.21134287997021084
31	499	0.3317129298532726
31	522	0.22199383731599354
31	778	0.1386079317708588
31	842	0.20817195504660108
31	866	0.42874385437557266
31	872	0.38055511457614793
31	879	0.2012769556851418
32	107	0.12428642217360915
32	182	0.11143130026979456
32	360	0.10202584361320444
32	418	0.1930873391332114
32	862	0.10883190348764026
34	514	0.10427939638101977
34	829	0.10573911766830217
35	131	0.1350416761248846
35	265	0.12757970423167345
35	268	0.13748235732844138
36	157	0.19382028323597064
36	189	0.11161144023917122
37	436	0.12164243565007178
37	555	0.1283947595155542
37	599	0.10284017165655715
37	601	0.11529093730722173
38	428	0.10197138782491585
38	522	0.10435864548734189
38	750	0.11257999365123263
39	40	0.13261615507221383
40	356	0.17692371848245225
40	436	0.14371848982059926
40	864	0.12937451771937108
41	399	0.207579087904354
43	51	0.1856141133557621
43	97	0.10600400252295672
43	380	0.1022427683961573
43	394	0.11082553257863663
43	601	0.12256492572093851
45	287	0.10731031363046858
45	591	0.1468374939634949
45	596	0.17372846065231667
46	856	0.13735486035675218
46	862	0.11803996711770852
47	98	0.21011895383064144
47	607	0.14310566291952745
48	51	0.10857160157367018
50	416	0.12517178876552387
50	417	0.3928724572061696
50	419	0.13995493141438267
50	667	0.10563510303074312
51	394	0.10881880570728084
51	847	0.18636596446152562
53	111	0.1518529486443409
53	357	0.15354895995550286
53	421	0.10667637903511104
53	424	0.2097858817376669
53	487	0.11557223353708707
53	490	0.12887207018013871
53	679	0.1056462203154999
53	835	0.10436055618311517
53	851	0.12335566319791723
53	862	0.16271986890537016
54	640	0.13679193459060404
54	642	0.15057687354040336
54	830	0.10895178763095872
55	190	0.1356592624044528
55	347	0.16840121011793738
55	490	0.10316808027046123
55	505	0.12893982820082453
56	527	0.3995976664330617
56	544	0.16679417285897363
57	80	0.1035422255475675
57	118	0.12410586696221859
57	287	0.12863697966820273
57	309	0.10883757989396642
57	332	0.10333409427995
57	582	0.10383692540379451
57	592	0.1068141824511883
57	706	0.10077403360858439
57	711	0.10812454338316317
58	162	0.15032969146176103
58	386	0.10851207716277435
58	394	0.10927106961519398
59	289	0.10441285354277914
60	93	0.137256901375871
61	620	0.11069894275309383
61	810	0.10454977562615315
62	253	0.10942938931414312
63	65	0.2852731905961133
63	67	0.16203855822470112
64	66	0.2511626508654095
68	251	0.11813494689319243
68	433	0.10002233340992427
68	508	0.10646724630616376
69	78	0.12877477210296445
69	469	0.10998639877862218
69	689	0.1189548790419139
70	73	0.2641931038368417
70	196	0.10347366304951656
70	197	0.11731383269879543
70	430	0.15499686618369107
70	462	0.1096728476261438
70	520	0.1263503316426536
70	844	0.1145883782939405
71	95	0.16238708727142181
71	433	0.10168325094366217
71	441	0.1019686264139907
71	785	0.10010529346798888
72	342	0.12939519281895098
72	610	0.1001329096895455
72	679	0.11109998219267278
73	214	0.14697076222860647
73	428	0.10027635137092396
73	452	0.30304608833935026
73	491	0.11708761475712975
73	523	0.15651848084901532
73	822	0.22207535198828826
74	134	0.14988002464675287
74	149	0.12584223498141667
74	170	0.1284507084724691
74	184	0.14787830978691296
74	343	0.1010890522396247
74	353	0.10217734824436485
74	404	0.1417931022823034
74	634	0.11341123273035991
75	437	0.10785587400107406
75	464	0.10357566293303767
75	639	0.13161357858424125
75	697	0.11716603764259298
75	803	0.106769636069706
76	178	0.1158407903433825
76	263	0.22010510704223496
76	502	0.14394864610213284
76	549	0.1393455841850201
76	550	0.17128585393329165
76	606	0.136647024169973
76	772	0.10356685635929529
78	588	0.1003236985338728
78	782	0.10451834428712459
79	265	0.29321230014035976
79	410	0.11714650833903867
79	431	0.2236429058903411
79	493	0.3252057945094142
79	537	0.29574511733548314
79	603	0.1028023893821069
79	616	0.1670056408096753
79	633	0.14725112711058613
79	651	0.23610902485835367
80	317	0.14915999245578937
80	768	0.11002722004330952
81	618	0.14683723990114778
81	694	0.14221946015327547
82	231	0.12902031619148344
82	454	0.38555418955659526
82	488	0.30231255159163084
82	490	0.11311733932398418
82	500	0.3152563700802827
82	505	0.12520038724997143
82	669	0.10848869600509273
82	855	0.15549365838789553
83	725	0.11996211237547627
84	174	0.11326671343862273
84	189	0.11866606264846821
84	385	0.10054636741660328
84	521	0.12688649818415032
84	657	0.10088410731320288
84	780	0.1756420770719647
86	470	0.12294180937597397
86	513	0.10944055032952095
87	184	0.10774012730155849
87	481	0.10534362577183502
87	868	0.10912830614542791
88	324	0.19701681340013905
89	92	0.12978322432621164
89	231	0.1321418651076471
89	325	0.20460967855129536
89	408	0.11106898893257952
89	411	0.11159600297769756
89	420	0.14849132315830058
89	423	0.14557783782691985
89	591	0.10019024177887746
89	624	0.10065870710385684
89	755	0.1945367200452604
89	776	0.11585422658061421
91	618	0.10763180381229381
91	819	0.12522265342193678
92	164	0.14470922887069224
92	325	0.16726553918704495
92	408	0.2015887544331152
93	111	0.10423014385263628
93	460	0.19902242883353127
93	461	0.12029177020238489
93	675	0.11033640648993462
94	230	0.11564416458543761
94	411	0.13712227714843192
94	423	0.2945247229073751
94	596	0.14380279062881973
94	599	0.11771141573574248
94	751	0.22249873168541623
94	778	0.14470873324745234
95	301	0.11865082044183334
95	470	0.14778703634050402
95	556	0.10074904148864365
96	109	0.10238655952260743
96	112	0.29383019026153445
96	742	0.12144576303351207
97	195	0.1184916325815219
97	234	0.14079723674209593
97	490	0.1265666490819428
97	665	0.15708096859525897
97	668	0.10999287284488694
99	112	0.14930921986771853
99	249	0.12010941089875948
99	621	0.11909814598365635
100	171	0.1003570073292355
100	245	0.10163854848914164
101	318	0.13380325479072044
102	139	0.11643349709820237
102	764	0.11090024262839876
102	766	0.12960582487649466
103	791	0.11197285188781103
103	803	0.11415244894858678
105	108	0.25910940639385716
105	139	0.2535473984060407
106	560	0.10137788963839867
106	701	0.12151845777489063
106	868	0.10588443861610276
107	533	0.10345953398428692
108	114	0.18292619534044913
108	766	0.2304209879049987
108	823	0.10909417964092363
109	112	0.10370926873374203
109	313	0.1258712390883176
109	800	0.12015600912917304
110	396	0.10673610312086114
111	461	0.1080815307139426
111	665	0.14899076851797213
112	767	0.10109291497734264
112	852	0.10595472147824095
113	486	0.12391506229384885
113	561	0.11667345127834015
113	587	0.11127379385848142
113	748	0.10426382587376083
114	177	0.10493241351013524
114	549	0.10171721165167284
114	680	0.13620630436734832
114	766	0.14794744870279294
114	824	0.17394377499218105
115	431	0.10031907672721999
116	290	0.306835103743934
116	292	0.29955115918358777
116	426	0.1744713314786709
116	521	0.12849134324402148
116	725	0.11396421004298406
116	822	0.11199990314642899
117	150	0.12965057620383438
117	645	0.10395854614858387
117	712	0.10416342025758009
117	765	0.10462397864743471
117	844	0.16748588344092025
117	852	0.11999106341553342
118	284	0.1285703353085386
120	344	0.10459357603788393
120	629	0.10304853464255283
120	631	0.12685641430914718
123	583	0.10106283545024587
124	208	0.10240874401505362
124	737	0.10503853051098493
124	744	0.11525198842544619
125	163	0.12263373872675443
126	328	0.17288990502848273
126	330	0.2555576849406617
126	816	0.15690580329611908
127	329	0.1011310180586043
127	801	0.1360384588287372
127	804	0.11440995790563373
128	675	0.16913923263554112
128	813	0.11228264281634234
129	135	0.10092430585940469
129	632	0.1018903855836355
129	819	0.10182912605519841
130	644	0.1322498140051959
130	840	0.11019607621570933
131	282	0.13504214891598879
131	326	0.13227711200075332
131	337	0.10728704009007425
131	588	0.11569731515008168
131	633	0.10213443402742717
131	688	0.12243959330808935
131	695	0.1301210473572696
131	721	0.1060418865890622
131	742	0.10678314562278172
131	841	0.12712917804390406
132	213	0.10113185323416773
132	244	0.162564510720729
132	392	0.10403474950712337
132	693	0.23854141830735856
132	851	0.11602040542086986
133	234	0.12585879241146614
133	266	0.1454547443738248
134	135	0.10732682655385871
134	343	0.16222922365462608
134	557	0.1314400676357258
134	635	0.24817316223240396
134	844	0.11749077984319738
135	142	0.25075839819659423
135	495	0.12595245694617263
135	557	0.12336325734751613
135	759	0.12035579191831755
136	238	0.184601338134347
136	281	0.13127845498218746
136	618	0.11123242834674793
136	851	0.10707975581425337
136	868	0.11355952035066383
137	252	0.1474809878086401
137	289	0.18350263054952412
137	524	0.14534130374069504
138	184	0.10576013638929355
138	361	0.11762265455969649
138	621	0.10252027744200323
138	666	0.13272134294075
138	806	0.1347345484046756
138	819	0.10364819992881129
139	764	0.14651860835672129
140	434	0.10452712567435857
140	769	0.12698933836201823
141	181	0.17598550348073644
141	208	0.10249008092822545
141	212	0.10272636377458395
141	264	0.11849822332999277
141	367	0.10376449659923209
141	536	0.1037472147594454
142	469	0.11616093468649002
142	636	0.1177989832996426
144	557	0.10111946144565856
144	634	0.15359504942027177
144	642	0.1201426968962496
145	212	0.15241723084026498
145	279	0.1426356657404926
145	317	0.1265697410340962
145	502	0.11192402195664687
147	697	0.1121144859686519
147	819	0.10516420953649668
148	473	0.11698356423668209
148	642	0.1006148798721857
148	831	0.10270584087471454
149	196	0.10599379071015379
149	198	0.15367429848625236
149	264	0.102317139605953
149	353	0.1259240198275224
149	401	0.17285411806511816
149	422	0.10004858692848798
149	585	0.11042006639181318
149	666	0.1460419630145883
149	768	0.1654219156983915
150	852	0.14850732556083118
151	420	0.1288815613233195
152	681	0.10635320605690639
153	369	0.15038848206716748
153	373	0.18397670163407473
153	376	0.14838424930307453
153	866	0.13168254813959918
154	558	0.10382999626813112
156	345	0.11618095413674825
158	284	0.12028936351665777
158	428	0.12999409136669432
158	629	0.10775683631063421
158	789	0.10223889132574158
159	225	0.13802211191220484
159	479	0.12391666539666124
159	796	0.10494283132447857
159	798	0.11273164681682049
160	472	0.12793673088193536
161	270	0.10550050180676553
161	445	0.10706634727691787
162	664	0.1710563489360612
163	302	0.11070131298159559
163	531	0.11251276866924409
164	435	0.10334820524617373
164	670	0.11313209702736554
164	685	0.14594505636745378
164	860	0.10670675378540974
165	403	0.11472816076155788
166	363	0.10031267288746425
166	818	0.15284807992292876
166	876	0.11413524506078328
168	245	0.10287456158616233
168	616	0.1225540268210054
168	787	0.20622719981966728
168	793	0.1513096770190595
169	171	0.10213102517501897
170	253	0.13166489111566212
170	542	0.13590557917173193
170	762	0.1024804353555596
171	512	0.12384122827068439
171	740	0.12708792153996024
172	179	0.17322809304549017
172	483	0.13185144305594174
172	486	0.1165228130601272
173	738	0.10122680367329817
174	219	0.11203478680320286
174	233	0.10904301424086713
174	502	0.1050142778501759
175	831	0.13950579329311327
176	179	0.1238058398782263
176	180	0.2182632459912521
176	183	0.18861667554799288
176	320	0.118247734172282
176	589	0.10139543943007348
177	178	0.334834647477155
177	182	0.14436620553429652
177	418	0.16409038950992857
178	271	0.19194843667522535
178	548	0.12006085088063863
178	550	0.13739012436649073
179	258	0.10878988337375331
179	397	0.12315763748173648
179	489	0.1942091370682005
179	752	0.10662230926169768
180	183	0.30507705836664784
180	233	0.11288310037085213
181	189	0.1358619627157629
182	547	0.2309806344053944
182	838	0.1196922689727335
183	195	0.13172523018106333
183	393	0.13943812828787835
183	620	0.1088824208161173
183	865	0.10180723792311391
184	186	0.24434351637912352
184	342	0.10304523336806537
184	456	0.1081327685271991
184	472	0.14859236905050957
184	557	0.11205402302317333
184	819	0.11564271180606714
185	289	0.11097135777169503
186	235	0.17291587872605432
186	340	0.1023248505335896
186	372	0.13887595967138666
186	406	0.10656779294852808
186	487	0.10060142133335617
187	202	0.15909610151752207
187	546	0.11353374689498966
187	704	0.10653784200060977
188	196	0.21044815541378975
188	199	0.3281961229843155
188	203	0.11926241033257094
188	486	0.1284179591057323
188	541	0.11570419682014903
188	722	0.10188135438574915
188	726	0.1614840260940071
188	779	0.13249115998077365
188	847	0.11282776293871669
189	204	0.2412664374373975
189	208	0.3513513457357656
189	369	0.10829684202080683
189	380	0.1312532663920556
189	502	0.1314524871175973
189	527	0.1080034625122485
189	779	0.17267088664243166
190	728	0.12003648866699226
191	606	0.10463293117502347
192	439	0.11069859246178616
192	453	0.10721701183608652
192	562	0.10176634865618418
192	657	0.10541701714228367
192	720	0.10902282554212712
193	450	0.18508912784521925
193	543	0.10092268168627905
193	646	0.15705813062756252
193	654	0.12175858173651447
194	196	0.2030510020550531
194	461	0.11010013397952483
194	579	0.14064065800358624
194	723	0.1661445887775448
194	726	0.17388880930772346
194	856	0.11862198335297536
195	206	0.27022839759586803
195	208	0.12517066053517026
195	659	0.1308559823684069
196	822	0.10619767076290705
197	206	0.1686047906939027
197	859	0.145078693497889
198	218	0.10461646312288665
198	220	0.10340770295462336
198	229	0.10541600809853324
198	459	0.10258761392731136
198	685	0.12959505982304126
199	205	0.10660038327929391
199	215	0.13812234940496768
199	483	0.11787469119251445
199	484	0.16261054366263342
199	486	0.15450862851006944
199	491	0.10086071088373613
199	541	0.1580403325511439
199	653	0.10674564226672573
199	739	0.11717094672845783
199	780	0.18339998468585667
199	862	0.10465604728757265
199	863	0.15872940267312388
200	308	0.12857352526476032
201	452	0.10439225885301917
202	434	0.10316847975622731
202	541	0.10387413788256536
203	365	0.11547484531643316
203	375	0.10236651705223904
203	420	0.10925587686123914
203	655	0.10313076357354634
203	780	0.1578460904315211
203	812	0.1084652711701386
203	855	0.13167437189486952
203	857	0.12967603755873178
204	289	0.11217049777966784
204	582	0.14872336261171257
204	610	0.1030193767693475
204	772	0.1024640950767019
205	318	0.11360680677451242
205	370	0.15323470779111137
205	458	0.11380634256802571
205	653	0.14062722806759928
205	739	0.11569910926389872
205	779	0.10387006638051015
206	234	0.14492349068218327
206	859	0.1240221508505364
207	316	0.1259521039917224
207	434	0.1205665429561367
208	230	0.1018656425697696
208	297	0.14644243768816084
208	351	0.1146654952980803
208	548	0.10586499316166201
208	613	0.10000053817609351
210	557	0.10924452902434774
210	640	0.11017541638908614
210	811	0.10239805119826528
211	272	0.1299512833573452
211	582	0.10860908743592754
212	228	0.10202722461484705
212	494	0.10917238197950546
212	575	0.11434355204220321
212	809	0.1146431612636681
213	244	0.1055721448473433
213	362	0.12003735448846464
213	507	0.18932620803787428
213	839	0.11205269661071421
214	215	0.26799726490358444
214	428	0.14157460050872922
214	577	0.16275526683696076
214	606	0.12082623851780173
214	756	0.10049264955695995
214	869	0.10070679295760476
215	484	0.3269577372173106
215	491	0.1762283688369284
215	580	0.10017779345870037
215	606	0.10278394434745233
215	672	0.16590450461908743
216	246	0.21818843021788342
216	321	0.1611029155748284
216	575	0.10616210102960119
218	227	0.1143312065758249
218	292	0.11590631403151826
219	404	0.1494059902372488
219	557	0.10113919240763533
220	524	0.10639102730232483
220	727	0.1518436601912496
220	730	0.13300188529484996
221	472	0.11350143777870086
221	810	0.11054220423728317
223	276	0.10758075701496465
223	694	0.10144756485301235
225	588	0.11098309475463795
225	611	0.12133825560064827
226	644	0.11501575804029243
226	701	0.11394007120194728
227	233	0.13329193726071933
228	498	0.11287571768075175
228	860	0.10483435361287581
229	390	0.1113490791237729
229	777	0.23577983682015044
230	297	0.10651150090737117
230	383	0.1020654569142873
230	751	0.14239412545022928
231	348	0.13837950427696888
231	454	0.12522529253861733
231	500	0.13807271401102214
231	669	0.14359871018468168
231	682	0.18435110084924122
232	642	0.10763848390778852
232	722	0.2289974372395178
232	726	0.1489967054620854
232	862	0.1263429545455937
232	869	0.11631175823357368
233	315	0.14739431256060245
234	465	0.11874480073147631
234	666	0.1657838087650607
234	859	0.1187729550303105
235	564	0.198174906890713
235	804	0.11310993519663624
235	807	0.1272787212089763
236	738	0.1353753630118436
237	461	0.20344680653124317
237	586	0.10749872955078642
237	835	0.18548603043331327
237	836	0.1179479455440469
238	269	0.10339612013833514
238	477	0.10090339037635375
238	481	0.11619308340406628
238	495	0.12392710598289937
239	388	0.1127174285466331
239	518	0.11731375038326218
239	743	0.11716872219889819
239	772	0.11430759678794883
239	829	0.11340475085036687
240	620	0.10373112661645524
240	637	0.11532150063290805
240	737	0.11827678677538792
241	479	0.11520669564950566
241	639	0.1340355642303006
242	254	0.10938975611076034
243	499	0.10973429682471617
243	522	0.12307105932815027
243	811	0.10296701867798133
244	560	0.1336528258175565
244	579	0.10339535085548689
244	851	0.1853230958353292
245	431	0.1796688508257734
245	493	0.19176681677073085
245	537	0.12854386623696507
245	633	0.3317354741891601
245	651	0.2331844902884216
246	321	0.2313577841422259
246	340	0.10685034397471445
246	494	0.2896577511976655
247	286	0.11658128078016723
247	404	0.14743729200206496
247	433	0.14249880046586924
247	562	0.15781266598761254
247	737	0.12062525463106297
247	841	0.10574020236291962
248	251	0.16234134499950287
248	819	0.14137735459322984
249	251	0.22291964633851652
249	473	0.10524442597257354
249	774	0.13480534122316054
249	845	0.10081666698663021
251	281	0.11764197411203182
251	333	0.12636956180058218
252	364	0.10200852977039429
252	538	0.13026099262027396
253	380	0.10444575423280227
253	541	0.1249069232890334
253	556	0.10577783023433207
253	577	0.11625537625388442
255	398	0.14792600353623292
255	483	0.12221119965155489
255	576	0.10081645082748815
256	513	0.1587413262309278
256	590	0.10212572069443948
256	761	0.11043806458152383
257	258	0.11151511187773427
257	869	0.1129615765454507
258	346	0.11734443049314314
258	491	0.10524535339929691
259	493	0.13165975707389452
259	616	0.10261012976451675
262	805	0.12790393469705225
263	274	0.10571687195872988
263	502	0.12114099941732723
264	401	0.1050409538643197
265	431	0.1801360243963237
265	537	0.221596295785006
266	283	0.17933592835757708
267	459	0.10168919945138577
267	479	0.16144440272716395
267	538	0.16890984842431747
267	800	0.10361687402881871
268	475	0.1132851874197244
268	477	0.12536885931135563
269	270	0.11935801916225612
269	513	0.10888362148192036
270	273	0.18761403380858388
270	406	0.10823585898955845
270	488	0.11038729308457818
270	498	0.10017596449061414
271	473	0.16849957258889411
271	548	0.10668520043054905
273	749	0.12581617433597644
274	380	0.13685881134000943
275	336	0.10105035342251645
275	388	0.10219335655149879
275	477	0.10227411994593609
275	730	0.1013797302553731
276	787	0.10040759584005535
276	793	0.10724438865999769
277	476	0.11091250157121572
278	634	0.10009444692696273
279	296	0.11173640603839322
279	310	0.1665999481804823
279	401	0.13671076070124377
279	588	0.11514326224820887
279	809	0.1422716115563829
280	305	0.11581622729358267
280	375	0.11705964523175044
280	594	0.1924186946050906
281	313	0.19376434754000257
281	433	0.15450132978511674
281	618	0.13745296413782837
281	632	0.18544869093218103
281	875	0.15204052281196556
282	379	0.14691611616434264
282	395	0.13869342559501094
282	492	0.15694519752399216
282	838	0.10967306625228498
283	321	0.10374847792710322
284	392	0.10047072174662568
284	872	0.1389192083295959
286	383	0.10030390593611957
286	439	0.11362844684035515
287	443	0.14747983394240433
287	596	0.13735800582879565
287	609	0.207597021494863
288	298	0.17396066027508156
289	524	0.23317327033523505
289	610	0.1122682393402173
289	851	0.11426634203597279
290	709	0.11549397364579071
290	711	0.10252871505782246
291	295	0.22138998816338462
293	294	0.14525905621986207
293	299	0.11439526635099605
293	592	0.11859650863830266
293	711	0.11147254035726128
294	415	0.1560510462345061
294	609	0.16643885607643555
294	612	0.19523198186877272
294	709	0.11047129744310043
294	711	0.10625150465198617
296	300	0.105196584197448
296	310	0.24304173523925915
297	730	0.13295105527299647
298	437	0.11186413707955617
298	657	0.12407165899175633
298	729	0.18265707140116214
298	736	0.10625735112920946
300	310	0.1523079567134449
300	397	0.10327352064507044
301	734	0.1033138766648144
301	772	0.13767841417147902
301	797	0.10550459130668345
302	401	0.10523978903652764
302	855	0.10855286231757698
303	318	0.10007722834440154
303	329	0.13603733576978866
303	451	0.11622013262393392
303	779	0.10970119127567667
304	425	0.11631989553776423
304	432	0.10155336467982563
304	558	0.10925393370254263
304	640	0.10021042540749191
304	725	0.10568368462990749
306	354	0.14292592485619732
306	438	0.14183636700008567
306	443	0.15507875289118392
306	592	0.1319155608874632
306	713	0.120503939835863
308	373	0.11291093249404344
308	525	0.16040693144043686
308	665	0.1142610838395021
309	547	0.10224820464601976
309	715	0.12338270907490576
309	722	0.13260203754142985
310	458	0.11725057788667603
311	426	0.14716106706395618
311	708	0.18230624323956746
311	731	0.12998136673790542
312	422	0.11960015762507514
312	452	0.13718584936992828
312	715	0.1185254449208078
312	767	0.1312149330209426
313	645	0.11545450901984383
314	327	0.10034525251100784
314	698	0.13144645754670828
314	871	0.10888495425786948
315	318	0.10528117926594832
315	687	0.11085099953859665
315	723	0.11264442121081743
316	734	0.1489328173242097
316	762	0.1123913435728966
317	644	0.14831236716523827
317	768	0.13408170314241863
318	365	0.1307808050310504
318	527	0.14259679413055035
318	528	0.16301660996470463
318	653	0.1337621012576123
319	321	0.1128252651496815
319	332	0.13920617181210337
319	722	0.1038423175465619
320	360	0.13610622792139532
321	579	0.15466390069458366
322	464	0.10254904024469653
322	495	0.10208750786429469
322	542	0.10100674745260757
322	737	0.13083275559716775
322	831	0.10923103157267755
322	868	0.13777962276933975
325	411	0.17811776577008975
325	423	0.1642397528721963
326	562	0.11142953453124328
327	768	0.11037271701478756
328	330	0.14471708256012572
328	815	0.16459101738798596
329	365	0.17378464875644511
329	370	0.16971862300517956
329	450	0.11564275086936153
329	451	0.23182670029985825
329	628	0.1047719613263255
329	655	0.20980515571692482
329	656	0.43784889233485286
329	779	0.14312703620547687
329	845	0.1046037475494302
330	816	0.12189355583666893
331	476	0.10084092723758548
331	615	0.10452129100905111
331	771	0.1133120305987455
331	873	0.13431784226075139
332	598	0.12769232048672177
332	683	0.10289247014880554
333	613	0.10659226271161065
334	390	0.10252051779720403
334	671	0.13088456129754752
335	728	0.24740562882856876
336	737	0.10627435993863621
337	865	0.10501845892045812
338	424	0.1317630518487446
339	769	0.10791871667551739
341	468	0.125915954619953
341	470	0.1006435183405639
341	768	0.15271680600183343
342	410	0.1106500671116172
342	472	0.12091363243955966
342	545	0.11275973126095222
342	613	0.12683864131103298
342	819	0.12513464516586095
343	404	0.10576056447896522
344	428	0.29614022509864496
344	519	0.10325461070595388
344	756	0.2270253208313598
344	861	0.1137785570295743
346	347	0.24214796997916513
346	491	0.10125247961396522
346	669	0.1035824037020181
347	426	0.10305742226327003
347	491	0.10066736770268135
347	710	0.10523024428448433
347	762	0.14159373263109076
348	713	0.11909607269666288
348	773	0.11474929836361805
349	351	0.12509813479770374
350	785	0.10517392248842558
351	744	0.10090637459172466
352	414	0.14852784855290344
353	843	0.10889237088919126
354	363	0.10140076540521636
354	438	0.13473405470237948
354	593	0.13104129498589487
354	713	0.11231454254602778
355	410	0.11739085247627017
355	714	0.10927519987005428
356	358	0.3419004384530487
356	363	0.11534541204463825
356	378	0.13999360546704387
356	381	0.18372091281682734
356	750	0.13320262710708372
356	866	0.1881639087142919
357	361	0.2605173404277202
357	362	0.22135831389906127
357	420	0.10632327153313184
357	806	0.11580162000006475
358	581	0.11337604853651959
358	872	0.14968532318514322
359	362	0.29565506143919246
359	458	0.1034826648644602
359	743	0.10499133359341031
360	378	0.12945686904446943
360	828	0.15223596091722338
360	837	0.1408913990666945
360	848	0.105664835406103
360	850	0.10391016233938301
361	362	0.33788933864299087
361	494	0.13104803566900355
361	802	0.10062681842683287
361	806	0.1942722898515845
362	469	0.13051128657699987
362	660	0.10479898423293492
363	552	0.112737251083079
363	599	0.1252794410634766
363	754	0.10326832464672014
363	776	0.115503401369136
363	818	0.19324188830454436
363	848	0.16689791272039778
365	455	0.10550726065427697
365	652	0.12263950445252096
365	653	0.10207697876991066
366	703	0.16871143434954317
367	630	0.10590204833277793
367	855	0.10646541340608702
369	707	0.11218298300473668
370	371	0.17406332052714707
370	453	0.21846891486165146
370	655	0.1553487174941329
371	450	0.16773561740133294
371	453	0.1771219287179028
371	653	0.11829269987067373
371	656	0.10206215211981837
371	847	0.11540402039317155
373	380	0.3282315267112228
373	547	0.1128080679789577
373	788	0.10133213956869508
373	846	0.1413349166818498
374	813	0.10884178861127165
375	451	0.20649401602401785
375	655	0.16850739675101392
375	656	0.1431449611635914
377	510	0.11100000342637541
377	670	0.11522622908588974
378	552	0.12455649048264966
378	577	0.10123304539592431
378	754	0.10030323850310946
378	848	0.11548181580126685
378	866	0.3045189683931844
378	872	0.1616379277714005
380	543	0.1962911864187963
380	846	0.1022979832607457
381	660	0.10149348118977534
382	402	0.114048286698947
383	557	0.11859650700839834
385	759	0.17573677366195953
385	769	0.102451504682996
388	759	0.10662204586594458
390	433	0.11941736908807589
394	396	0.12746096930687473
395	557	0.11722616712690984
397	864	0.12377070261303905
398	555	0.14163799107768785
398	591	0.18371753797295953
398	692	0.10616521169447721
398	774	0.1010626537277108
398	830	0.11104798175459095
398	837	0.12184622415120065
401	588	0.2441354125657708
402	515	0.13298194028145696
402	524	0.13669438060246153
402	637	0.11934019285912639
403	634	0.10428582861585711
404	840	0.1209579389361655
404	841	0.11066062408298856
405	561	0.16179829014347125
406	482	0.11082836931503097
406	488	0.18782831193059507
406	505	0.21089641984778676
406	569	0.10605289650566412
406	727	0.10227871635098247
407	429	0.1467055891759182
407	823	0.12222092655842134
407	824	0.23001279526076598
408	427	0.2292579548383425
408	503	0.13955732541741842
408	778	0.11761519752500257
409	433	0.10633287143453633
409	770	0.1421042913241886
410	641	0.13975884869456734
410	714	0.13475139630169733
411	423	0.24769777342650884
411	503	0.13047836822627853
411	754	0.11290601631180998
411	755	0.27774979342470757
412	630	0.12077928002795528
413	533	0.16955844677279708
413	825	0.1106210153674369
414	495	0.11770209599381183
414	533	0.10463424683260103
414	649	0.1128055310518147
415	608	0.12014935849362098
415	612	0.10273912722544805
415	709	0.10450076444287047
416	417	0.21647779296866385
417	429	0.2186262385909504
417	573	0.17125080780895782
417	667	0.12844644370809838
418	516	0.1505682334844324
418	725	0.1149245752306199
419	824	0.3404984933807709
420	655	0.11997548661318957
420	847	0.1103878008563848
421	772	0.11502167187856999
422	641	0.10573395603330094
422	712	0.1320867415799776
422	729	0.11094224484038404
422	794	0.1093649767385486
423	624	0.1180559565840117
423	753	0.11137826056798675
424	630	0.46878777745284567
424	675	0.14191406758931946
424	851	0.16224835006568525
425	507	0.10899004178468051
425	635	0.11970068985787853
425	642	0.36036964987560327
425	760	0.10336359812583822
426	521	0.22538261680649407
426	604	0.11687792231466344
426	672	0.12014813948858444
427	669	0.10518974037024395
427	753	0.17951426014267363
428	756	0.25953203455794793
429	573	0.21271313914146373
429	823	0.17056349831464218
429	824	0.13447897396825775
430	463	0.10481949097803163
430	520	0.13135780322407317
430	523	0.21628230276136431
431	530	0.10173977202073661
431	539	0.1325588819169357
431	633	0.1940117483245795
432	832	0.21713317293317
433	441	0.23087482270955573
433	703	0.10011224035025659
433	794	0.1006238037164218
434	444	0.10571451501029354
434	698	0.15355589694582572
434	699	0.1340334886034046
434	716	0.12523567616457584
434	720	0.17608765993177627
435	748	0.10669705084821489
436	765	0.10749321856706322
436	866	0.16378921700740234
437	445	0.12551162641521105
437	447	0.15979176563765954
437	535	0.11593352163588494
437	619	0.151452033662365
437	701	0.14961241969646155
437	706	0.25144194969574624
437	712	0.112533035173472
437	713	0.1279922803335075
437	729	0.2005455025381991
438	443	0.19614693886750206
439	447	0.28208606538338743
441	709	0.18069988900535203
441	715	0.20319286898435004
442	492	0.10599102560462682
442	581	0.11992942701417196
443	595	0.10081240208521598
444	699	0.16834112060378148
444	716	0.271239983250734
444	763	0.1471749413135729
445	535	0.14457177017987788
445	711	0.10952349563948274
445	715	0.10109380578864409
445	729	0.11607354871805267
445	805	0.10567277244716498
446	731	0.10796832973960198
447	711	0.19056102570994424
448	837	0.13849902090487398
448	848	0.12703876048249188
449	795	0.10425590084504609
450	453	0.13979658043399676
450	628	0.10118713567241697
450	656	0.147721015547386
451	453	0.33618931287850434
451	779	0.14739411951222783
451	863	0.10411292165902812
452	523	0.4153709621472166
452	788	0.10298189118082293
453	455	0.10353299185436055
453	655	0.15028029042154448
454	457	0.24944951281852948
454	500	0.5130218071885501
454	505	0.10155043479201536
454	674	0.10776816473013053
455	652	0.13470554608451063
457	482	0.1987354561438854
457	488	0.19311116261719505
457	498	0.13362423772863002
457	506	0.14935844048940747
457	668	0.10335266375168282
457	686	0.1067328686485645
457	724	0.12942132294795836
458	660	0.10695316400401776
459	831	0.16406639506298482
460	834	0.21812956384909926
461	834	0.18946192433153677
462	463	0.1312539055901186
463	822	0.13153816319913286
465	466	0.13386875341708518
465	650	0.13341623844006345
465	734	0.12782503629441272
466	739	0.10081454553917572
467	721	0.1110757067806586
468	643	0.17383064971863316
469	865	0.11174198637246717
470	868	0.1565729068259309
471	870	0.15620507377204784
472	871	0.14444558524559975
474	495	0.17625374035540806
474	627	0.10760916906435199
476	478	0.12389270360852524
476	616	0.10381365811002582
477	538	0.14577905905250876
479	772	0.1414145033759547
481	868	0.1277705861675205
482	487	0.3834412693029224
482	505	0.10140146270539423
482	676	0.1012386582894149
482	735	0.10953391862052067
483	484	0.14730782633284295
483	486	0.2221438498177347
483	491	0.24253773793542968
483	580	0.10745146973238161
483	590	0.10973273074688296
484	486	0.1615308024183148
484	489	0.18275590532333952
484	491	0.4266197508240481
484	577	0.10355631908417277
484	580	0.11163619039906056
484	672	0.17532719459335028
484	678	0.23013166139441166
484	869	0.12942253141243662
485	486	0.1855993321664773
485	601	0.15796672527610092
485	856	0.11579201423743297
486	726	0.1289766836837708
486	754	0.1197116035512964
486	756	0.10332952019523582
487	505	0.12886464979581924
487	675	0.12533014178550075
488	505	0.1395159433275799
488	668	0.12663230143518622
488	682	0.10758508481475065
488	724	0.12863933505510852
488	749	0.10892787529099959
489	491	0.10463080913918343
489	580	0.1054084754244629
489	678	0.12579544633364334
489	863	0.12458858007784428
489	869	0.23074095645228346
490	500	0.11436538757090296
491	511	0.11932440629439116
491	587	0.11443519486161968
491	606	0.1035115669687261
491	672	0.17538916869153762
491	869	0.1591777381263346
492	838	0.13606783436945785
493	537	0.3943847740588706
493	616	0.3596176707854845
493	633	0.3149160131398329
495	701	0.1336185843715144
495	721	0.11314923394320249
495	763	0.10424894239164358
496	621	0.10268534570260951
496	803	0.1095914191494441
497	637	0.11145173193902823
498	710	0.16624639080229117
498	716	0.11643676235466223
499	522	0.13059241288175305
499	599	0.19962868485993096
499	778	0.15378907940154413
499	842	0.14105198401001542
499	872	0.28048363944736715
500	505	0.14410285228517122
502	645	0.1116522894602854
503	551	0.1306933119653073
503	665	0.23525046890153894
503	855	0.11335720265870457
506	686	0.11579190162445593
506	720	0.1632042997900231
507	585	0.1568000369578538
507	635	0.13792631039702907
507	839	0.11203246498112544
513	515	0.108135739963873
513	819	0.12481000288832798
515	570	0.1359820377019227
515	577	0.11540700661480256
516	588	0.13953540504994963
516	688	0.11220363756010855
517	522	0.12189440901798303
519	629	0.12000599620880911
519	756	0.12996198056268332
520	533	0.10049398710619284
522	623	0.10126217671241096
522	752	0.15974127818794587
522	754	0.1992095514577852
522	780	0.13550319229881203
522	818	0.10023881843869856
522	837	0.1929722076714619
522	848	0.19029429002914178
522	872	0.3511257557801601
522	879	0.1979835329560832
523	703	0.11487305879415954
523	739	0.16009476452824808
524	795	0.10414748172236768
527	543	0.1502267067459297
527	548	0.13326610674128672
527	550	0.10554923438431651
528	845	0.1060690934036291
529	777	0.11701052218468361
530	535	0.10619598974579803
533	649	0.10573966625217056
533	651	0.1398230189490976
533	732	0.1083146999046163
537	616	0.18804629377827187
537	651	0.10990833944886409
540	624	0.1248415738486132
540	657	0.1423792015353719
540	736	0.12329506557351738
540	753	0.10671813897178302
540	805	0.10957514646914045
541	863	0.10816386790451953
543	548	0.28603158873819
546	687	0.10053077749433507
546	695	0.10285771596045985
547	548	0.12032579236174074
547	550	0.24230302087762542
547	846	0.18291107589261524
548	550	0.24475106811552164
549	550	0.12085316677638211
550	846	0.12400499968871392
551	665	0.10781784611902652
552	705	0.12390206004316502
552	754	0.33721284540690916
552	830	0.1307740189736839
552	837	0.18561163631959338
552	848	0.21240467520313316
553	760	0.11571344777583228
553	840	0.10279579424333754
554	787	0.12099635822002633
554	793	0.10302808595101291
555	864	0.15341763533961916
557	844	0.10636810280332373
559	561	0.22189886807425532
560	769	0.11524099894909082
560	851	0.1467902193856035
560	868	0.10099567830028282
561	587	0.12084757715408326
561	669	0.12595237732087647
561	682	0.1011465108308935
561	748	0.12620003877115843
563	576	0.1398917706014506
563	587	0.11714085110293966
563	812	0.12742564380440677
565	585	0.10100369555699328
565	587	0.10510994504734592
566	569	0.20357133251634635
566	575	0.16714815104221883
566	582	0.10426882040706946
566	635	0.11984504543481186
567	577	0.20959594184076524
567	587	0.10383156659223446
568	570	0.17874236631782336
568	580	0.1197663889501118
568	629	0.10246191428976612
568	714	0.11977585510211446
568	715	0.10035915465603452
568	814	0.11446697567573519
570	577	0.3403436880891643
570	678	0.10545141671972041
570	812	0.12615730531906033
570	822	0.10697628682277394
571	845	0.1273493513789938
573	667	0.11296533310122883
574	575	0.1204904508726302
574	579	0.24405356751469193
575	757	0.10388751344811409
576	577	0.26694933180899366
576	587	0.24125781838446647
576	869	0.12417975386996122
577	606	0.151087416282638
579	743	0.11371068938016837
580	728	0.10086246514272951
581	752	0.11085893847877762
581	806	0.15284150118363235
583	806	0.12823839212042126
585	586	0.142494054589211
588	595	0.13216957816389707
588	733	0.12371855439057144
588	742	0.10039207583955337
588	822	0.1020317722543524
589	617	0.12244512307775966
591	751	0.11139355343406941
592	711	0.13737709405942797
592	712	0.1684701639792633
593	595	0.27385795255734174
593	703	0.11379347407224595
594	827	0.10359849805288106
595	596	0.3119755631535474
595	703	0.1171615646191588
595	739	0.1330284748760615
598	714	0.12325052230671185
599	752	0.25682137298203894
599	776	0.28165218943300674
599	778	0.4211199915492977
599	818	0.1011310264768626
600	644	0.34546337216896217
601	605	0.10902168938792865
601	659	0.11590976537927354
604	606	0.14062397740099056
604	723	0.10605487717832747
605	847	0.10967619045416854
609	612	0.16952812442471243
611	759	0.10988330629039052
616	633	0.1114096715488051
616	634	0.13892481070572216
616	697	0.10918485629361437
618	621	0.11437327555284303
621	700	0.13270134136995917
622	626	0.10051429720068608
624	751	0.11804154721007977
625	637	0.1250665111736196
625	825	0.12242105142554245
626	631	0.20962849820065751
627	800	0.11175602680309786
628	780	0.10246714922712899
628	845	0.10395904578904507
629	671	0.11559041712063299
629	712	0.1117117215821305
630	855	0.10135339024634628
632	865	0.1280406016347304
633	695	0.11056408206265551
633	770	0.11972315229151713
634	844	0.12665943800961302
635	642	0.10701422100810622
635	673	0.10422910764293715
638	700	0.11725658125392938
638	810	0.11085229218992533
639	803	0.1730376993064814
642	705	0.14396280827387753
642	718	0.112361545091173
643	709	0.1077192834603207
643	715	0.16290420370956737
644	790	0.1239698907393068
645	844	0.1252207858689665
646	655	0.10007953946286421
646	845	0.1786514154658258
651	673	0.10359851420762259
652	696	0.10416450838855891
653	655	0.1121349800754482
654	655	0.19812351484202906
654	656	0.1788246604227837
655	656	0.39019035052960865
656	780	0.12157962601683153
657	855	0.11260484041316794
658	811	0.10245916121133834
659	774	0.11557905079864096
659	799	0.10630833235539591
659	879	0.12591584430640834
660	665	0.27045068731092137
663	788	0.2674196272180987
663	792	0.1038077290624041
665	855	0.12335730636798337
668	813	0.191884690764112
669	682	0.10256805791098572
672	678	0.14970457322094824
673	791	0.10595703251588195
674	729	0.11855196656066547
674	774	0.11010185724599542
675	676	0.20663642606643293
675	677	0.2069374236042388
675	801	0.10252094102120282
675	808	0.21715119000461602
675	813	0.11578010346847867
675	862	0.13449896362166075
676	677	0.511374989373592
676	804	0.14375330275735998
677	816	0.11809654469663707
681	687	0.1156451989789727
682	683	0.15112328712594023
683	686	0.11053452591728022
687	689	0.10400515807241453
687	870	0.11323077303395934
688	695	0.11898885374926511
692	693	0.2756577904214805
697	791	0.10390746741513358
697	796	0.11963527467363151
698	699	0.17552886250512423
698	717	0.1117624330908545
698	724	0.12035887481461337
698	735	0.12387722443558498
699	704	0.30324545260013175
699	716	0.1620745461071561
699	717	0.23887313273115762
700	702	0.10176056555071897
700	731	0.11524856178426993
701	709	0.10613012151113954
701	719	0.11173435054319732
701	729	0.11128012009099954
701	800	0.10475661481014059
702	728	0.11566135603326926
702	730	0.12832461812983587
702	778	0.13652362939763998
703	704	0.11367491867226028
703	711	0.14928528762409907
703	712	0.15433902520851586
703	715	0.21690589435232657
703	862	0.12258753437613126
704	716	0.3617151819566435
704	717	0.15583935474616564
704	727	0.2652232610123889
705	708	0.13283150543954514
706	709	0.28386154789835594
706	711	0.3767538220489107
706	712	0.18518837940739613
706	713	0.17158565165754514
706	715	0.22224857028065964
706	822	0.11312776617893226
706	857	0.10280803641459361
707	716	0.19136307604549768
708	750	0.16219068739253245
709	711	0.37815189895994317
709	713	0.10150283585110548
709	715	0.22314135198404958
709	851	0.12189742595692983
710	716	0.14763448236548396
711	712	0.17109806486937398
712	713	0.11013480625132531
712	715	0.11269667673003489
713	717	0.127456778429434
713	786	0.15140824972513228
715	763	0.10371861718817975
715	786	0.1277630015774913
715	788	0.13519408470952765
715	789	0.11415410326781653
716	717	0.1923809136925636
716	727	0.13034742125080434
716	763	0.12331978624267853
717	720	0.21732654787014985
717	727	0.3411435562079522
717	735	0.184941492739438
718	844	0.10335458126809963
718	867	0.12493535821776304
720	841	0.11838327304670619
721	725	0.10036676943088534
721	736	0.13129304047777537
722	726	0.10283431024549955
723	855	0.1083821223873782
724	735	0.1924249635953731
725	751	0.10100626653037936
726	847	0.15417557815172672
727	735	0.3201580881069505
727	854	0.10189352159922838
730	731	0.36151563952835625
731	749	0.10742577185245049
732	838	0.11369633021519776
738	774	0.14692359217089243
739	779	0.17595300440524056
739	780	0.1113300898200204
739	797	0.12319898414673516
741	744	0.1839079419741241
743	806	0.1248952081423461
745	850	0.1626127900212444
747	831	0.10822237258958017
750	799	0.2046044554245733
750	837	0.13282279235846564
750	842	0.12725991233437187
750	866	0.12066859717344315
751	752	0.11024580592224147
752	872	0.13403669150757858
754	778	0.28801035965521254
754	799	0.10104256511664532
754	818	0.15074763866792878
754	848	0.211197416618346
754	872	0.1799402928595691
754	879	0.13468053809384686
758	771	0.10057028898855414
758	785	0.1011820767344618
758	788	0.10410286221945196
760	768	0.10969872832852581
761	762	0.1325958348242066
761	862	0.13215639898856787
769	814	0.11508299667160368
774	846	0.10797383842611334
774	876	0.10997329975228716
776	778	0.2390075907653934
776	818	0.10069009681180328
776	864	0.17537514539188606
776	866	0.1169306822972121
778	818	0.11867611302009794
778	872	0.12584563787057146
778	879	0.20501304282594765
779	799	0.1181717555605652
779	872	0.11278761305140389
780	818	0.15666211253741955
780	837	0.10431241936003519
780	848	0.10123280645891905
781	794	0.11083885924077601
782	798	0.11181798768023093
784	794	0.12809079117210062
786	788	0.1261179228165813
786	792	0.1391785639842524
786	797	0.10458116686926093
786	822	0.10061493563462745
787	793	0.3034944512398887
788	792	0.17295701593311974
788	797	0.1654614789836645
789	866	0.10068849952741933
792	797	0.30669190516938627
792	822	0.10357067212961563
794	822	0.12304240986081687
799	842	0.3122722796693558
799	872	0.31050423062920673
799	879	0.29424163623937233
801	808	0.4670679629853143
801	816	0.10500190734573478
802	806	0.2808035301315832
804	807	0.1529334386750803
808	816	0.36469866891103175
815	816	0.27572856901889004
818	837	0.14139792449924432
818	848	0.3333131557560494
818	866	0.1120781100927738
818	879	0.3977751698635647
820	827	0.11335722918580642
821	826	0.19078055801732335
828	830	0.273243896335831
828	837	0.30931804649410033
828	842	0.2722319878692212
828	848	0.15877269180652845
828	864	0.2772180596691519
828	879	0.2643896704759859
830	837	0.29937484923465274
830	842	0.15148673657710804
830	848	0.272641282579079
830	864	0.4038062773270561
830	872	0.2806720228682962
831	873	0.10238480563975351
833	834	0.1530363908572591
833	836	0.23515152673144094
834	836	0.12701655015496172
835	836	0.24259691973730393
837	848	0.5229679873478947
837	864	0.32029529860471423
842	864	0.18856489529526607
842	866	0.1707992696543682
842	872	0.39381660369578264
848	864	0.21030345150280166
851	868	0.11219215613999388
855	857	0.12433560268144002
855	860	0.1304765516469062
856	857	0.16331511168926308
857	869	0.14740598289498477
858	860	0.14676229668693985
866	872	0.1386139418541115
866	879	0.10039999120330428
872	879	0.14465416310205226
