0	768	0.11587808956904452
2	11	0.11103918464226077
11	523	0.15126730139296762
18	851	0.12265658731486442
18	862	0.11283365035365353
31	842	0.20279142464483965
37	38	0.2967069331369825
37	39	0.10097101721802237
38	39	0.15370517587228996
50	823	0.1431733823608301
56	527	0.18119277044649684
63	67	0.1618353275757157
64	65	0.12682417680554947
69	72	0.10709453303303293
79	245	0.13534756122889555
82	488	0.22914448187606193
86	247	0.10408405018578139
88	90	0.15067168504097112
89	325	0.10776038899477813
89	408	0.1392768699525273
89	624	0.10990520586499912
92	94	0.17376487703035182
92	427	0.1381208705118397
92	753	0.1046805089909427
92	755	0.2238838951711253
94	408	0.1319987913327409
102	105	0.22632697300514243
102	139	0.16150272329278578
108	766	0.26424267604754287
115	479	0.11325945896611435
126	127	0.10691665664263711
127	815	0.13708392486796225
128	330	0.10297107061427918
128	816	0.11028489286105007
132	238	0.1100252247505909
134	635	0.18785763039132702
134	760	0.10696229865483518
135	140	0.25839222816426016
138	141	0.16586153756696673
139	766	0.12237110189813627
153	380	0.10987841371747538
158	392	0.16082580219606907
166	378	0.14760486561625322
170	762	0.15040911165126436
172	179	0.11728417735993617
182	271	0.11050763262884272
192	249	0.11846025388062291
198	207	0.10172257217850998
200	204	0.11792120809992283
203	780	0.11288902614255135
205	646	0.10880296161952586
208	680	0.10277175785496663
214	587	0.10233717334176945
215	483	0.10263620809164219
215	484	0.1018751497499438
215	491	0.16122860317650142
231	686	0.15230162035063885
236	459	0.1399642726018976
236	831	0.18350323920605668
245	431	0.10228026736623164
246	494	0.2006459462709065
265	633	0.170013762025281
266	340	0.14650962851259927
270	273	0.34547608138377384
280	300	0.19945445914714302
285	291	0.1167016539308012
288	540	0.13492907172567223
293	294	0.19554670087781473
293	703	0.12343315481388269
299	309	0.16256726871860377
305	826	0.11727222838706114
325	411	0.12170520671317432
325	753	0.19310243116864845
326	524	0.13719616264396653
327	817	0.155052943903968
328	676	0.10273581778944393
328	815	0.10384703209058982
339	803	0.10197394202154848
344	756	0.1417076717068402
347	707	0.10161472971277968
349	351	0.10418394042870363
354	596	0.10926869246956478
357	359	0.19217138246790158
357	362	0.15269767872633958
359	806	0.11768080178253806
363	848	0.14024344444767398
369	380	0.15633769557220145
370	371	0.15587051341137148
370	375	0.19687223738615406
371	375	0.15514927368785777
375	451	0.10465209569982538
375	453	0.1379746849479498
375	528	0.10102054116328951
406	490	0.16214738443137494
407	417	0.12502164971099894
408	427	0.17558207768065112
408	624	0.30805283769845915
411	751	0.15985587157731326
417	823	0.13188940386815556
420	780	0.10607656532355256
427	624	0.10959395421033308
427	753	0.1089258772359352
430	822	0.10574072489021186
431	493	0.13204432375997524
433	701	0.1012114474125489
434	698	0.1467823453405681
436	448	0.11675464959828831
436	864	0.18715098886465714
439	445	0.13612040320523475
441	445	0.10511417481871371
444	698	0.24042242657575655
447	701	0.10247768577940723
452	523	0.15789413994909293
454	856	0.1026898727922057
455	656	0.145555412478215
457	488	0.1663382742290219
460	835	0.134143614084055
471	515	0.10479025393917071
472	871	0.10406587581807242
474	495	0.16653447640021926
483	484	0.12565121877732122
483	678	0.13962268352846233
484	491	0.19124765770310637
486	491	0.10183190896990031
486	678	0.1282803786152512
487	488	0.14827421119226658
487	506	0.12364472484619975
490	500	0.15686536408797958
493	537	0.10318093609481375
493	651	0.1753706795578566
499	842	0.12599181609431045
507	510	0.12204877828245879
517	558	0.1018189770801926
534	535	0.10262709294420283
543	544	0.17518232835487052
552	750	0.16333382641989727
552	754	0.11678913903257482
552	799	0.10846440213101279
552	828	0.1348853258653455
558	865	0.16448034127991082
568	576	0.11478866390373497
568	577	0.15784066824026027
570	576	0.1330131934677114
585	586	0.14523136450939558
588	591	0.11602508958946388
591	592	0.14456540918513094
591	595	0.13313708710709518
591	596	0.14746326671233823
599	752	0.2019444147943663
601	605	0.10558234397840535
601	606	0.1610513162746354
626	631	0.11704354681527435
634	759	0.12773841342852124
644	843	0.11466971063389837
645	844	0.18768600437657493
653	654	0.13073205814176714
653	655	0.12232297363370781
654	656	0.23270688338018714
671	679	0.17882015820928737
692	693	0.12848018295036648
699	704	0.2739505454573967
699	735	0.10631247934596029
702	731	0.12551974627871937
703	713	0.2575910232661597
706	715	0.17349995469703394
707	710	0.11234685963066525
707	724	0.17781305076108878
707	735	0.15956674643935206
710	727	0.12374515679525828
711	713	0.16935609233054125
712	715	0.18760981454562045
716	720	0.10099011714579358
717	724	0.149650562144327
720	735	0.11808418650415357
722	723	0.1694139917432492
723	726	0.10802098402108021
724	727	0.10491088822754713
753	755	0.26634737248857754
754	776	0.2176782413321828
754	818	0.11088553028534717
776	778	0.20823094157621228
784	794	0.18352830803038436
785	794	0.10870431876051229
799	828	0.20129880853467316
799	837	0.10819463264472201
801	804	0.16282040620512414
801	807	0.143566374954067
804	807	0.23262523724881243
804	813	0.1111658609918748
807	813	0.13057302930800674
807	816	0.13891130884108185
808	815	0.21670551867331367
818	837	0.24774875617941167
818	848	0.13175624754392387
823	824	0.21571247957437165
830	879	0.16439597289775323
834	835	0.16150843233551146
837	848	0.20378324274417348
842	848	0.11923461866498421
845	847	0.10752508634127067
848	866	0.10007039705599105
851	855	0.10940708590976207
851	860	0.14296473227643516
851	862	0.17164327573594892
855	857	0.21246522766694967
855	862	0.17901445301807853
856	862	0.15738274826907908
866	879	0.26760665813445433
