3	642	0.1427788086784596
10	825	0.11146567420408199
11	430	0.15137125961082343
30	32	0.24627837378259357
31	818	0.10922313628068946
31	828	0.21912797303137807
31	864	0.12947554008832013
31	879	0.1533592717657077
38	39	0.1348165420646422
41	399	0.1247356534758513
50	573	0.11344716548791539
61	185	0.13917704958599247
69	840	0.1181016269140861
73	430	0.15410916787451598
73	452	0.18292399310452157
77	877	0.11958769987369638
79	633	0.1328414392485885
81	130	0.1300835775024817
82	501	0.11586084921664769
84	85	0.13243653819338116
88	90	0.1410585892729602
89	92	0.175347801863978
89	408	0.2029020759098868
89	751	0.11803673734413653
92	325	0.1525550976110691
92	755	0.12166301309429335
97	503	0.13865032290077542
105	108	0.20767283879249446
116	292	0.1960851453951963
120	158	0.2214553103522179
128	330	0.12661383724360115
128	677	0.10473443036271372
166	436	0.10285545306172474
172	484	0.12022603765843876
177	182	0.1850391442098784
187	202	0.10387156166643594
188	199	0.17738578288881585
189	204	0.1495849177610851
191	601	0.11149857961772264
191	785	0.10397335681117673
192	251	0.12612581499382364
193	318	0.10828727096845037
195	206	0.19099773733942801
199	203	0.13897117964763184
200	204	0.10615249118203479
210	471	0.11602268729182921
214	491	0.10943616192057948
217	229	0.10553105421038295
230	598	0.11562968303280005
237	461	0.1167227028412409
237	833	0.1157796789433069
237	834	0.10379109035392874
238	841	0.1551743160741662
244	492	0.18786651066472118
244	648	0.11998110154207134
245	616	0.11768396945085334
245	651	0.14269182307514777
257	258	0.15676266058245958
258	590	0.11315218922520554
267	268	0.10902232260147945
270	273	0.23767167707612616
287	294	0.10407656823789868
290	292	0.10165267206988796
290	312	0.12526248854017105
300	310	0.1435858946049443
306	438	0.11918670141386549
318	370	0.10887640071793578
321	424	0.10017581586826395
325	411	0.16513478479273258
325	423	0.17338247705905063
325	753	0.24687412092855066
325	755	0.13345559229511209
327	817	0.1547858211112547
328	807	0.13247407636129582
328	808	0.15185356745489265
330	564	0.1521728189827934
346	712	0.1208619622666108
348	711	0.11454146966447043
356	363	0.1282167252744395
357	361	0.15119857115522428
357	362	0.10466646160531982
358	552	0.10031456562150724
359	684	0.11084357864167933
359	806	0.13247090241309506
367	421	0.10280589371045029
370	450	0.10889458644388653
371	453	0.13312230157169455
375	654	0.12094592848148822
378	848	0.17735290685915012
378	864	0.10785234155373988
378	872	0.10530637805003906
385	867	0.18334739830665342
388	635	0.19834155412986593
391	396	0.29955693318963
394	396	0.13145407235807105
406	488	0.10130432317089172
406	501	0.13950489927438017
408	411	0.2800439722501165
411	751	0.11129950799513558
416	419	0.10172036877477385
416	573	0.11382070008154736
419	429	0.1264080351405824
423	427	0.15898762903273597
423	753	0.10743850472748936
430	452	0.13003473916735808
431	537	0.15500436912794519
431	539	0.16362930428613873
431	616	0.12626040624540485
433	701	0.15466812386382428
436	522	0.32438684883635766
436	842	0.13288065694059312
436	848	0.1995752291581108
437	441	0.2128208920624038
446	700	0.14210522586473714
450	453	0.21468964408748079
450	656	0.13709539061350062
451	655	0.12387648354374535
453	455	0.16608833634860856
454	488	0.18043620211481234
455	654	0.14748404038581672
457	856	0.10882169079822258
459	831	0.13060541156391745
460	833	0.10088797065685345
482	490	0.12547173169111595
482	500	0.22047196537351213
483	678	0.10069053852488981
483	869	0.11784155341210276
484	485	0.17853662608632345
487	498	0.1060585551440355
489	491	0.15305936233328615
489	752	0.11176638424188898
490	498	0.14641286824211316
490	500	0.14290488920298294
491	511	0.13168148372886618
491	869	0.13195951933629396
493	633	0.1878969384733404
499	866	0.13065457255911356
503	665	0.115882533651466
522	828	0.16364782402359884
522	842	0.13939773960474655
530	535	0.10881094672263321
540	729	0.11107321078911454
543	550	0.1751163682561944
544	548	0.10676854301482819
548	549	0.10717766411525675
552	842	0.10346965122820284
565	566	0.19897470012534973
565	574	0.11686395335090301
568	570	0.1700935667020504
568	577	0.1052698552953309
577	580	0.10420707595110497
592	593	0.23540416258313013
593	595	0.19583976952440982
595	596	0.11566440874763431
599	752	0.13487792822907355
599	776	0.11452805246117825
599	866	0.10667155858780081
605	606	0.24142963456087646
616	651	0.11945468078245494
629	643	0.1074790243547728
645	844	0.10294031898551002
652	656	0.18385139626966387
654	656	0.1727020595306434
657	805	0.10144132813182194
658	659	0.13538604652829536
668	676	0.16442735100838365
674	729	0.11497289676581267
692	693	0.21044671117228006
699	727	0.2010692107913851
701	713	0.12768338783244926
702	705	0.19460286937495824
702	708	0.12872232921432628
703	713	0.21883459910591319
704	716	0.14094017709322165
705	708	0.11297219882824779
706	709	0.13184430544688883
706	715	0.1293133897527664
707	735	0.12347645023940383
709	711	0.15482465648813584
710	720	0.15357299347202644
711	713	0.1473125088694348
750	754	0.16636530909906727
750	776	0.10870867066659895
750	848	0.1315604690744074
752	754	0.27465025076273397
752	776	0.11226891672710618
752	818	0.14221537910014745
753	755	0.10688503927962079
754	848	0.11119049014469047
754	879	0.12406753721412532
782	793	0.18082644511468185
788	792	0.12361889522505642
788	797	0.13656690290274387
792	797	0.24293203578189054
799	848	0.17260570273263603
799	872	0.16540878490674313
801	804	0.10982845594133141
801	815	0.3160279042247183
804	815	0.13831829200137422
818	828	0.11013913623235035
818	830	0.12550661818726283
818	879	0.17236968615232356
828	837	0.23289745606582435
828	879	0.14152028645029746
830	864	0.1944459092657201
842	879	0.2179546000837372
848	879	0.1575411233274032
