0	4	0.10694520492325915
4	660	0.10517711572188905
8	154	0.11111698585097955
11	523	0.18404793192754051
18	486	0.12325896381048294
18	722	0.12250782523461469
18	869	0.10072848280676565
22	51	0.10862798421162276
23	694	0.10775277986504958
26	27	0.14140562677298324
26	387	0.11319842188682876
28	159	0.16310667050550057
30	640	0.11127777133007935
31	436	0.11514797375335613
31	499	0.12993110621544599
31	752	0.10333898028224749
31	842	0.10592287561368842
31	848	0.15501253143788535
32	862	0.12851275758623876
34	518	0.13147879847734484
38	40	0.22161076998738316
45	591	0.1019447105092246
45	828	0.10089707919953188
50	114	0.1113158540758502
50	824	0.10581076214987213
60	687	0.11280577709865397
63	65	0.11228549348201584
63	67	0.14512918451091733
64	66	0.15518685664120566
69	72	0.12493700049809477
70	73	0.17691476293904257
70	452	0.21232999291985588
70	822	0.21929755374204551
73	523	0.11741212643089145
73	822	0.34741020427035757
74	841	0.10330097605614114
75	841	0.11644300040886751
79	431	0.15671360941098308
79	537	0.1634301347978014
79	539	0.16116754036299039
79	616	0.12210150945366961
79	651	0.17277760777013976
81	267	0.11697200565935047
82	406	0.11803321130919704
82	487	0.22709098939312183
82	500	0.15753084022922015
86	247	0.13514593323032115
86	404	0.12358658205646912
87	247	0.12737558183249673
89	408	0.1721871035948369
89	751	0.13541051654434003
89	755	0.29038274811531084
92	94	0.14957693427093308
92	751	0.16319160370303568
93	275	0.1001410508510451
93	338	0.12287790493158825
93	460	0.14183698845862952
94	325	0.28968137024155227
94	427	0.19372902941979836
96	112	0.11581741834814005
97	234	0.12459716951148771
102	108	0.19893965168823918
102	766	0.13954357153820376
105	114	0.10158165355706499
114	549	0.15105359401737387
114	764	0.27877079152375145
115	477	0.1754067912102878
130	618	0.14290735045753017
134	388	0.15708551693369097
135	469	0.11385460913390323
138	367	0.10204269157623272
142	769	0.12708411761734298
143	144	0.11899268610809252
148	425	0.11686679817158643
151	205	0.11743201910650017
153	373	0.11542306405515816
154	682	0.10077102996161748
174	179	0.11308087765609064
178	182	0.14305179426068948
178	274	0.11064277527423792
180	183	0.10609098022718504
188	196	0.3727069615907911
195	201	0.10922336121132138
196	203	0.16661478702126914
197	206	0.1119035444576152
200	204	0.13260422050184387
201	206	0.21784550189361357
202	603	0.10781241856982789
213	278	0.12827486961894027
216	684	0.12122138157850351
229	775	0.28206212519562707
229	777	0.3986905408919433
231	669	0.10683840268504742
237	460	0.17492281030974485
237	461	0.10254165786313739
239	264	0.10382568865703495
239	569	0.11042319058955936
245	493	0.14749811389467565
245	537	0.13513786943354233
249	251	0.11808129072853102
249	253	0.16778139644225384
250	868	0.10529923786551053
251	541	0.14014740383481553
263	542	0.10047185630826502
264	569	0.11098261845137013
265	633	0.19448995310376432
269	273	0.11485448302178257
270	506	0.10843863626808518
272	402	0.10018541227686951
279	536	0.11430300180155872
280	296	0.1525539365364973
282	475	0.11198932308562033
288	298	0.2050046189135406
288	540	0.13680103957175746
291	295	0.12581349801203887
293	294	0.14582338186191893
296	300	0.1860349602723801
298	384	0.17681016835257554
300	305	0.10943714427027383
301	785	0.10553947372034823
303	845	0.1149905683867027
303	847	0.15662638708070648
304	736	0.13886669329016332
309	609	0.1026229470606765
310	821	0.12783992715053683
312	422	0.12783640623675951
318	527	0.10053461930436895
320	352	0.1096129624034555
325	408	0.12404900293861815
325	427	0.14947780383212542
325	751	0.19976272553298585
329	375	0.16723221004753605
329	653	0.13492552318552334
329	654	0.1398670705903433
339	803	0.16936338145517144
344	428	0.14740717375675053
344	519	0.11163105458555188
344	756	0.2559572560131546
346	707	0.11133140303994898
347	724	0.14654883497471827
349	351	0.1311563422934064
354	358	0.11141375773482824
355	478	0.10013394502296398
356	358	0.1307991582773897
356	552	0.13017933559462458
356	850	0.12752401806771144
357	361	0.1030428722951665
357	814	0.10799914425390664
365	375	0.39667436326946137
365	451	0.10298683666809165
370	453	0.11750355054847189
370	628	0.12097809922819308
370	652	0.18562625363184532
370	654	0.12520593478520153
371	455	0.14120565314196473
371	653	0.15570419165573088
374	527	0.10385382010996924
374	547	0.11961917513086266
374	549	0.105196716984172
375	656	0.10777046747552961
376	764	0.11874649328765115
378	828	0.12271879948558176
378	866	0.10925826673998694
378	872	0.10395102445727661
380	473	0.10275045137053404
380	548	0.11255674609828899
397	458	0.1154000195572937
400	768	0.10219925963715067
401	768	0.11100285283730432
406	457	0.10670443546932111
406	527	0.11240949834989376
408	751	0.28999135177886975
411	427	0.24191411189750678
411	624	0.11058348283577753
411	755	0.13314367760381618
412	641	0.10947915143432148
416	417	0.18335245647111978
416	429	0.11352333493420096
417	573	0.16310294217976642
419	573	0.12070534035535811
419	824	0.16674494083932245
423	753	0.18723743427214748
424	856	0.10679278032794096
425	642	0.1759320053999946
431	539	0.14156021133436644
434	444	0.13802667161715526
434	698	0.2011275446603022
436	499	0.12110216538767098
436	837	0.11294381705765366
436	872	0.1753748807082701
437	445	0.2540717666072636
437	703	0.10502433149507354
437	713	0.1078849782857108
441	706	0.12630102594713502
441	709	0.1022249434458696
441	712	0.10016528433498692
442	714	0.24432839953979807
444	717	0.12375298087197877
445	703	0.14496695319645767
446	730	0.12372486604860655
446	731	0.10058164923127719
447	701	0.16605475158731794
450	654	0.16329173374839567
451	654	0.17859355951841224
451	656	0.11709642127794412
454	457	0.1229003546659228
454	487	0.1098939399651727
454	488	0.2027117500523114
455	528	0.16676098019991062
457	482	0.1261011697426494
457	500	0.10190990325607932
457	505	0.10818955233563081
457	506	0.11352269967677982
460	461	0.11564315921407442
461	835	0.22743693376074176
465	466	0.12856430724231913
467	468	0.11760528960188725
472	516	0.15341839653747805
481	841	0.10054411599273237
482	505	0.12173725293232042
483	489	0.16968042443537082
483	576	0.10245436557822188
484	486	0.10109425402413151
484	489	0.14735011214528837
484	491	0.1163120129417935
484	678	0.1098361180052434
485	486	0.36424524331102115
485	869	0.14535053491567815
486	678	0.12286100082475751
486	869	0.2947728570623974
487	500	0.17422319159050706
490	500	0.16411449458444477
493	616	0.17083692347327198
497	619	0.14760377472878308
499	830	0.14059660476249836
499	837	0.10592799571736632
499	842	0.12269997737265678
499	864	0.1159357814297201
500	501	0.13016523669395935
505	506	0.11208067486079745
513	768	0.11730807523041782
522	866	0.11775037914776858
523	822	0.12129823543082142
531	534	0.16068265301670723
537	651	0.15144995506201123
537	770	0.10722436426504597
539	616	0.10528157903192994
543	544	0.37447653345418946
543	549	0.13810028440360278
544	548	0.10129988767339648
544	549	0.13082842081084403
552	751	0.1042703959847908
557	558	0.11459316466671016
559	561	0.12152564677652176
560	734	0.1287677427551846
566	574	0.19270975527223994
566	575	0.16681952302131403
568	576	0.10211072271564317
571	605	0.14474588276198636
574	575	0.2795015059824521
574	579	0.19264889561684811
576	577	0.316173898068143
581	866	0.11701323668496197
591	595	0.12582199863232418
591	706	0.10641723668709123
591	709	0.10493786127827402
595	715	0.1016062741463131
599	750	0.18131343932392976
599	842	0.14764441124664135
600	843	0.13704978341369373
601	605	0.10815376802398652
603	843	0.11051099022581731
616	633	0.11841407834527208
616	651	0.15506962599457552
623	744	0.10120818933124327
624	753	0.18134046049484714
626	777	0.1014833742484481
628	652	0.12903949274812868
632	634	0.1843192614107361
654	655	0.10120286017765905
654	656	0.10276590506487365
659	774	0.11709084286939166
663	824	0.10373966681829103
674	679	0.16211134918791884
675	807	0.18260826297687227
676	677	0.1051441530217251
676	801	0.13002667057391784
688	695	0.10234018972273969
699	724	0.14008180912500015
702	708	0.1259266293746184
702	731	0.19257969961685695
704	710	0.20050725409911654
704	717	0.13462492605943788
705	708	0.33917193115933225
705	731	0.21264371530412554
706	711	0.12710567441865056
707	724	0.14728414753598126
708	731	0.11301110596699329
710	717	0.1352989588243561
710	720	0.13950467118784857
710	724	0.12947078412049232
711	788	0.10383515981643687
713	715	0.29856432172011704
716	720	0.11213843719114462
724	727	0.23846421008387178
751	753	0.10465525301617934
752	776	0.147043292465747
752	778	0.19214886322189548
752	848	0.1137942466644807
754	778	0.13351494118462576
767	773	0.12771504165546416
776	778	0.10560907971599715
776	866	0.1258041782965483
778	799	0.15342752086825512
780	863	0.1207196783044458
782	793	0.17322259463042256
783	795	0.129844582013137
784	786	0.13493269938846117
789	828	0.11546815028004438
799	842	0.11970949081149852
799	879	0.14144688083397855
800	814	0.11166527548064421
801	804	0.181781465513179
801	808	0.1935414390770111
801	816	0.10554667781238443
802	806	0.1715892634833636
802	814	0.1778310106672895
806	814	0.1026860668457075
807	808	0.13619484580006583
818	848	0.22797807299204081
823	824	0.20243075188248114
828	837	0.16006721480739391
830	837	0.12920666244397633
837	842	0.2397242257490551
845	847	0.2436083933715756
848	879	0.11664274351566706
855	862	0.15042831312940458
858	862	0.11100121189616174
