8	669	0.10043504665634997
11	70	0.10585097935907482
11	73	0.21374681392074724
11	398	0.10748172827490841
18	862	0.111852694510534
23	156	0.13361617634299572
26	42	0.11632719985153601
34	518	0.11347617995244218
37	358	0.10384142227477251
38	39	0.10948222962988549
41	399	0.1000563545485055
43	48	0.19196335029408002
50	824	0.10245977208289975
61	185	0.11770885782682226
65	67	0.18026292330661792
79	616	0.1418452100581004
81	130	0.12163828212204814
82	454	0.1443844092552873
84	85	0.14555791572419904
92	94	0.11595465887505738
92	751	0.140766704271946
94	423	0.10164033212216039
94	624	0.18171015268556434
94	753	0.209619251377253
98	105	0.1293377270118759
126	328	0.12579095980263943
127	564	0.12902567137992932
127	801	0.10058993667763853
134	829	0.10426037536998353
139	766	0.1283176144932356
151	780	0.11736263731778843
153	846	0.12172686680490807
172	174	0.11041184782372897
184	769	0.10723040521249429
188	199	0.18482636023776683
189	208	0.16483173950753316
195	197	0.11941137646415671
197	206	0.11172891829004433
204	208	0.25218651984158263
214	672	0.10804234421743458
217	775	0.10913062080368059
218	233	0.1043398996913576
227	233	0.19667858628154966
231	683	0.10801241699107458
245	537	0.17646950105261408
245	616	0.15724012377501642
249	253	0.10578372395291594
264	536	0.1109734665076022
265	431	0.10483215935638922
271	274	0.11122309847001753
299	309	0.20179260522017858
303	845	0.10659769521530171
328	675	0.10164239080949708
329	453	0.11660351035427519
329	528	0.10582987567902347
329	656	0.10435199485829867
333	805	0.1003744093395926
344	519	0.16000133952411394
356	358	0.12136597745016586
358	436	0.10313005300123042
359	362	0.17497202132702247
361	802	0.11367300549355565
363	750	0.1039296381015784
365	370	0.14530687605644801
365	453	0.10490361243287653
370	375	0.10807400701154303
370	455	0.10777405111262917
371	453	0.17783285744444954
371	653	0.10433361988742788
375	451	0.16783198641751687
375	656	0.10274791348761662
378	776	0.10858027517616269
378	799	0.13212963792807253
385	867	0.11800240531227071
405	491	0.12666051616551127
407	417	0.11029248873575252
407	824	0.11681315933651726
408	427	0.11023182580697612
408	624	0.11392572005496546
408	755	0.15767448821304003
411	423	0.12121482845629165
415	609	0.11678266460658318
419	429	0.20008727397914933
423	755	0.2096066271313548
432	832	0.10454290997889165
433	441	0.1204954356124404
436	818	0.15937754594993278
437	441	0.22298050114221732
438	572	0.10091534556730246
445	701	0.19534397605544274
446	700	0.12996518637183005
450	451	0.20202271544704342
451	455	0.14045317992761266
451	528	0.10691578767451847
451	652	0.14497874029365188
454	482	0.10108822044775487
461	836	0.25128304932852114
472	516	0.1977028805093126
477	732	0.1062398561586753
482	490	0.20589266426574243
483	484	0.12961900556282024
483	489	0.11714672780087992
485	489	0.11007640165086043
491	869	0.10409776650660268
493	651	0.1493811126131035
499	828	0.14836072822234397
499	830	0.15806016668836526
499	864	0.1435595627632297
501	506	0.12757053706101218
522	818	0.1952255902981773
522	830	0.11539455014266355
522	837	0.2464940593328851
539	633	0.1057414958295515
547	548	0.2015926025832227
563	570	0.15003924965674692
563	580	0.15221521131380084
573	824	0.18181210589835714
574	575	0.10775499330643559
574	579	0.13772919106426934
576	577	0.12407672582993205
592	596	0.11939367169730243
599	752	0.12375390732041461
600	603	0.11084139153854573
616	633	0.10809404248869067
616	651	0.22375432984216567
617	696	0.12127511706288231
652	654	0.13241485391122865
669	682	0.15503728994818303
672	678	0.16375589278272817
674	679	0.15965429106782042
698	763	0.107966653634833
699	716	0.13007116903138163
703	712	0.22265597145721466
704	717	0.22243149423422695
704	720	0.12956402419542906
707	717	0.12083709862376288
707	724	0.11582369404328814
707	735	0.11260889880715681
709	792	0.11220526951356705
711	715	0.126271264887476
716	720	0.11015368013560906
717	720	0.167337438326929
724	735	0.17719368728913681
734	812	0.1566428844062324
754	776	0.12414762693440151
761	762	0.10257747946984339
780	845	0.13862166278717394
786	788	0.11118742425146405
801	808	0.10203070501133193
807	816	0.122048312160594
808	813	0.2156779041670396
818	837	0.15198174202062464
830	864	0.118111254495697
837	848	0.11724423003123945
842	848	0.11569431081632854
842	879	0.13479472908723536
849	853	0.1269979038291626
856	857	0.1846100718329845
