2	523	0.13938787104517922
19	390	0.13281380934854034
25	26	0.20797171286209462
31	499	0.11590930417884038
31	552	0.10683850667521504
31	864	0.17797275175579097
34	518	0.14986234118703465
38	39	0.14359604486843228
39	360	0.10134429175788087
43	51	0.1370212680450625
50	823	0.24301087350724654
54	642	0.2502809085339603
63	66	0.1279825960968164
63	67	0.11397087473543646
65	66	0.11863388497335443
70	462	0.11446122723623196
81	130	0.2057670132443008
82	490	0.10799515892079778
84	85	0.14610614147080936
85	693	0.10064187482917689
89	411	0.12749028645693836
89	754	0.1021550785332242
91	831	0.1150051836200668
92	94	0.2528553577707104
94	751	0.13961228380040613
97	234	0.12452959052685186
98	139	0.11614443508739977
102	766	0.13112933001808105
108	139	0.21091079717762257
108	766	0.15246976749189764
111	833	0.10142698501183861
114	764	0.13286858228872755
116	292	0.21733163443454737
127	128	0.22002113122116207
127	808	0.11341725566149995
128	328	0.10609461514890126
133	184	0.1368700703714351
135	769	0.10361987668868727
153	208	0.10152446131836015
162	163	0.2183419053548696
164	805	0.12637723063794598
172	485	0.10106950136719962
174	179	0.14775516046369283
176	183	0.13483195063568804
180	227	0.11228900545142638
180	233	0.10030978351908128
195	197	0.11981371245227955
196	199	0.12790555813977525
196	876	0.1014714562207643
198	207	0.10821440657561587
203	251	0.10613650073299796
210	515	0.10222711049664952
215	489	0.11161008179438889
216	246	0.1447503194225804
218	227	0.10161003469350838
218	233	0.15897855596403404
236	831	0.22398256390102506
244	492	0.2525334451267437
245	265	0.2255177597491132
245	493	0.12295112425918073
245	537	0.11135599410067527
264	536	0.13609227229348098
265	364	0.10929718423179312
265	493	0.16932063422825955
265	616	0.15943500504222002
268	402	0.127553168285399
269	273	0.12350344168599428
285	295	0.10970005351998198
292	312	0.1216107500452964
293	294	0.1236412334071341
293	609	0.16935531446484436
296	300	0.22106801019513986
300	305	0.12446546984194429
301	611	0.10111922884440222
303	646	0.14475738540066244
310	594	0.11714045569693426
318	371	0.10978813024840807
325	752	0.10083845697854317
328	330	0.2592904294106039
329	654	0.12444093136120751
330	675	0.10751143464772252
344	428	0.13839236357027185
348	716	0.1465786491179065
348	720	0.10334868447609849
359	802	0.11751504205560778
362	806	0.11521990968972148
363	522	0.11178764075008038
365	375	0.1549384879435895
366	369	0.11652612169078315
368	533	0.1374587556639907
371	655	0.13194046431514153
374	376	0.11285598816750117
374	550	0.16747770485457067
378	436	0.13882262046775307
378	499	0.25502850874010685
378	830	0.27211534852608804
378	879	0.11256871527110052
390	392	0.16363095458522436
406	454	0.10469679384197783
406	482	0.11928905072614238
406	490	0.12105865478788966
406	501	0.12674592841958832
407	416	0.13038967181472208
408	755	0.17863701427298273
411	751	0.11118425094028685
416	419	0.10667963638047805
416	573	0.1929252874439732
416	824	0.14995818564018198
417	824	0.12725868930238868
423	751	0.11247154369299836
425	740	0.11136443336744388
426	672	0.11368096382324826
427	753	0.3445179517456123
430	452	0.18240709811584294
433	701	0.13348377128079045
436	799	0.1313717597092366
437	447	0.23301797380029038
438	443	0.18163917881212027
441	706	0.11889384333445382
444	717	0.13039865498601214
447	711	0.10845227391401334
450	453	0.21731545347361955
451	455	0.10021470657143515
454	488	0.15607442048139775
454	500	0.12519960287785262
457	482	0.1844740449745983
475	732	0.10876668929560264
482	487	0.13214748890968697
482	490	0.10429184830417751
482	505	0.18082691351393476
484	486	0.16852953813536795
485	491	0.33218184753419266
486	489	0.10082244496490288
486	511	0.11835984509562723
487	500	0.2330875747500771
488	500	0.11797826189584974
499	830	0.23803434563882303
499	837	0.16651304752891966
528	652	0.12636191056345977
531	534	0.2963809410774722
537	651	0.2168630682936571
544	547	0.1986355366254568
544	550	0.10644993796114158
552	864	0.11909755973267976
552	872	0.10031660023647927
563	577	0.13630509988280465
564	675	0.11280745703789043
565	569	0.12945144781535298
568	587	0.15751669084099154
571	601	0.13020335988773002
576	577	0.17509458388261764
577	587	0.12513581810775723
580	672	0.11984755199780633
591	596	0.18107628269550588
592	596	0.11881501564048445
599	752	0.1466797486568761
599	776	0.44872584115672615
609	612	0.16860236540206477
616	651	0.16986393364857133
640	642	0.12794330505629337
653	654	0.16133209205891158
653	656	0.12783124857926811
654	655	0.12175040200202743
655	656	0.24954679138158192
663	667	0.17871978357515939
667	792	0.10370572058785232
668	856	0.11126076881902176
671	674	0.11070669540958933
675	676	0.11929700249611071
699	720	0.20627637426710754
702	731	0.15373519843454378
703	713	0.1356256683660809
704	710	0.12795056395221313
704	724	0.1304214389626874
705	708	0.10790440315884811
706	709	0.1228424077724246
707	716	0.10326227476484884
707	727	0.14939474520702886
709	713	0.10090788016153442
710	716	0.11762750201646649
716	720	0.14206868205364273
722	723	0.17685723226208902
739	780	0.16082158080990913
751	753	0.19358854191316344
752	776	0.1708370895352227
754	842	0.1000577214250164
759	769	0.10762647277752153
760	767	0.2118175921963643
761	772	0.12377260131746731
767	771	0.1367437372630503
778	879	0.10199839128043865
782	787	0.1264113333302446
786	792	0.11536453990059772
786	797	0.1705202646857658
801	808	0.1486392147169858
801	813	0.1107092919422965
807	816	0.1223799471185779
810	825	0.14076999042599905
828	866	0.1552722789275495
830	864	0.1078812080299068
830	879	0.1921640210984603
833	834	0.16649224725112508
833	835	0.11792147264433576
834	835	0.23867761114608857
837	842	0.1327930232390547
837	848	0.11694520167705161
856	858	0.12416991243898798
856	862	0.11642712450851504
864	872	0.14167631101025452
864	879	0.1716997948501736
872	879	0.11128576155853184
