2	73	0.12793955316708894
3	54	0.149996041837186
3	642	0.16042189005954904
8	682	0.1641907698019998
10	625	0.18683763204253576
11	215	0.10649836721507336
14	476	0.10001192653056909
19	560	0.12031955514236675
23	24	0.13061785302004275
23	99	0.106997270159821
23	289	0.10986160307900103
23	732	0.11154081571213732
24	159	0.11674565571222727
26	42	0.17968260625439067
30	551	0.360621140957673
31	499	0.1896748986453952
31	828	0.17533257315991302
31	842	0.10214400274421168
32	551	0.1762177238815671
35	840	0.10913994028733325
37	38	0.22760999749843452
38	40	0.10298202044049105
40	660	0.11078991751835332
41	399	0.1057344519889658
45	306	0.11525690294674559
45	354	0.12046732588610998
50	407	0.12856203035218794
52	711	0.1120530661509134
55	347	0.11231975069347437
63	65	0.1037399341948319
65	66	0.14838999208450912
68	71	0.13250156479913122
73	430	0.21681416008924437
73	452	0.158772309828252
79	616	0.23749040151341522
79	651	0.10613126936321471
82	500	0.20996433603404546
82	677	0.10800077020666111
87	504	0.12546535375438664
89	94	0.1950556843744941
89	408	0.12426709208736372
91	236	0.10272852973746346
92	411	0.16255474543356915
92	755	0.11582254845055374
93	460	0.14869369417791395
94	624	0.1418721741482378
94	751	0.2014491995582443
94	753	0.11117906771436568
98	766	0.1707416295367214
102	105	0.17320737550411064
120	626	0.10414360515543641
123	832	0.12298102620515568
125	532	0.1416712980174618
131	621	0.11873980965014391
132	282	0.13144939790389673
134	401	0.10752171560219935
134	563	0.11340180024397453
137	817	0.102327223220586
138	141	0.1313129386399416
138	359	0.11019368472058433
139	766	0.10134824189906994
141	184	0.1447408064685457
141	806	0.10500838323137807
148	545	0.10273590791133069
149	774	0.10131533179024452
151	318	0.10069838379419009
151	365	0.10796175803276016
164	288	0.1668123151219542
164	753	0.1066105220656011
171	174	0.1473441826868246
171	180	0.17919362721961055
176	180	0.1433369958261264
179	180	0.13047058645124185
180	183	0.14682326708994436
182	271	0.1117753491931631
188	196	0.11816580260078281
188	199	0.20891956967441974
192	249	0.12774508761604794
193	205	0.22588700207415985
193	774	0.11801299111188485
194	199	0.12009670876518666
194	203	0.10299393091422578
194	258	0.10131973991240979
195	206	0.12401325281841041
196	822	0.10330901967028965
202	207	0.1518573954716134
204	846	0.11279945453390182
213	362	0.10468498921377747
215	678	0.14927428671966161
218	227	0.119160228965944
220	629	0.11051063215493336
222	260	0.11242693941470677
225	263	0.10170198812296215
229	777	0.10612673534528994
235	677	0.11956431462736797
236	831	0.1556923801011679
237	461	0.295875334184484
237	836	0.19120138894483263
238	737	0.10121958439395573
245	493	0.11595780643597862
245	539	0.10945646346227914
247	742	0.12132831672358581
249	251	0.17745531926655175
255	362	0.11717694458109754
256	388	0.17127965172251777
265	493	0.25305794344840365
265	539	0.12603385402915085
274	473	0.12666271596561712
279	588	0.11494032256320724
280	310	0.22696783824169614
286	313	0.10465645944095442
288	298	0.2112583387009177
288	805	0.19773384124030588
290	292	0.16912690642258116
292	312	0.21364358300498845
298	309	0.10454710073977058
299	443	0.11775766844270456
299	789	0.11821780224802686
301	794	0.11099950602751871
308	759	0.10974764143992918
312	672	0.135801774437305
313	402	0.10733286610897488
318	528	0.1183372929813384
325	423	0.2109705936863083
327	817	0.12265451033599753
329	655	0.12443301666822054
330	675	0.1946341146568701
344	519	0.21252759990808062
344	756	0.25969276712589295
346	347	0.10334459772511434
349	355	0.2001402941639291
357	359	0.15321069811604893
358	360	0.13484746195571337
358	363	0.17962391554971482
358	436	0.11506781815742373
365	652	0.10904597264231183
370	652	0.14162437413405496
371	653	0.11176218114894924
375	652	0.13333908772526104
378	436	0.11075465397794654
378	830	0.21060858542262823
378	837	0.21592878990589912
378	848	0.18112082337667212
381	849	0.16855810902122575
385	867	0.18833181946978256
387	649	0.12086951007493725
393	472	0.11505155412065937
393	542	0.17593196877943007
406	500	0.10947621172251255
411	427	0.2586231247077965
411	624	0.1414598011852012
415	609	0.12117339846196405
417	419	0.18032152488026948
423	552	0.11042739195474131
424	487	0.11029802824318376
431	616	0.1781715423671181
431	651	0.12668262478088563
432	832	0.19161444814317768
433	445	0.12128423214789295
433	701	0.13286904027503324
434	444	0.16322539753231366
436	522	0.11718309216609776
436	830	0.15012631100066748
436	848	0.10225506295693468
437	439	0.16224729854148176
437	441	0.12812205015111255
437	712	0.10583731677469253
438	443	0.20356193040665016
446	702	0.10705691240044451
446	708	0.1781329509401859
447	701	0.11063188118785817
450	451	0.19258894115469335
450	453	0.11811926610987822
451	453	0.13549986919699472
453	653	0.1490740057756934
453	656	0.13166506738834982
454	457	0.1961159558915575
454	500	0.10207218159131613
455	652	0.11311424944578678
457	488	0.21411859419273502
457	500	0.20060756796070328
457	682	0.10527488277700926
462	463	0.2002464764344446
469	621	0.1182019256097968
480	687	0.11212287012307164
482	500	0.1946307047486313
482	505	0.16133786435080488
483	486	0.13413937851711963
483	489	0.18521314123878843
484	486	0.10459707851198183
484	869	0.14815335220092204
487	488	0.22244689934146827
488	501	0.12285479304293039
489	491	0.19250524714991302
489	678	0.1139828637265926
491	667	0.10041525561939509
499	522	0.24146149751188065
499	555	0.10746446416508859
499	842	0.16006727300279433
499	866	0.12694946141281654
500	506	0.1565779769133253
501	506	0.10771574774994391
503	624	0.1120364088569969
511	606	0.11593555629235035
519	756	0.2605394276106629
522	799	0.15809691316355
522	866	0.17805666696363473
523	822	0.10452087625232928
527	544	0.10926193562423392
528	652	0.120819933204169
530	535	0.1925982230051851
537	633	0.1070653232619374
543	548	0.12457645023066104
543	550	0.11895798140357819
552	830	0.10499645751600628
552	842	0.16624792774507155
554	798	0.13490354261829282
566	575	0.15305405224563984
568	587	0.3058696230832352
573	824	0.1367906558519732
576	869	0.10523616591019301
577	580	0.28770251488196724
591	596	0.223784418734425
592	595	0.22446692165435225
593	596	0.20661594804874445
599	776	0.25308687158800103
599	778	0.2459196883962751
604	606	0.24739974735565254
616	633	0.19078358689551983
626	631	0.2315974088786218
633	644	0.10121518482912424
638	811	0.13497864639905874
646	845	0.14050599146069986
653	654	0.21112611562413444
654	656	0.20240720473573928
657	736	0.106705666225813
660	665	0.1519787970429402
663	792	0.11208052326886142
668	675	0.16349887188407847
671	674	0.11401501560525816
676	677	0.23881719641152316
692	693	0.13277045081261565
697	795	0.11475390370015282
698	710	0.10286992293046815
699	704	0.21370363925210842
699	710	0.11175974159778197
699	763	0.11901361596887891
702	731	0.23303079893935355
704	727	0.13142703521031596
704	763	0.10222725656295763
707	710	0.25274284321090046
707	717	0.14719590873606533
707	727	0.11385873440249503
708	731	0.13663801351647945
710	724	0.19081969109651742
710	735	0.2999754849769382
711	715	0.12155706819544715
712	713	0.11342182867852477
713	792	0.13516490592603952
720	735	0.11674294718741653
721	868	0.10394151324811413
724	735	0.18125671275033337
750	776	0.18254357296229656
751	755	0.13241069833904842
752	778	0.13361148986550897
752	818	0.13003397176233125
764	846	0.10282616500328373
767	771	0.22351626972425792
776	778	0.28512821751712797
778	866	0.12584614971366254
778	879	0.10457315595685801
780	872	0.10888084416296111
786	788	0.337305320167252
786	797	0.11162089909301569
787	798	0.10300232174994135
788	792	0.10183034104326495
799	837	0.13806878515894766
799	842	0.1057797861948861
799	866	0.24799344680773316
799	872	0.20198008684601826
801	804	0.13676372209487858
801	808	0.19427660437213443
801	815	0.10749564663663486
801	816	0.24968549880709795
802	814	0.10609375919055242
804	813	0.20528454625292045
806	814	0.1239793914270285
807	813	0.12836215044898694
817	841	0.10500892647038677
818	830	0.14564874406649198
818	837	0.12374771685804534
818	848	0.3086313356026916
821	826	0.11349600156439234
826	827	0.10087427490058062
828	842	0.10948068967902494
828	866	0.11504849226856409
830	837	0.27094001525794736
830	848	0.17106687520743447
830	879	0.1515724046940156
837	842	0.11456514954041812
837	866	0.11312158487982271
837	879	0.16379303692007088
842	864	0.19273678813481196
842	866	0.13286901929892905
845	847	0.19803693556281116
851	858	0.144492710028438
855	858	0.1122436685955675
856	857	0.18756174864204742
