10	625	0.16765363459173369
11	822	0.10817147988517989
21	302	0.10001268019971524
23	24	0.15300834117606135
25	26	0.11183198947855355
30	556	0.11853357389788982
31	436	0.1398626234889828
39	40	0.10001509422636555
44	400	0.1225959962663509
45	591	0.1289994498971691
48	51	0.11201614836338157
53	630	0.1749775673708686
57	789	0.11943937188171957
60	459	0.11190961899409672
63	64	0.1797686384062075
63	65	0.10601964391001319
63	67	0.20530096981259024
64	67	0.2208469818834572
68	71	0.10632496429059693
73	822	0.20261060148396612
78	80	0.1260368004539675
82	457	0.10280844701733782
86	91	0.11702338291066423
89	751	0.28917685762619344
92	94	0.16620423161358783
92	408	0.12389589994572893
92	778	0.12065278809517054
94	325	0.13036903406891007
94	427	0.14490021783948817
98	105	0.1249180465679556
99	289	0.11863568392418072
108	766	0.1427741419844138
109	112	0.1253888365743514
125	532	0.1009125736045615
127	676	0.11290826044307327
128	328	0.1321194806842602
128	807	0.1019574405680617
131	481	0.11319152913078799
134	388	0.14188069658132563
139	766	0.1796388470980855
151	318	0.12807181618604646
154	167	0.10331358832775553
176	180	0.12772617800821273
178	182	0.1472171776360037
188	199	0.10149004826270995
188	863	0.12424407011467462
193	652	0.1284644572162248
195	201	0.14541848116034217
202	207	0.2293521711516068
211	701	0.10125422198180284
212	264	0.1057935396185397
229	775	0.1301748052673098
232	346	0.10442984440502304
237	836	0.1380186098070717
244	589	0.106938754255798
245	539	0.159638762362964
265	431	0.11981624479120531
265	493	0.30696966379210483
265	651	0.14199399495922055
280	300	0.350898821833207
290	292	0.17046155694407958
293	415	0.1254432051394804
294	711	0.1030773197973288
300	821	0.1118739393163564
325	624	0.17670785708437364
329	450	0.1414588791042806
329	455	0.13006835686019194
330	815	0.1012821230274528
357	361	0.12850818638779415
358	363	0.22389879543941107
361	814	0.11095876878037025
362	684	0.12142291495194721
370	528	0.11729831785343718
373	380	0.13212168656078374
373	550	0.11789876638300067
378	522	0.23315970736959654
378	864	0.14583752759688884
380	543	0.12360515705890783
381	660	0.1091562619630299
387	533	0.1296663802215047
393	542	0.1084241118070175
402	433	0.10646530964182918
406	490	0.11196275667314183
411	751	0.11272558864227004
411	753	0.1542129905594359
416	429	0.12894414859972447
419	429	0.2040169966577395
423	753	0.2109400983181146
423	755	0.14854085005038947
427	624	0.16481203134082514
428	756	0.14600697849999986
430	523	0.10244697350169968
431	493	0.11422738076835481
433	715	0.11611979020079613
436	799	0.12901730856017896
436	828	0.18523181950848538
436	879	0.14400780230667865
437	715	0.10146815636397981
441	445	0.11477132242878381
442	714	0.139769079780718
445	701	0.12429680531588957
452	822	0.16735300731264727
454	490	0.10370890648634835
454	500	0.1990370437579822
457	501	0.1287618150268126
459	831	0.13180188723832292
460	461	0.10878572372585069
461	834	0.1823460704051787
465	466	0.10035823952368245
482	500	0.12507623094374967
483	486	0.13579911923394025
483	869	0.2057243758281691
487	490	0.10898719377807067
487	505	0.10639148976597353
488	500	0.11566360700937811
489	869	0.12619779708309334
493	539	0.21210723480850666
493	633	0.21806996990976354
499	864	0.10158128906705849
522	830	0.1920721852486723
522	837	0.13498194167615107
522	864	0.16984958476542705
523	822	0.12422350093010315
530	535	0.12584834278948934
539	616	0.17923393046886885
539	633	0.13643043596677135
544	550	0.17050602070039889
547	550	0.192550231730229
552	752	0.10967670288275708
552	866	0.10672352934373805
556	638	0.10361960698133459
557	865	0.10396857178786315
558	865	0.11054570426840025
559	561	0.14110026490428806
563	576	0.1079727410240443
563	577	0.10342146323868269
568	570	0.18423334311945844
568	577	0.12064994657694952
568	587	0.10421521724137683
571	606	0.2117933065899356
575	579	0.30983296077845107
591	596	0.16660739608502007
599	753	0.10390246678929335
599	879	0.11674318203963376
601	604	0.13140694728492675
625	825	0.11856967430295227
626	629	0.11703337575499091
638	811	0.13081928384075853
640	642	0.11362907015122915
646	845	0.11890247090955845
652	655	0.1808913187108686
652	656	0.17625674848165285
653	655	0.11199657569743628
672	678	0.10545028002434757
674	679	0.15512783529565793
676	801	0.15762582813984838
688	695	0.12005197497588595
699	716	0.19759622465570753
699	727	0.16502949411219198
704	710	0.14179525828067693
705	730	0.14153115781607398
706	711	0.24712256757465945
707	724	0.1753965028137974
708	730	0.13944911562938372
708	731	0.13812481610095662
716	727	0.12416252610500868
722	723	0.14597216299885313
722	726	0.12887175433370157
727	735	0.15390965220170336
750	778	0.18556102848675365
750	830	0.15244042085015788
750	837	0.11426710942956167
751	753	0.2037676366878877
758	781	0.14600795655702753
776	818	0.19902119435106314
784	794	0.1262109399616472
786	788	0.12524314069153622
802	806	0.10674221190419018
804	815	0.22542350836889044
806	814	0.12442715048695208
807	815	0.19149131862382893
807	816	0.13511423325095448
828	830	0.14532151889844117
828	866	0.1219674300419805
830	837	0.2068547916918706
830	864	0.13405532250930197
837	864	0.1076773653464478
848	879	0.12099520359767828
851	855	0.15532526285837026
856	857	0.10140760266282137
856	862	0.10249393842090868
858	860	0.1395206082133241
859	861	0.10744893029514836
