0	264	0.14029953796866598
0	634	0.10697172298220783
3	32	0.16785867421195041
3	148	0.11125430164563574
3	304	0.11326553750009011
3	640	0.19403631992352022
4	234	0.16310380142495315
4	411	0.10611634803824697
4	466	0.24725895180369964
4	682	0.10432190078365433
5	87	0.10899125142137214
6	35	0.1320656046162729
6	103	0.12201254957565338
6	474	0.11424996760877483
7	137	0.10024471468000674
8	669	0.15415086707022363
8	682	0.17996704085213194
9	150	0.13526477722984082
10	316	0.12433919189523909
10	625	0.13584369926681533
10	825	0.1514457101419728
11	70	0.161102968191225
11	188	0.10868769416593711
11	430	0.20181639704769835
13	74	0.10645623599098768
13	858	0.12452130726228752
14	75	0.12066487713521809
16	712	0.1003294286723822
17	55	0.10560107655687362
17	501	0.10170012041207438
17	720	0.12882672042225926
17	727	0.1341812111646947
18	73	0.15049162024286522
18	199	0.18973296286133462
18	523	0.16190701617891606
18	822	0.15107369071018611
18	862	0.19034072509723204
19	236	0.10177960982081924
19	469	0.12322087542836385
23	434	0.10305008349549169
24	159	0.1343625116716541
25	26	0.13302439711935674
25	414	0.12160156720043896
25	649	0.21577865116513345
26	42	0.10081047609902086
26	520	0.19061813770576513
26	649	0.10383018657631765
27	68	0.12280207194306304
27	71	0.276891547215178
27	703	0.10781367041261332
27	785	0.12205618323053433
28	685	0.12026232119684781
29	551	0.10361671308582109
30	855	0.10133654406079048
31	352	0.10240758458912694
31	378	0.15124048082912192
31	436	0.1438351627744335
31	499	0.18614136609666795
31	522	0.15419971838855057
31	848	0.13251538368439456
33	226	0.12345844331891447
34	518	0.10066678930505384
34	700	0.10156094062358056
35	103	0.1300836827227961
35	352	0.10075340700066567
36	180	0.10045704478171269
36	770	0.10410636954494971
37	38	0.11471301442731371
37	358	0.12514217698365143
37	837	0.10626828906875863
38	426	0.11150863151601777
38	665	0.1332897680105729
38	842	0.10354781334625275
39	754	0.1009219741559236
40	360	0.10772200131606924
40	830	0.10395606112364097
41	265	0.10543012279604354
41	399	0.10746616050206045
43	48	0.11432247849761704
43	847	0.10325736240953398
44	400	0.30072348195952614
45	591	0.17329240388488126
45	609	0.1126594588315532
47	108	0.11967185694712408
47	766	0.11101185670347528
48	571	0.12541199122559718
50	108	0.14742860874986388
50	417	0.3043805392607086
50	429	0.12073165058188579
51	601	0.1381036486667013
51	646	0.15830150654733438
51	845	0.14809962704991905
52	245	0.1018078955893107
53	258	0.13039617518065547
53	424	0.14936940816661548
53	675	0.10363112586569431
53	835	0.11639516734925526
55	179	0.1290219655352355
55	686	0.1028117418370771
55	774	0.12032490509351652
56	547	0.10656468835077701
56	846	0.19896200258692873
57	338	0.10036797242344712
58	251	0.11596620714774386
60	512	0.10468764695449778
60	831	0.1420345095305214
63	64	0.20636823101055135
63	65	0.12231624106213623
64	65	0.2619620995286158
66	67	0.20837104301141796
68	467	0.12712698072654938
68	709	0.10330247585861553
68	785	0.14753534236534985
69	72	0.2127039550016534
69	250	0.1255220080490799
69	610	0.10558623478016829
70	188	0.10208800090262886
70	196	0.12963492653433545
70	199	0.15254336173374744
70	489	0.11725569064730161
70	533	0.11241561608813816
71	785	0.1110248769232796
73	199	0.13506359815276955
73	290	0.1576539231261761
73	373	0.11361785067244899
73	520	0.12011071410078304
73	786	0.12270322049437349
76	151	0.2643476228542379
76	204	0.1502140132437234
78	467	0.1336090950576834
79	144	0.10154749306747549
79	537	0.1712776922493611
79	539	0.27849835391500155
79	616	0.1208073552682683
81	481	0.11144363770101824
82	406	0.12193430023410813
82	454	0.13114207473518127
82	482	0.11993614433590088
82	487	0.15431320438183174
82	704	0.12053449699887797
84	319	0.1036207246718839
84	693	0.11376651920113647
85	104	0.15085419115282395
85	780	0.12560199301893205
86	841	0.12494399384925772
89	411	0.2917147179737914
89	595	0.10110761708284925
89	753	0.2935357734539649
91	165	0.10369874994410758
91	322	0.13623266162789732
92	427	0.2053469120767399
92	624	0.16921680074031412
92	753	0.11713543838773074
93	178	0.10858910991572375
93	459	0.24203400750476456
94	408	0.19561747097178664
94	751	0.25908630385273346
95	163	0.1014173106200202
95	301	0.22525723952091134
95	858	0.10820819896534142
96	109	0.12349280319854614
96	112	0.14295353618335999
97	503	0.11327251190636724
98	105	0.15003071790753764
98	766	0.2878640689142198
99	477	0.14343354530263383
101	154	0.11686405592002487
101	448	0.10217574880062562
102	105	0.3665129682627416
102	139	0.24253090358893306
103	342	0.10382719768618265
105	139	0.12626896317446162
105	766	0.44754864508583503
105	857	0.11188804830339996
107	163	0.10224173647785972
109	115	0.15497443238617986
109	210	0.10534038334205692
109	211	0.10839116536842876
109	219	0.10621920950064304
109	800	0.11387360181421052
110	738	0.10641570573792372
110	774	0.10598918729646127
111	835	0.19043227876608076
113	601	0.1063096997725739
113	749	0.10302558038572626
116	430	0.10643983103792555
116	678	0.12574050555950322
116	767	0.10364140449525061
116	773	0.10448873065517404
117	678	0.10737700681766832
118	828	0.11676209647687942
123	583	0.14258965523866085
125	681	0.12715994134948042
126	128	0.16231932588472228
126	235	0.13227024448318053
126	816	0.1120721981245474
127	128	0.38047819522166393
127	676	0.12097976066572592
128	330	0.1652005254903175
128	813	0.11971596157356512
131	841	0.14243341092962916
132	133	0.10507484882721704
132	536	0.11232306601829335
132	737	0.12480550620818179
134	388	0.4638495590801964
134	588	0.13912334898226547
135	140	0.13704904785846234
135	184	0.13062564087551776
135	247	0.16178171405551173
135	388	0.14574240761468354
135	472	0.11809627544352184
135	513	0.11437615544144299
136	282	0.10578524047323204
137	268	0.10200880955645604
137	275	0.1063997348827897
138	666	0.1140353644229644
139	764	0.12614560788691323
139	823	0.11739111085152996
140	142	0.11220066798600246
141	342	0.10200583198905933
141	806	0.11399916109724505
142	575	0.10834237769557269
145	149	0.11141468960728533
145	204	0.13197879349450078
145	317	0.1278025232838914
146	763	0.1017536257739324
148	155	0.10101586963522254
148	304	0.1142675577906117
148	545	0.21760065845183676
149	768	0.14700154718336322
150	859	0.10514963665374663
151	371	0.1536990283585029
151	624	0.11945293251611065
151	755	0.10053767496356546
151	774	0.1248448801117905
151	847	0.17994634477879573
152	390	0.10208845780998203
152	456	0.11283270291183152
153	208	0.16054266366696468
153	373	0.10365450597744577
153	376	0.10639894766102337
153	522	0.14218245997068457
153	846	0.1364575586052775
154	167	0.11561780390527751
155	389	0.11587928044851356
156	331	0.1019666718526399
156	621	0.12369485415510098
158	392	0.1346119806220408
158	631	0.14341582196391606
160	267	0.12812158998630716
160	568	0.10646979047644242
160	840	0.12196512887706822
161	831	0.11376598880792654
162	163	0.15455057027138144
163	345	0.13270064193331832
163	410	0.12270998417960946
163	532	0.10163484588190785
166	226	0.1083138038852305
170	563	0.1106789099245632
170	762	0.10039804541998022
171	180	0.1396425935070984
171	256	0.17027963518544953
172	174	0.11725392032548598
172	232	0.1268954962454846
179	232	0.1624725455669795
180	183	0.1865866107113401
180	486	0.10517477678810848
181	465	0.11739737096542396
183	393	0.10711943481726945
184	302	0.10512324332211437
186	340	0.10031920474241841
187	207	0.19608382379703979
187	685	0.1315196283585072
188	215	0.15361321434608996
189	398	0.11076987303938482
189	502	0.17009841481015486
191	605	0.12110965149741167
192	251	0.15848595049983266
193	205	0.20510285885282173
193	303	0.12563193464469835
193	543	0.10348324435622175
193	628	0.10859831650315212
194	862	0.10624954655565087
195	197	0.20689400174569264
195	201	0.12750368225697709
195	204	0.14802957030140262
196	199	0.1900205295424409
196	203	0.31427774335105674
196	489	0.10091002608320965
196	523	0.10134491136218211
197	201	0.16926480042913655
198	202	0.18784457125763232
198	474	0.11567698537663872
199	203	0.18690936582525292
199	654	0.1187270656973739
199	722	0.11931998107998913
200	204	0.2234848567647688
200	271	0.12543043708628618
200	582	0.14944811346910647
201	206	0.10060926820438484
202	233	0.11203601654439932
204	297	0.11187870272789782
204	685	0.10012020523772625
205	329	0.11260748106400716
205	420	0.18553504530596185
205	528	0.12885898428784068
205	739	0.15197877889831785
208	564	0.12259612039686187
208	686	0.10918695459086343
211	236	0.11105124316515236
211	475	0.11797977189248404
211	615	0.13102262004880466
212	279	0.10005009056320623
213	278	0.16452014281710614
214	568	0.1026363388426293
215	491	0.11247066121152846
215	561	0.1153956443770244
216	494	0.1443266390730167
217	832	0.10622331954775514
218	227	0.15006746632658102
220	717	0.10027384709940124
225	239	0.10888798320728049
226	439	0.1008846668433571
226	744	0.11068922200729854
227	233	0.20993019934138787
227	733	0.11940426060910626
229	643	0.10424434460581922
229	775	0.23615313998224668
229	777	0.13631063514580768
231	423	0.119820740983682
232	348	0.14621513048097523
232	594	0.11917266072141951
234	665	0.11671088065372798
234	666	0.10428374326350469
235	676	0.12408898711824597
235	801	0.12123912700987863
235	816	0.1546517903272359
236	674	0.11480693075126155
236	819	0.16284129308685494
236	831	0.27377490418392586
237	460	0.27322450270116116
237	835	0.14751041059433279
238	247	0.11473390531507087
238	320	0.10190952067794078
239	367	0.10759832651064702
239	733	0.151927716917506
241	871	0.105161492278359
243	517	0.11993380177948462
243	558	0.16616780193626465
243	581	0.11228237904601782
243	866	0.10098915812396779
244	321	0.14127522422125552
245	414	0.12098409531131102
245	493	0.1321856944742584
245	616	0.21516362454569882
245	651	0.24911483498004305
246	321	0.16858028976327355
246	492	0.11798319259795362
247	388	0.16147106875770603
247	472	0.10491611093269426
247	495	0.1123996506453503
248	251	0.17979152294800974
248	253	0.13512212920797123
248	474	0.10690948460657211
249	717	0.10109828214154126
251	253	0.3672047010850824
252	432	0.18399685649898223
252	832	0.15374830713487114
253	541	0.14031195636392196
253	774	0.10833514742285275
255	466	0.11434539598122856
255	587	0.1261006752294418
256	422	0.1081932863773081
257	483	0.1001719699849226
257	590	0.1603466407511909
258	424	0.10784759527129546
258	833	0.1495368997802129
258	836	0.13388909858078593
260	335	0.10040588850956378
261	795	0.10411803081052405
263	502	0.1004509686718018
263	550	0.17186349701232526
264	278	0.1263345925974516
265	651	0.3995764662184172
267	268	0.12860715338836023
267	873	0.10573898396812748
269	273	0.16424469244199635
271	274	0.4112992868545821
272	402	0.11527018260701888
274	369	0.16270873225971588
275	560	0.13531006580662117
275	831	0.10558851858800239
278	514	0.10278575802785855
278	532	0.12231410145374055
279	280	0.16038124848143273
280	300	0.1770147430885489
280	305	0.1917431543791652
280	594	0.1547570662889919
281	615	0.1358413375815515
281	701	0.10997837624084471
282	404	0.1389796935636573
282	475	0.10037235212726775
283	340	0.1994510830004588
283	684	0.1019231707460888
284	799	0.1103885011642946
284	818	0.12408224996847267
287	307	0.15897131272975987
287	612	0.24633004179863968
288	657	0.1170104193122129
290	711	0.12347407693433501
290	712	0.10567789495542639
291	295	0.24960731246505502
292	521	0.11734765881145934
292	727	0.10346029154334267
293	294	0.17295488559881572
293	712	0.18212609599402044
294	307	0.1352126968356466
294	309	0.12932015779020412
296	821	0.11581020294812691
296	826	0.1349633959206197
298	333	0.12689407150582463
298	384	0.11357455180258846
298	422	0.10801348486601753
298	540	0.16948819588485114
300	305	0.15900786944128406
300	821	0.17252713260809438
301	495	0.1423449318777117
301	504	0.10294664851049302
302	322	0.12237717156674874
302	471	0.10042464422014212
302	727	0.11320939718758688
303	420	0.14644757220546428
306	443	0.1824317918333158
306	595	0.11448957624057915
307	612	0.10219347494060874
308	515	0.10203019327963435
308	577	0.1268675598110418
308	856	0.1105298393193385
308	869	0.10698901497839192
309	593	0.10125464909677279
309	703	0.12381312499253247
309	709	0.10621210359090655
310	594	0.14500241017847496
311	426	0.10017771390891918
312	380	0.11700228875477611
314	327	0.1020845193499169
314	687	0.12256673236937701
315	645	0.11588220877538634
315	862	0.11128540445707821
316	471	0.10498265228030138
316	495	0.11363012609250518
317	513	0.1308495531847086
318	370	0.1255153569489731
318	420	0.17606656718332622
318	528	0.18390832812140162
318	845	0.17333762282933854
319	722	0.11037153740510464
320	352	0.12643297388369235
322	493	0.1125062398903307
322	534	0.10004912954616883
322	819	0.17976035724796152
323	342	0.14854387514496714
325	755	0.11185780711739339
326	868	0.1020758615973694
327	413	0.15322074804549737
327	760	0.10150698247291161
328	330	0.14052052304199683
328	808	0.16214682400689737
329	375	0.18346687059119612
329	450	0.14178233120853026
329	528	0.2570225265236658
329	653	0.18135065984243323
330	668	0.10399562059761622
330	813	0.133443345548921
331	647	0.10350398350100896
334	831	0.10896507236845435
338	829	0.10031130240314093
339	782	0.10286521952298741
339	803	0.10362141710343122
340	361	0.1012415494198762
342	481	0.10659373975958869
344	756	0.27237414098586943
346	348	0.1352691983970986
346	498	0.12184839468377617
346	707	0.16486231471890428
346	720	0.10269829467706951
346	727	0.15837971622025562
347	348	0.283859883427568
347	716	0.12531078717141234
348	857	0.1455625321400612
350	634	0.12291455373151693
351	472	0.10878593255541419
352	360	0.13802465223648022
354	397	0.13917308744886372
354	438	0.18376358375940802
356	358	0.10911648622992888
356	363	0.37133544031566507
356	398	0.1251551446866081
356	436	0.13627516081493482
356	750	0.12081256590425087
356	754	0.1492366527474079
356	776	0.11143557581323658
356	837	0.12662240957901383
357	362	0.12211796469796377
357	806	0.1001684227414616
357	814	0.21312471906488442
358	754	0.12011416669246222
358	837	0.11210333263674957
359	361	0.20108731584948222
359	362	0.13342766378457577
360	378	0.14074865358649552
360	448	0.10623105464423649
360	581	0.13215741671982728
360	864	0.11912681797260363
361	806	0.12628097347255937
363	436	0.16402645412239875
363	754	0.10407658250586584
363	778	0.15369354499221297
363	828	0.1140990464958409
365	371	0.24824630790042818
365	450	0.12898751711857406
365	451	0.12272121980656203
365	654	0.13365891194153845
367	421	0.2079998026266608
367	593	0.10635409988123963
369	373	0.12481682762890729
369	380	0.11535305041348252
370	375	0.19997885853200145
370	653	0.11390883223938991
370	656	0.2787522581349382
370	845	0.10645829826017704
371	653	0.2637716377001007
371	654	0.19188225892341357
371	847	0.159684946894264
372	659	0.10309300245513328
372	730	0.12772228213025372
373	418	0.105221213865557
373	711	0.10447319539766375
373	715	0.117611570396264
374	549	0.2423222067246541
378	448	0.10356300543728893
378	522	0.3831453620589709
378	774	0.10685930347748981
378	818	0.17860078688370828
378	828	0.17078971456221428
378	864	0.14949424881954637
378	866	0.10419471371879457
378	879	0.1182576269281938
380	550	0.10058129896101124
380	706	0.10193635292544909
381	665	0.12418892380948116
382	393	0.10523742090818025
384	657	0.14482296521842247
385	850	0.10085370470884082
385	867	0.10522604180593217
386	514	0.10835524546874958
387	520	0.1396602276984898
389	640	0.11289917490807432
391	394	0.12136238225876501
393	763	0.1028992493340388
396	466	0.12698168006904523
398	452	0.10526456271669793
398	591	0.157933048610698
398	754	0.10093047911651043
400	518	0.1141341724949459
400	768	0.11866538088469014
401	733	0.10422815388802631
401	768	0.10090934175884646
404	467	0.10374629990193536
404	689	0.10360402636366516
406	500	0.15408967917418923
407	416	0.11684759584626
407	667	0.13979413599394014
407	788	0.1682949068645549
407	824	0.14802334738580578
408	427	0.24970421820633745
408	751	0.2173549323348315
408	753	0.17523130253579017
408	755	0.1592697017748178
411	423	0.28242345664678253
413	414	0.20387978005148236
413	533	0.13164641198712235
415	592	0.14941759645137773
415	595	0.10893446000632852
415	612	0.1883874010029332
416	419	0.12892487150969745
416	792	0.128397049793677
417	824	0.11727135878100058
420	528	0.10166026976390492
420	687	0.11824509716675545
422	540	0.11608110330298313
423	624	0.4165211776634025
423	753	0.2275561572811261
424	675	0.11874457307659295
424	851	0.11836117390739287
426	601	0.10612714437008565
426	660	0.13332522724544885
427	753	0.1655383019888833
429	573	0.15938618429263016
429	823	0.2952533484502025
430	452	0.23537482877652685
430	587	0.1021868601167039
430	703	0.11123926168002675
430	822	0.19800825141998263
431	533	0.1088679160157177
431	633	0.15048445303356378
431	770	0.1376986374286664
431	843	0.14858954719663361
433	439	0.18261721238376524
433	588	0.11456997230314567
434	524	0.10766692730085173
434	698	0.20273735803454399
434	701	0.11243760658434852
435	525	0.10359121680789499
435	670	0.10207126350858765
435	745	0.15098015814357152
436	517	0.10985157944813564
436	522	0.1862368625879894
436	750	0.1653326572684499
436	754	0.11941852879206412
436	837	0.12584278245541816
436	842	0.1723203838368066
436	848	0.21280812694777976
439	706	0.11954214901193935
439	712	0.11773448517924123
440	629	0.12294847691550508
440	631	0.13485155753462683
441	709	0.2321282719679324
443	713	0.10220072712765917
443	789	0.10974085509329065
446	731	0.21960333650635872
447	535	0.12755631686073157
447	729	0.12243774671340679
450	451	0.4730204623920067
450	528	0.15769420360145645
450	655	0.18971885991806037
450	656	0.12759696070461207
451	453	0.39721172705727675
451	653	0.12020434108289155
451	654	0.1322618032937563
451	655	0.17091812019434674
452	523	0.18986958330470974
452	822	0.13172454033587436
454	487	0.1830724189550334
454	500	0.10968704079400576
454	506	0.11760461990234998
454	668	0.1307773085110384
457	488	0.1044089444373773
457	498	0.10979587899976301
458	820	0.14071832203103113
459	534	0.10266351734909601
459	770	0.13422927500580062
459	831	0.22664068884054422
459	873	0.1155389768685719
460	834	0.1459041867573262
461	835	0.1408286247334165
461	836	0.15158020181055815
466	666	0.12453900560364199
467	769	0.12555756796198506
470	639	0.10319595775530602
472	516	0.14326996782095086
472	633	0.10457723931661732
472	871	0.1455587257076883
473	662	0.11656720467782027
475	615	0.11390715123346529
475	691	0.11482401676969602
476	478	0.10570232730917756
477	526	0.11146588620818566
478	687	0.18267085491210852
480	532	0.14352945427569222
482	490	0.36954557735178956
482	501	0.1102990456287994
482	586	0.10646817939693778
482	682	0.1217876716331093
482	685	0.12288929919246963
482	704	0.10328198427586273
483	485	0.25123787462930225
483	486	0.1769310871793622
483	489	0.1345212520496941
483	491	0.250893085665694
483	604	0.10461531536392826
484	489	0.1572784234646768
484	571	0.1462175030358197
484	590	0.13825754449638372
484	678	0.1671807248988319
484	869	0.21099040375212652
485	486	0.1695070852741017
485	869	0.20310117264216307
486	511	0.2315964217617362
486	577	0.11938245710396969
486	678	0.11866816149653246
486	869	0.1618173182526645
487	490	0.13113467145254082
488	505	0.12836646004323046
488	630	0.20299295348483276
490	750	0.10170981552117998
491	552	0.1223550681000942
491	604	0.10172224431277256
491	663	0.10828654592903492
492	494	0.11337922015817128
492	812	0.10309150510004807
492	838	0.12283454237276677
493	616	0.22962710623223334
493	633	0.13238002328563703
493	770	0.13024238946851552
498	505	0.10228869035389297
499	581	0.11240849722619607
499	818	0.35620249975127954
499	866	0.11231393647861095
499	872	0.321821530739567
501	505	0.1487805928471068
501	682	0.10068118158213753
501	686	0.1072659906080258
501	727	0.1169653050145417
503	668	0.17290232921921186
506	686	0.10382840734425347
506	704	0.10936724273769255
508	660	0.13612537587666407
510	551	0.10334178586925971
510	767	0.12064668684375086
511	571	0.19707786130031357
512	513	0.17521942551167896
516	695	0.128748973252436
516	860	0.1175222638108002
517	558	0.10111257930942597
520	533	0.1945201374573862
521	869	0.11002939588932628
522	789	0.11091547861665904
522	799	0.1551500967567469
522	842	0.1558040578702542
522	848	0.3493943106868558
522	879	0.11803454069656986
523	570	0.12230099931610255
523	789	0.10511324378919161
523	822	0.3155728155457938
528	655	0.10201540781565271
531	534	0.14662169163253488
532	769	0.11399491126696212
532	817	0.12668766834464829
535	814	0.11996740557231772
536	579	0.10023697927775368
536	588	0.12948191064108378
537	539	0.22931487480625515
537	644	0.11630543892141676
539	651	0.10299900925662336
540	619	0.1014161020827203
541	774	0.11921374860724832
542	644	0.11030275890999788
542	692	0.10534785794739804
543	550	0.1826915812411332
543	764	0.25093149720728236
544	548	0.16554069228006651
547	550	0.16757763505163367
547	877	0.10744343618227274
549	550	0.1565382452069162
549	815	0.11800635526832418
550	764	0.14623132061034627
551	767	0.10110013076796685
551	857	0.12841203372075236
552	750	0.23790788698733636
552	752	0.22340689279548315
552	776	0.18854043186427244
552	778	0.2090681298162246
552	799	0.210359866758535
552	828	0.18970549961014307
552	830	0.16660188575282037
552	837	0.18799444053574066
555	778	0.12462855575827714
556	638	0.10698187954615684
556	640	0.11521207480519753
559	561	0.10649682315500375
559	737	0.13399108446701713
560	777	0.11466634365728309
562	851	0.11220237296731435
563	576	0.18684188021661166
563	577	0.11401808303707017
565	566	0.15139992296840746
566	575	0.10616417776510956
568	576	0.12051071503433795
570	577	0.19619230744389918
570	822	0.1328339096678512
573	797	0.17537818378152195
574	621	0.10449815461535593
576	580	0.31276025476608227
576	587	0.2790104942693259
578	728	0.10778434437762456
580	729	0.10225577328104714
588	593	0.1800117320692098
589	648	0.1642055767447393
591	592	0.1546369004663393
591	595	0.23806678657150326
591	753	0.11068005662301365
592	593	0.13905149265503283
592	595	0.23520964326498098
592	596	0.32317824861708666
592	715	0.11027995892487388
593	595	0.10963914718548574
593	709	0.14452033910976902
593	713	0.1427188179944004
593	739	0.12508783322576475
593	789	0.10927890520508672
594	821	0.13408225074633584
595	715	0.11767532447782335
596	709	0.1096675929933803
596	711	0.10671788197053755
598	604	0.10170786159957072
599	750	0.16594294555835087
599	776	0.11325586563131534
599	848	0.13746285705155284
599	879	0.16992752964678481
600	603	0.2010181754528527
601	606	0.40907739445278224
603	843	0.12242986127371486
604	605	0.1100688795231715
605	646	0.11062692918910096
605	659	0.13811025770858135
605	678	0.10248981076076001
607	617	0.11796999213834632
614	721	0.1014087883464586
615	701	0.12927990733733385
620	747	0.11886252255654693
625	825	0.12075374588122682
627	637	0.11890438735152359
629	631	0.25596438547223027
630	676	0.13989361566562564
631	786	0.13274972014587455
631	797	0.10808081259036337
634	787	0.11119220174398689
634	865	0.13642953077169326
637	720	0.10993259030825447
640	642	0.29212859905163485
640	865	0.10098286931909661
643	715	0.1464594663175368
646	774	0.13833013343856146
646	847	0.2297919296967692
647	838	0.12720757721428474
647	840	0.10692464749691649
648	705	0.12432536399362971
652	656	0.11783577670587038
653	654	0.30100306823956585
653	655	0.1892607758398435
653	656	0.15581982968809951
654	655	0.21393571023778585
654	847	0.10690259967795089
655	739	0.11968870226190723
660	665	0.1354566350950254
661	663	0.15360782095015427
663	667	0.10945291837369413
663	824	0.13225493460084398
667	675	0.10805727249889219
668	676	0.1334940212697039
668	813	0.1137708000579731
670	672	0.1462305393336172
671	679	0.29092379509044936
674	759	0.1321170906180028
675	815	0.12061282128212952
676	815	0.1360948519805542
677	801	0.13287132567532034
678	869	0.10471172718707401
684	802	0.10102787731962565
691	694	0.1417318850069237
694	841	0.12092387775650133
694	871	0.10646368703839967
698	701	0.13857083137871354
698	717	0.11134545929155763
698	720	0.12980249721241485
699	704	0.1225413620914771
700	702	0.12158461893553793
701	715	0.19275620907086466
702	708	0.306079656983189
702	730	0.17843804014295817
704	710	0.10225259848941287
704	717	0.10737174192098096
704	724	0.17035889495601203
704	727	0.13479610281340854
705	731	0.2888520144098633
706	711	0.26049109152494077
706	784	0.11173832434939897
706	797	0.13248811699156365
707	727	0.1386494672255938
707	735	0.2583273265764091
709	711	0.20933923639001137
709	713	0.34781453004423746
709	788	0.10729942585135568
709	792	0.16437909591393798
709	856	0.13101879526130056
710	716	0.12328119913835561
710	720	0.22884988736214515
710	727	0.13246597646341443
710	735	0.22932557589565866
711	712	0.18904728856590147
711	713	0.14917122099983704
711	715	0.2292848711008513
713	715	0.11459659213703643
713	724	0.1182795538899246
713	739	0.11689369891916854
713	792	0.10158729432637513
716	717	0.35724834376235337
718	722	0.1323850416577287
720	727	0.38944552191889165
720	763	0.11707040097207273
721	736	0.13341158753712284
721	868	0.21015367328774978
723	726	0.12418914355443143
726	756	0.11366385162561723
727	763	0.13815725024492
729	759	0.11388804332458519
730	731	0.17885453974519747
732	875	0.10775488884959335
738	774	0.13044880286993218
739	779	0.21566147523884013
741	868	0.10332394855848406
743	838	0.12017650827171612
750	754	0.19930842569146576
750	799	0.2630741838985511
752	776	0.12515527000508392
752	799	0.1273822706928999
754	776	0.16074945890594272
758	781	0.16567643101272392
759	825	0.13847135806081284
760	767	0.21896444680637103
760	769	0.1040487123022107
760	771	0.12711961911395475
761	856	0.11244715633480713
762	772	0.18270257862965705
767	774	0.20676821397168096
767	841	0.10485844199064183
768	769	0.10192979986352389
768	774	0.10946459947599828
771	774	0.17069138029625125
774	847	0.10111093426439564
776	828	0.19266716889715121
776	837	0.10922361459395838
778	842	0.12519299808443252
780	799	0.1128014343007623
784	785	0.12625454987165446
784	794	0.13230781621871707
784	797	0.1352205073150864
786	788	0.12907672665180225
788	792	0.3984139868128226
788	797	0.2303841261052145
792	797	0.16697495964264852
799	828	0.12857735901117162
799	837	0.32584022483904806
799	879	0.2574565680058098
801	804	0.17991753337681135
801	807	0.30755151491668453
801	813	0.18757159136574178
801	815	0.2804065731195715
801	816	0.3237065348816769
802	814	0.12282907190965814
804	813	0.1252814891393313
807	816	0.20314651037794354
815	816	0.31005720020916566
818	848	0.260401130554573
818	864	0.20525245949896412
818	879	0.4079043484044364
820	821	0.12150087865972643
821	826	0.1138517526108952
828	837	0.22433642327224815
828	866	0.25040084939170615
830	837	0.16311017895850843
830	864	0.18152286084244929
830	872	0.20688420021407145
834	836	0.1494120157043155
835	836	0.44868715423048944
837	848	0.16202886936647865
837	872	0.18310770319426917
842	864	0.16826072856015065
842	872	0.2498830155882846
848	879	0.21830172416596594
849	853	0.34329493629224483
855	857	0.15795150541318476
856	869	0.12343915543419975
864	879	0.43859842925396453
865	867	0.1170799031860876
866	872	0.31363494512560863
