0	503	0.12836083106098387
1	643	0.14137502504355018
2	430	0.10537856529503054
3	642	0.32078965844691987
4	408	0.16428413575950526
5	588	0.11749744267291458
8	682	0.13442238047335558
9	623	0.11618233744314456
10	625	0.12026450927415194
11	18	0.20205194603676233
11	73	0.11959439742048665
11	201	0.10419936331837255
11	497	0.10187691866327944
11	822	0.24976442991453757
14	701	0.10001986154038972
15	230	0.10646148390705733
15	598	0.11777336518456148
18	855	0.28115194210130634
19	390	0.14007413347011619
19	560	0.14589416299517505
21	341	0.10170595056969253
22	43	0.11389733958452757
23	625	0.11693956768478096
23	698	0.11649381949018608
24	477	0.11179116381772915
26	42	0.19718753303017084
26	587	0.10084745781980656
27	860	0.11656501802404466
28	112	0.12506337881211196
28	185	0.10493749201115153
30	32	0.20151225752897234
31	599	0.1055560649811678
31	848	0.12450414071411366
32	771	0.10304969834809873
32	855	0.1088820909574904
35	297	0.11983717967024203
35	537	0.1048812137950955
37	38	0.17074582723158352
37	778	0.10138883942393581
38	39	0.3264710436367963
38	776	0.10511356892926711
39	40	0.11352792217127683
39	660	0.10760837211768952
39	750	0.13186367397009136
39	828	0.11339801901318226
40	360	0.11069434925982062
40	665	0.11151055929988707
43	646	0.16693357852443258
45	864	0.11390139480488709
47	139	0.10935704187289741
47	766	0.10539183883267082
48	665	0.11776622994087793
50	114	0.10264575121787302
50	573	0.12027333532759074
50	788	0.10688244118020544
50	824	0.20012173003854913
52	633	0.10031509529111828
53	157	0.1666843498784434
53	424	0.21670141330935402
53	500	0.12172818019284806
54	642	0.1863491723171878
56	271	0.10887794386083047
56	527	0.13409331429884844
57	499	0.10503631089598099
58	508	0.11501517031008311
60	143	0.20624205856839187
63	65	0.14497213342595852
64	66	0.15591655858997505
64	67	0.15091887469182536
65	66	0.10561344840731329
65	67	0.20509178059238514
68	256	0.12437577637637719
68	345	0.10307352500233134
70	452	0.2648165110264369
70	523	0.11894187556396899
71	341	0.10314485113308777
71	703	0.14127312592052496
73	452	0.4060478327839145
73	523	0.15161303199815945
74	760	0.10217824017458249
76	466	0.1116223922513432
76	680	0.1577485928735074
76	764	0.13208339654821583
79	633	0.20235844405685469
79	651	0.12313164252336813
81	130	0.16800064461758302
81	136	0.12503287138701896
81	495	0.10548131704594285
82	487	0.10369899129497429
83	698	0.11519857159814359
85	463	0.11186536184083823
86	831	0.15045747282821356
89	408	0.10201995278945593
89	427	0.36101543781654744
89	751	0.16230788575388222
92	411	0.28432119744496565
92	503	0.13747773060246207
92	755	0.15986593768183016
94	164	0.10888626308891078
94	325	0.34783374985402504
94	751	0.25598613638527107
95	817	0.11909337569312041
95	865	0.11925490856660168
96	112	0.15300562146504698
96	479	0.11315301841960056
97	666	0.1409375190354625
98	139	0.16373986644952143
98	766	0.13836076915502626
99	112	0.10307971872277695
99	115	0.185198100871992
100	493	0.10340511898834108
102	139	0.145486608239404
105	139	0.1667091417733377
108	139	0.16747649170629697
108	766	0.10764555682559988
109	112	0.10945427017408574
111	424	0.10032653645515364
112	121	0.1192847511756742
116	290	0.27523081880069405
120	158	0.12451206297682103
123	252	0.1426400934116239
126	127	0.22671185166991809
126	128	0.13280169447154835
126	564	0.10159996286746843
126	816	0.11271363821003694
127	675	0.11867507387276256
128	676	0.14248682201444468
128	807	0.14465551813709435
129	185	0.11555486857675008
131	839	0.17809444228452603
132	734	0.10943547010922279
133	234	0.10276181018968014
133	283	0.10331119078978958
134	388	0.12692556392548787
134	467	0.11764111359848366
135	513	0.10439987257167746
136	315	0.14156531327311067
138	141	0.20353048770312976
140	142	0.26483659419409555
140	671	0.11354001499599659
143	553	0.10026684226256548
148	545	0.15053679348866422
148	613	0.10507383038937175
151	318	0.15763891983231984
151	451	0.14538526234892774
151	617	0.11027554267332479
152	809	0.15392684559953348
153	189	0.10975401492696746
153	754	0.11289997590529832
156	475	0.12217336118444548
157	671	0.10741981412699536
159	165	0.10193795867268918
160	418	0.10270091955832542
162	795	0.11520611430277328
166	522	0.10096543068565618
167	425	0.10573977399087203
170	811	0.12281712508262549
174	180	0.17045548667294042
174	315	0.11298552416343079
177	393	0.1023083376274474
178	543	0.12091349951631279
179	232	0.14076466592116782
179	354	0.1028080037414511
179	483	0.11642603394508053
184	469	0.10397564097401443
184	574	0.11925522909064176
188	847	0.10001495633501424
189	200	0.1970190381538872
191	605	0.10408388763118123
192	249	0.1509998335014644
193	654	0.10180647529867637
193	696	0.1166840012440911
194	203	0.14588920378217574
195	206	0.21023588560240267
196	203	0.3640531926383429
196	779	0.14261895852078854
196	876	0.12653856034410824
197	201	0.30806385096810796
198	207	0.17059831333637826
199	203	0.11311288225879093
199	318	0.11044520302276681
199	422	0.11396327621102222
199	489	0.11729550489632277
200	448	0.13304213652386634
200	544	0.10505721328166957
200	582	0.12787867828091634
201	502	0.11323923462084017
201	658	0.17679583141365113
203	253	0.13219275379453993
203	779	0.13771657228440876
203	876	0.11463964450423318
204	420	0.11865533128573355
205	550	0.10080707842414051
208	851	0.10369271541214561
209	772	0.12517251648606603
210	515	0.1326151416714561
211	800	0.13812062525633842
212	814	0.1125684357809727
213	510	0.14831117004800948
215	489	0.11214145413077652
216	494	0.12839810680108205
220	708	0.10961572328360226
226	379	0.1076204249005564
227	228	0.11214027456761097
229	509	0.10275106209590698
229	777	0.12762870684878797
232	305	0.13640484629918714
232	723	0.11236382832369457
233	315	0.11808155357132079
234	503	0.2217652380082535
235	677	0.18413505195564284
235	801	0.14515562620159866
236	459	0.11085235791629383
237	461	0.12312310245343505
237	833	0.24158906623706414
237	836	0.1910525293731004
239	264	0.11959226464192474
244	494	0.14173896994006163
245	537	0.21068064275279658
245	633	0.15781756066224184
245	651	0.14378154880376687
247	495	0.15295735963367746
247	701	0.10224791826341945
248	639	0.1031954400400501
249	333	0.1008127194228624
251	253	0.25808601117506813
251	576	0.10013135478992975
252	420	0.11284539049808222
258	590	0.11679960805759373
263	622	0.10140561875057641
264	829	0.10370306262169919
265	537	0.21723096387632274
265	633	0.10707218054257742
267	538	0.14122222660714917
270	273	0.19103734670466194
270	406	0.10011913621238809
271	274	0.15581310141336985
273	498	0.10153506878575884
274	369	0.10844080852370028
277	480	0.10116296601883935
280	296	0.18790306230380013
281	313	0.11757988976853109
287	612	0.1298813853034852
288	298	0.23182370448369546
288	657	0.22168880606883345
291	295	0.12104910035490701
293	294	0.25548628291916997
294	612	0.13593736566933706
296	821	0.1256576257216697
298	309	0.1239219647390546
298	657	0.19113151046311527
299	712	0.12148812460033195
303	774	0.10811759426075947
303	847	0.10334461931336153
304	642	0.11497132390234323
305	458	0.10331619959712632
308	576	0.11267440499157075
308	580	0.18504268131615598
311	599	0.15150902225688698
315	759	0.12738106032159946
318	365	0.14790677797276724
318	450	0.12165774711663377
318	654	0.15608252660235405
318	779	0.10591718266311484
319	726	0.12002881163393987
322	819	0.137528361441795
323	504	0.10460797918155608
325	333	0.11922347976231948
325	408	0.11076538426125855
325	420	0.10120464463318941
325	423	0.40856356644258124
325	755	0.24809115043754432
329	450	0.2063256100930232
329	653	0.20117964572639205
329	654	0.11406497470657322
330	813	0.13193835260348558
334	716	0.11319876954140373
344	756	0.17730710168725292
346	706	0.10019719413396792
347	505	0.18730938780436343
347	669	0.1045351646227507
347	711	0.12433494652636941
348	377	0.12388327442212545
348	665	0.11724063426236708
351	542	0.11188439647635563
352	459	0.11198920424930844
353	878	0.1216686070466546
354	438	0.11818148087504135
354	591	0.10539002614236048
356	555	0.111906040378509
358	363	0.32464703531613853
358	555	0.10809139991495016
358	828	0.11828111708665338
359	361	0.2408847823841191
359	362	0.19800961258959054
359	802	0.2234551062730497
359	806	0.10432901663845848
362	621	0.10557486190836966
362	806	0.17325508550837554
362	814	0.16765854778775352
363	555	0.2395266172317372
365	455	0.12696831067770517
365	528	0.10294259359944623
365	654	0.15038574372103886
367	714	0.10963409072660169
368	414	0.10628730550632631
369	373	0.21151970103477932
369	380	0.1982957815851893
369	713	0.13202459346853077
371	375	0.11023796592828745
371	528	0.22944764501984852
371	655	0.11979580439105787
371	780	0.1035653726351837
373	543	0.10754257186775056
374	376	0.26865401941101485
374	544	0.145659267567612
374	549	0.10381908922879858
375	652	0.24072589009555287
375	654	0.13681212033383103
375	655	0.12794268148449287
376	547	0.18665589452017792
376	549	0.12737519674663114
378	750	0.1041752253624765
378	799	0.10472046681064631
378	864	0.15546724791057184
384	657	0.17855211397912502
385	867	0.17702406005991092
388	737	0.13798057823289311
390	392	0.18493442482174313
393	542	0.10712783706237006
394	396	0.11817367179138862
398	452	0.15207876529977582
401	588	0.10426342190366311
404	539	0.10117878697751659
404	633	0.11102857755947569
405	483	0.1127710522756152
405	486	0.11864494988745246
405	571	0.10198999476971282
407	417	0.15018070773997094
408	411	0.10111485946976838
408	427	0.22241798753860878
408	751	0.1354184173279099
411	427	0.16616074823942878
411	624	0.13249373267992345
411	751	0.1628758799921808
411	805	0.10212901365848445
415	609	0.17196540352902104
417	573	0.1615199975340173
420	613	0.10601765458078992
420	652	0.12367042250692226
420	739	0.1288504745721986
420	846	0.10219036510491877
422	463	0.149485389111014
423	624	0.20113354680957315
423	755	0.30928434907614566
424	862	0.10280454787963965
425	642	0.2516055281530981
425	705	0.10668189632903381
425	718	0.16247859615275795
427	552	0.11689684996587865
427	751	0.14982724981556053
427	753	0.21757030946167732
429	824	0.26324889092494047
431	539	0.1961604518358055
431	633	0.13764179337264798
432	736	0.11581323682651817
432	747	0.12518127915605973
432	832	0.14662436708837
433	437	0.1069115309005562
433	445	0.10806775435454195
433	638	0.11644246376762764
433	701	0.13709739517453606
433	713	0.10532716595512381
434	704	0.11674281131259137
436	522	0.12025585541049008
436	752	0.1243186877388871
436	837	0.20759956840580568
436	864	0.14466568726824322
436	872	0.1431669333200728
436	879	0.19240133079389013
437	439	0.1431064608659355
437	441	0.11941096705474957
437	445	0.12153696174346863
439	441	0.28264609110027533
441	715	0.10419686675265803
444	727	0.13199820070637333
445	715	0.10147271589328674
445	763	0.12473885458786496
447	703	0.1274826692807872
448	864	0.10302181728488485
450	455	0.14561149225671313
450	779	0.10103638249720577
451	455	0.2146256761447033
452	523	0.20404307505320662
452	541	0.10145301533174024
454	457	0.17922641181796425
454	482	0.15344113673097093
454	487	0.138777051589922
455	654	0.18765100434425516
457	490	0.11695532188895238
457	682	0.10125111387263773
460	833	0.1422337737285474
461	834	0.19237072592421672
461	835	0.1742395730941394
462	463	0.2948088466773656
467	468	0.17289882560535663
469	470	0.10462303363709603
469	507	0.10075624574578274
469	559	0.11210481771151097
469	840	0.11830912214969266
470	474	0.1797409184452858
473	846	0.10242253371875934
474	495	0.14273718109001138
476	480	0.14615413559371027
481	839	0.1019682822570249
482	490	0.12668786737081733
483	484	0.21328977553888856
483	489	0.22981561423299746
483	511	0.10384938329128773
483	678	0.14855019641943373
484	486	0.2582200154644214
484	869	0.20755270417695287
485	523	0.10551126266932766
485	672	0.15849780417002104
486	568	0.10163484626188922
486	776	0.10170649319101582
486	855	0.12607627044006903
487	488	0.3162214969603255
487	498	0.12069088955717575
488	506	0.10817151687472729
489	672	0.16775831464558635
489	862	0.10670355709092741
490	677	0.11451581644846809
491	678	0.12040752818625682
492	621	0.1150151470423014
492	714	0.11457074099221136
493	539	0.11739540279992468
494	684	0.1516573556287233
496	566	0.10210061234790743
499	754	0.14584084092413876
499	818	0.2410670627778946
499	837	0.11763781038619145
499	842	0.13440631523042593
499	864	0.35639447723364454
499	872	0.15310767810606943
501	505	0.20603135907170583
501	669	0.1166435255414716
502	846	0.12822747660100306
503	755	0.12516564863093005
503	780	0.12057592534178277
503	857	0.10336816555334513
507	510	0.16489801410121924
510	590	0.1290447694056431
522	799	0.21221908911338228
522	828	0.357055337034594
522	830	0.12647695493563071
522	842	0.14071706300778275
522	864	0.12592843691552827
522	866	0.11229151447510083
522	872	0.14959942148809993
523	797	0.12022707015061852
528	654	0.15074102588968255
528	655	0.19022122491456472
530	531	0.10274795684448658
531	534	0.25497917325828745
533	844	0.10731012528884502
539	616	0.10288997682583736
539	633	0.33223746409165583
540	550	0.11055457083551179
543	544	0.1397894033636493
543	548	0.2086089273828132
543	550	0.2687686112342313
552	730	0.11151940950464796
552	752	0.18181844639466782
552	778	0.29587940170291166
555	828	0.1059090119102468
556	855	0.10640069529131568
557	865	0.1352879298227532
558	865	0.15282675315001143
559	812	0.15535637541476371
563	570	0.15406594553483166
563	577	0.16903902944896732
563	587	0.18830659860842508
564	801	0.13726261155966196
567	568	0.1121621335936883
567	577	0.10196155216941287
568	577	0.17690965478827747
569	575	0.183856316216576
571	604	0.12031913589915781
571	606	0.23777126625870795
573	824	0.11066231178668373
575	579	0.1753102341659436
576	577	0.12901857566464273
577	587	0.15781520648146108
588	591	0.13060866551142605
591	593	0.29399837844694243
591	596	0.18978190550798313
593	596	0.17239960428716053
595	596	0.11742590672327217
596	609	0.10162065510718093
599	752	0.13268160612592383
599	754	0.12566546744997784
599	778	0.139742026749128
599	818	0.14564206803879295
604	659	0.10096581348286919
611	785	0.10458692873007944
615	732	0.12228606578356234
617	743	0.10700315421066776
626	629	0.14893658084736833
631	777	0.12492727866891477
633	651	0.1758644967584155
643	703	0.10799877824384059
645	845	0.1327869401494721
652	653	0.15861675626789565
654	655	0.1905536513139995
660	774	0.13443100541282807
660	856	0.10409825516950451
660	862	0.1273457141667577
665	855	0.10085398977513131
667	823	0.10464825071817187
668	676	0.44499453996175437
675	804	0.12528285265401237
676	813	0.1565437154778398
677	801	0.15396845875593188
691	694	0.18678358356102365
696	863	0.10952951275429039
699	704	0.1872005457738589
699	727	0.11093679466696608
699	735	0.3460134531297212
701	729	0.10720798353664818
701	759	0.10611762070912817
702	730	0.15614916050815844
703	706	0.2715205416359444
703	709	0.12312106007544246
703	712	0.2750499502594638
704	710	0.25118585757265455
704	727	0.26115307166224416
705	708	0.6424845673514112
706	709	0.36655972935284925
706	712	0.10393048786356793
706	713	0.2864445190983615
706	786	0.1109171621669082
708	730	0.10502574527684357
710	720	0.31793960084636824
711	788	0.1689031969895731
716	735	0.12618230788073406
734	825	0.1620825538208875
736	747	0.10052554741624746
737	738	0.1261823972849924
750	776	0.1561220212960514
750	818	0.16176515829898946
750	864	0.10471249565963917
751	754	0.10276946395338873
752	864	0.1078093951427518
754	776	0.2400649027689284
754	864	0.12158654218619411
758	792	0.11691146600738578
761	762	0.24658139285986397
767	771	0.11133641050101745
769	803	0.17358845228984618
775	776	0.10819663250508951
776	778	0.14066724811313588
778	830	0.12494042545692852
778	837	0.11052106920223032
778	866	0.11501012253400933
778	872	0.14360415108395125
782	798	0.1126748679636691
784	794	0.13750188424719578
785	794	0.13634975421486242
788	792	0.22272055109161976
799	828	0.2227856521471969
799	830	0.11686404721749592
799	864	0.1536131451166183
799	872	0.19694606932670944
804	815	0.13281226798240708
808	816	0.17802954093262663
810	825	0.1988871320752392
813	816	0.16099730129246353
815	816	0.11820690188941291
818	830	0.1813684828471227
818	837	0.19317320112136446
818	842	0.1285753852277296
818	848	0.11801239723245127
818	864	0.19204830815998405
818	872	0.21240870742145931
823	824	0.20440091106679842
828	830	0.17256082857899918
828	848	0.15396126399966129
830	837	0.25454222908872565
830	866	0.16427781220867982
837	872	0.1356713050867484
842	848	0.213778890042233
842	866	0.14634360388054238
842	872	0.1419032930795271
848	879	0.21812781901663475
851	856	0.14716683026758162
857	862	0.1387749172109031
864	872	0.3521501342668975
