11	70	0.1529537073007993
11	430	0.10106096816590486
18	430	0.10503095365559507
18	857	0.11759993071705514
19	402	0.10800102486569126
24	28	0.1250908400323514
25	26	0.17403431982926668
25	42	0.11607375844072611
26	387	0.17260090712813672
30	638	0.10601226789370755
31	378	0.17650684797254493
31	436	0.18581848282358576
31	837	0.177474995840687
31	842	0.11965126003472264
37	38	0.2030162016323273
46	47	0.11622983427177337
46	105	0.1049975720372108
48	51	0.11787158692038337
50	407	0.1606262923475029
50	667	0.13239224873677294
50	824	0.1775538082008949
53	157	0.19095282673426303
63	64	0.12353780610968622
63	67	0.27415645703412206
66	67	0.12625163717006888
76	177	0.10804669533291264
79	431	0.1676508351705797
79	633	0.1842000506449591
82	454	0.12667561265960472
82	457	0.1996725864346653
86	91	0.15726929610430193
86	322	0.1200936059457439
87	323	0.20446071030384158
88	324	0.1906127515625016
89	325	0.20861811337758723
89	408	0.1338667063412133
92	408	0.1804100202258707
92	411	0.2371305776097805
93	338	0.15150767973190957
94	427	0.10409571581976114
94	751	0.1181840218120345
94	755	0.10210664767228915
95	301	0.11664334665129258
97	503	0.10342810682446499
98	102	0.10670733231575277
99	115	0.12748492157149463
101	154	0.11204900551736109
108	139	0.18007737451324213
114	764	0.18633097781056263
123	252	0.18298876425943236
127	128	0.1986350734166287
127	677	0.10130769547270121
130	618	0.19701921694397803
135	140	0.13769977051237364
140	142	0.13464575813384572
162	163	0.11666562307151981
171	620	0.11069676212308535
177	473	0.10581668149502996
178	271	0.11171236761221719
188	199	0.14878340139028454
188	315	0.12207962061973021
189	200	0.12071501003467708
189	263	0.11049751075166474
192	780	0.1000257413920494
194	258	0.18268251406670133
196	203	0.18823352731952572
198	207	0.11888414455418173
203	430	0.13711348634196283
205	420	0.1224383230174387
211	412	0.11671643025910945
215	489	0.10246023401284972
215	577	0.1097036295143664
229	440	0.11314892308490189
230	598	0.10842289550647337
231	490	0.1126585855295633
236	459	0.28125510222234884
237	461	0.13708305906749557
237	834	0.257934606181653
245	633	0.10055598029667917
246	492	0.12327127423543614
249	253	0.10981567115885565
257	258	0.11045316488585984
257	836	0.1161979042321132
265	651	0.21024706874624605
269	270	0.19531303050988785
271	274	0.1672269032360971
272	800	0.10174832905258091
275	734	0.1346543146592671
279	536	0.13754234626608972
280	296	0.16594969434011728
280	300	0.14086653950708636
290	312	0.16920508805018114
290	672	0.10041999439113866
292	426	0.1102723268925878
293	612	0.10045169257110469
294	609	0.18393001127576217
297	311	0.11246333116453054
298	540	0.10523125074847997
308	563	0.11321161891325024
310	821	0.10651943938407667
325	408	0.1155698610577477
325	753	0.13712791480361533
329	371	0.11799516209275153
329	455	0.11609882475184989
329	654	0.10150231650384849
331	698	0.10083500036085838
344	519	0.10030169661877676
346	347	0.16045393338638336
346	348	0.10344723812167347
347	348	0.1377383017669891
347	716	0.10852924837567386
354	592	0.10690647488883886
356	358	0.26791792913571333
357	361	0.17292611144759848
357	806	0.11263556163820522
360	363	0.2655904708316767
360	555	0.10126429042046901
360	752	0.10865673671945753
362	814	0.11915131123618845
365	451	0.1395584044749655
369	373	0.12082040210901535
370	375	0.1162488965015604
370	528	0.15778949567723308
370	654	0.11218818342957684
371	453	0.1332055954399021
373	380	0.10536756969974244
373	550	0.1088240075327144
375	654	0.15628077159858444
375	655	0.12582850317042923
376	550	0.10515551539109243
378	799	0.17465972630108154
378	837	0.109442858984676
378	842	0.32665732852819435
387	520	0.10630988310018685
388	829	0.13397857076271705
406	500	0.10950103028964392
406	506	0.15440005279972413
407	573	0.10720212157037326
408	423	0.12073478532299693
408	751	0.12818064912296126
411	423	0.23353545806005352
411	755	0.10567490745794031
416	823	0.11847678996527854
418	762	0.10267013248870945
419	792	0.12786120733300116
422	462	0.1018465182648945
423	427	0.10392215317243911
425	640	0.1255563881363851
431	493	0.14743494877669
433	441	0.16884701146081516
433	445	0.1498797375800686
433	709	0.13456138531874615
434	716	0.11603237981137286
436	754	0.10588851813006643
436	879	0.13002571433730595
437	439	0.1772697810124798
437	441	0.10096171885077695
441	445	0.17554692880784498
441	447	0.12068877760783267
445	701	0.13193240653861893
447	701	0.10263870592685656
450	652	0.15037371266367117
451	654	0.1460334631853837
454	482	0.16138546400594325
454	500	0.27411183831144603
457	501	0.12290582858632074
459	831	0.1029377775489219
461	833	0.2914621886652329
461	834	0.1560825843546907
462	463	0.1283527540399195
465	466	0.19935740500818316
469	575	0.11047010044269219
470	474	0.11208473731264268
472	516	0.12940723308110016
474	868	0.18418893271346928
478	480	0.10234373165429178
482	500	0.21855638975385908
483	672	0.10159557364978117
484	869	0.13274678312376656
487	498	0.19873037084170941
488	490	0.25503261652385967
489	511	0.10911796677814467
495	636	0.10510251027391641
499	828	0.12009763040933673
501	506	0.21616229345383298
519	756	0.1481949829111172
528	652	0.1357167239756458
530	535	0.21584357137122223
537	651	0.1194112018707801
539	616	0.11272582747757097
543	548	0.19908167977565328
544	548	0.10376689664909068
552	752	0.16353647719441577
557	558	0.2042537996268189
568	580	0.12003262826383083
569	574	0.13458539899473043
570	576	0.10641689223478355
571	601	0.10242672436890012
571	869	0.10664405853697545
580	587	0.11539641151746972
591	592	0.10007689802396791
591	595	0.18207626653734582
592	595	0.14450911692812823
599	752	0.15215633492238492
599	818	0.12898542808849567
599	837	0.10017246239207717
601	605	0.10587757666279672
601	606	0.10829662706744804
620	623	0.1632196068258081
623	687	0.1070341044355748
626	788	0.11792069407992489
652	655	0.1622486626616063
653	656	0.1424558024202585
653	739	0.10236894988609534
654	655	0.24141080072325596
668	677	0.15922052926689245
669	682	0.18013861978276197
671	679	0.11201106311383693
675	677	0.12256028191145034
676	816	0.10881189955182562
677	801	0.10919357818747431
699	717	0.11835318984773856
699	720	0.2645934457437349
699	735	0.10572329290512396
700	702	0.10963898759835614
703	711	0.12863015554075824
703	712	0.1692857913004463
703	713	0.20541816733933566
704	727	0.10117022993242532
705	731	0.1386148703339536
706	711	0.13669044531986557
706	715	0.10150990417303737
707	720	0.13218018779706472
708	730	0.14711533421795686
710	735	0.20404450371809413
711	713	0.1716697285951266
711	715	0.1273666460194845
717	720	0.11608804978079368
724	727	0.21908777987807082
750	830	0.12501121419321637
753	755	0.13189527212279384
758	781	0.26842471366540904
761	762	0.10496622921046055
784	785	0.46468699318218987
786	792	0.11446052248325847
787	798	0.1449195284066099
799	842	0.35138854975344935
799	848	0.17504992578354248
799	879	0.21137123297175373
802	814	0.11347121334387636
804	813	0.1083889562718018
807	816	0.1250269666566689
813	815	0.11598597685219492
821	826	0.11248084005691456
828	830	0.12085475579526882
830	864	0.2858046969566916
837	842	0.11218170281332081
837	864	0.1789757626956865
837	872	0.16446066713978963
844	845	0.11063536282701329
855	862	0.18036735564167025
856	860	0.10778627978673685
