2	117	0.1092012277337879
4	466	0.1137309255930464
11	73	0.1947835392727964
11	199	0.1412788046978282
15	223	0.1025982394975304
16	173	0.10393682705599198
19	469	0.11244507618856457
25	26	0.28287574699232254
26	387	0.11294253874715728
28	479	0.18463189400848345
29	393	0.12289376451125611
30	556	0.15628839097493433
31	166	0.11631312078102317
31	378	0.13394138443704104
31	799	0.34452152809220316
31	818	0.14249326047994954
31	830	0.18440917448849486
31	872	0.24884405345531355
34	518	0.11256028833096698
37	39	0.24870263711043866
37	426	0.13108014482224126
38	39	0.18732706614522984
42	387	0.12101473607842551
43	48	0.31062646141912104
44	192	0.13393679750312418
50	407	0.14675277191219566
50	429	0.3015092912736719
50	788	0.101214924150451
51	660	0.1009045611629655
51	877	0.103173532797946
54	642	0.1882404256531119
55	346	0.10895060979192182
55	488	0.11954376594736794
56	318	0.10151438331810263
56	547	0.1121341955532641
56	548	0.11132035960880877
56	549	0.13947093296105545
63	64	0.2930592629570573
63	66	0.10196706789087451
64	66	0.1496940042187992
65	67	0.18699348795409912
68	334	0.10019087027129175
70	523	0.11733862482883496
73	430	0.3013787074792914
73	822	0.1384013749265151
74	239	0.10019687036360492
79	493	0.3341401315840164
79	539	0.1136849634647906
81	618	0.11319439338673887
82	457	0.16985659497186778
82	487	0.1240132901805885
82	686	0.11793735583519889
82	856	0.11420965177344947
84	85	0.22945843714104838
87	323	0.21215150717663367
89	92	0.24308890525529053
89	411	0.12071518504118287
91	459	0.12674917510637315
92	624	0.13768060723226722
92	753	0.19581568927842175
93	460	0.10157896745649736
94	751	0.13402673075350197
96	109	0.1503137118206446
97	465	0.10888012068569687
100	245	0.11853270331364865
105	139	0.1972074121166999
105	823	0.14622884369501707
107	162	0.1193090089398559
108	766	0.12741161328770095
110	167	0.17924252645015779
113	561	0.10267531500227853
114	374	0.1446801406548498
116	290	0.12558411030273833
117	713	0.13600760220779823
126	676	0.1137455160336552
127	808	0.11205375359708455
129	302	0.12769760582789444
132	244	0.14733707857686162
138	282	0.1013310956943379
144	388	0.10186394204533467
145	536	0.11325593577689008
145	542	0.14083921704252816
145	764	0.10128407140256032
148	545	0.1520233575180625
148	640	0.11246204419612639
151	780	0.10773736559952238
153	378	0.10580114211103928
153	380	0.10533783119308499
154	167	0.13772478497200663
158	392	0.12323287144873052
164	540	0.13885121459727368
164	805	0.11689606350000371
168	265	0.10039023311423635
171	180	0.2080004265784652
172	484	0.11365581444324324
177	182	0.13977115573442786
184	228	0.10149850931240673
184	239	0.14150739300192972
186	357	0.10505703906001088
188	856	0.10431873953416934
191	604	0.13785332610130283
192	251	0.11223775300316437
192	780	0.10621898949886605
193	205	0.2733285108199409
193	303	0.15774054438870191
193	451	0.11162723407850908
193	739	0.1509639611328059
193	845	0.10209424155060047
194	338	0.10111993891562322
194	491	0.10354710459631046
198	444	0.10923594186984432
200	204	0.2400773947323982
203	863	0.173818117447052
204	208	0.34632424406611906
209	641	0.1272473946020025
214	486	0.10651412352286779
214	576	0.10304593376237571
214	822	0.10390889986052833
215	869	0.11861926526050603
216	494	0.13717016185742534
218	227	0.10381234306683884
227	233	0.1990155327148606
229	622	0.12268682233162055
229	777	0.17492923639402627
232	458	0.10380513731315923
236	459	0.11100432214157244
236	770	0.10756300359467989
236	831	0.14374800163897664
238	302	0.10619682139747168
244	494	0.13225021143260468
245	431	0.1205493577863595
246	321	0.10108774412776476
247	404	0.11959905006124755
248	253	0.10905200395702347
249	253	0.13753791695427864
251	845	0.10604221251725934
255	570	0.12214048541975764
256	513	0.13357597934077545
257	836	0.10244820399169605
265	616	0.11012788694376438
265	651	0.14699030224094206
266	494	0.1180725528327104
270	273	0.1265739739733317
274	473	0.10789413675991442
278	557	0.1064835246081461
280	821	0.10867518912005372
283	494	0.12596388386714785
285	650	0.11585297058978909
285	798	0.1395834553328568
288	298	0.13425071944309985
290	312	0.168544995029739
292	312	0.17152780608720314
292	521	0.10727110932100875
294	706	0.10225387254018628
296	310	0.15124749197742407
298	657	0.156969986995588
299	593	0.1026715225694018
300	458	0.1065961902671669
305	826	0.18319711546063813
306	609	0.13013499255788358
309	715	0.11588488851012138
318	652	0.15091002709489365
318	739	0.11634876755279722
325	411	0.2803894679986196
326	621	0.10034893694870943
328	330	0.16556698260093453
329	656	0.11332187028441924
330	675	0.12114855278392012
330	815	0.10251332892393797
331	524	0.13522422572929216
334	859	0.1159967962207813
339	639	0.19255520116695765
344	428	0.16366522597799574
346	348	0.1776408885335251
347	348	0.12577472353798885
347	482	0.13028907805724263
356	837	0.12523204124049905
359	361	0.12249166599319668
360	555	0.13456556033296357
360	842	0.11668123683204282
361	362	0.11024685063835805
361	494	0.1018643530533766
362	579	0.11992577661083448
365	370	0.13839855237460505
369	380	0.12357137194742301
370	450	0.10034473031243746
370	652	0.13759310468755756
371	528	0.11936557399026264
371	654	0.18909365310374981
374	376	0.16851263416995765
375	453	0.14167342434047198
375	455	0.10282438402081714
375	656	0.1316082793090422
378	754	0.13709142043318578
378	778	0.10543453982322011
378	818	0.11362113035580215
378	864	0.11382963985225386
388	673	0.11003751875056843
388	742	0.10020993603444493
390	469	0.10270307254082965
393	542	0.266844114827248
394	734	0.12289792444663447
401	592	0.10407728658580143
405	491	0.15125919200211327
407	429	0.25314680179922033
407	786	0.1259859794808048
407	788	0.10713365336207367
408	624	0.13844068559550082
411	751	0.11571974904731451
416	417	0.10203944479918313
417	419	0.12787533161264145
420	739	0.15258301410398123
422	563	0.11110265943777471
423	427	0.3137224279634249
425	640	0.19413736914351826
426	521	0.1108676888434595
426	665	0.10656126435417508
427	753	0.22930161697602397
430	822	0.1304799287234012
433	437	0.1184866836940901
433	701	0.1399424455440357
434	724	0.10158993707956687
436	522	0.17957829467479666
436	864	0.121900306418084
436	866	0.18846420889911988
437	715	0.15132753528160275
438	443	0.31786652302748625
439	715	0.14589952463733294
440	679	0.100504685423321
441	445	0.12309767671206494
444	567	0.10472070074026361
444	727	0.10573410548871752
444	763	0.1298382461704105
448	864	0.10447312811848872
450	652	0.13375750968782313
452	822	0.15046422378384303
453	455	0.27861690959700836
454	487	0.1374375706761655
454	488	0.23856063730893975
455	655	0.14153272562921268
455	656	0.1839158395313761
457	487	0.2014170648434874
457	500	0.42977696395777165
460	461	0.13527126944560347
460	836	0.22079199139588995
466	503	0.12008359843493376
466	613	0.11618392995456657
469	737	0.11491699686161069
472	542	0.12162866988542496
472	728	0.11148321760407828
474	841	0.10322381466202532
481	742	0.11233916137841271
482	487	0.18095860437849076
483	485	0.1455939785624975
483	486	0.33868261908637853
483	489	0.25676818700118764
483	726	0.10097519943296245
484	485	0.2292908592920957
484	491	0.10882608469235687
485	486	0.2825746024001084
485	511	0.11503621640108262
486	511	0.18175782774856608
487	498	0.1297218492301737
487	500	0.1431517328347888
489	754	0.1188840973622554
490	500	0.16700317892687755
493	616	0.10161574524740227
499	828	0.13284584005849567
499	848	0.11567832458265578
499	872	0.16827043273183923
499	879	0.24891452436955253
503	668	0.13004775507029237
519	665	0.10171997049617466
519	756	0.20501050784059488
520	533	0.3407514049106049
520	651	0.10134828016503113
522	818	0.11855331526651873
522	848	0.20308587000180756
522	866	0.11323209273893195
528	654	0.10467060966600868
528	845	0.10261093288816497
530	535	0.13275092141078948
531	534	0.1407728619651955
533	649	0.10919030572252937
538	701	0.10327697410656701
539	633	0.18024466532644662
539	651	0.10623962401609989
541	774	0.11502274862839526
542	693	0.11168380019168589
543	548	0.29202908869861843
543	550	0.2749354275502254
544	547	0.14380416360530235
544	548	0.22279354842507076
544	549	0.13864605866383162
548	549	0.1287191656507881
552	750	0.15635287955372895
552	830	0.1034365875391346
552	842	0.10847882176216629
555	828	0.10114209778841518
563	576	0.15663651753310037
566	569	0.1181215911961303
569	579	0.21951756153497265
570	576	0.4237446713179754
574	575	0.12747556490101192
576	587	0.1299086945969574
577	672	0.10286333275904877
588	829	0.106768509377037
588	850	0.12973059696233286
591	592	0.1677799876369369
591	595	0.12700771232424743
591	612	0.13074521994048807
592	612	0.11065573541914425
595	596	0.274491710390021
599	750	0.1755138493110656
599	872	0.14006396059629836
601	604	0.1605576635319158
607	609	0.11238003016936905
608	612	0.11473300346717943
615	698	0.12157943410508035
622	756	0.1089825269263822
624	751	0.1482525437593483
624	755	0.13405397828019963
625	825	0.11088393121849258
646	847	0.14504045049030703
651	790	0.12062459160821798
652	653	0.10254880062316805
653	654	0.10488349104931169
654	655	0.24855480145869158
660	876	0.1010652688407425
663	667	0.186511287712368
665	857	0.21280139345297006
677	804	0.10034946549057142
682	686	0.11636746456563422
699	704	0.2500762538239083
699	707	0.33138550364549035
700	705	0.10140639147713662
700	731	0.1391149711445971
703	711	0.29980530332167954
703	715	0.1465400431096051
704	735	0.20181390080829156
705	708	0.22694670573815925
705	731	0.15218144884456633
705	754	0.10755172953849172
706	715	0.1603329490229468
710	717	0.1913256785240042
712	788	0.13032731099424005
713	735	0.10421609383175491
716	720	0.20561164530441292
717	724	0.25003320275734553
717	735	0.1517218335170528
718	728	0.1075880313433163
720	735	0.13387324494694236
722	726	0.24534718775574071
726	856	0.10044434333900412
727	735	0.29192474733934914
734	737	0.11627756796890434
734	825	0.15373952961845389
750	799	0.10537445882245987
750	818	0.12455845472290329
750	848	0.10158241039266191
750	864	0.1177020287475522
752	778	0.178627140856923
752	799	0.12636181293719825
752	828	0.12275902770496401
753	755	0.17698603713175032
754	776	0.13406916044344022
754	837	0.16510080725262644
759	760	0.11299644268974524
768	774	0.11139363372339711
776	842	0.11170752278862325
776	872	0.13737263671935068
778	837	0.11013207824675442
778	864	0.11882261879092164
782	787	0.13010393463499004
784	785	0.11036934202302048
784	794	0.12700709663049456
784	797	0.1672647925016225
786	788	0.19401715431535227
799	818	0.14043692087590243
799	830	0.24434873088585451
799	864	0.10916397295906974
799	879	0.3243702952903514
800	806	0.10305899847621508
804	808	0.10937448687253468
807	815	0.12424909744365217
807	816	0.10267248805648187
808	813	0.16145007542637388
818	828	0.17594977396688075
818	830	0.24551283381517117
818	872	0.20071029359505646
820	821	0.10090529411134483
821	826	0.22045785443162244
828	842	0.26256027954018957
828	848	0.12630594432402764
828	866	0.17871119255393939
828	872	0.2258397831964727
828	879	0.13812275673573465
842	866	0.11291585903196738
842	879	0.1820156507901612
851	856	0.2654811697318383
855	862	0.1424688669830611
