2	523	0.11173809902324094
4	97	0.1964322576524139
11	70	0.2438897004979656
11	73	0.21332463683999855
11	822	0.16155457168772236
15	598	0.11114522064356594
17	238	0.12871665574480218
18	108	0.11104329193642927
23	477	0.11867974493755806
23	732	0.11785852995367403
26	42	0.20219938342509186
26	387	0.12777010179572712
31	776	0.11030801063624436
34	518	0.23516867257149202
37	356	0.1000332285022483
37	605	0.1007044123331784
38	39	0.24476645555038667
38	40	0.22511558295226214
42	387	0.1839425413460389
44	400	0.24177488656005333
47	766	0.1002825722133649
50	824	0.2114180251124106
53	157	0.10146715315641475
54	425	0.14056938823090523
54	642	0.16283572753879516
55	488	0.12695125829311307
63	64	0.1654600296512399
63	65	0.20258940572781342
63	67	0.17136325206941266
64	67	0.1755387472260258
65	67	0.2689572076818859
68	71	0.2530055721979427
70	523	0.1475810615147664
73	713	0.1027316201548901
74	170	0.142290999098646
76	473	0.1058242639646397
79	245	0.1882542006422982
79	265	0.12714715956546807
79	537	0.19631143760310768
79	616	0.3292532649112692
82	457	0.2350285185486375
82	482	0.2101124078143442
82	487	0.15173370657670004
82	500	0.11226238182976285
86	459	0.12167041354920932
89	423	0.199087454492047
89	753	0.17027807046714183
92	423	0.22544492751895356
92	753	0.218116107049013
93	460	0.10976564036273767
94	325	0.12424888392067099
94	427	0.16901162394596742
94	624	0.176391483933323
94	753	0.11565693431539276
95	107	0.12478163982468697
95	513	0.1197551143465493
97	660	0.10629504532396154
98	102	0.1097000233268738
98	105	0.1274359258618682
100	265	0.10028572907595862
102	108	0.2196466591034166
105	766	0.21736364373572242
117	598	0.1049108142753285
123	832	0.10194855669851045
126	330	0.2340465396231081
126	675	0.11319856676572305
127	128	0.19122572188846765
135	769	0.1590520346231242
140	142	0.20898659814663284
150	572	0.10332573255700188
154	167	0.11114564225084592
157	630	0.15574060472205142
168	790	0.11726514222978343
172	586	0.10209641343039438
174	183	0.2036675402747368
176	183	0.2635751131363711
182	274	0.10554860024328774
188	199	0.20045522597558582
190	648	0.11174265450742661
193	303	0.1280315568459882
194	199	0.11492598098179424
196	203	0.14636244668592172
198	207	0.2222992165681995
200	204	0.17650384919348963
202	243	0.11098455563765675
204	502	0.14875417591696927
209	641	0.10185456997492848
214	484	0.1227373137358456
214	606	0.10045879968406723
215	483	0.11243603415312636
215	580	0.10402051844297334
217	229	0.10496283866366211
218	233	0.23959792727131113
222	260	0.13249872943075203
227	233	0.1124722968234012
235	668	0.14253499295721092
235	676	0.11868490396746763
237	461	0.14052453230666564
237	834	0.11593081486200951
245	539	0.1391304838408442
246	492	0.10669841178354002
260	693	0.10444567574054388
263	680	0.10194303764753383
265	537	0.10983030153997685
270	501	0.10249976950796828
274	369	0.13374889695570297
274	473	0.151862827915768
281	286	0.18610709297054256
285	650	0.10636145519140788
287	293	0.15635387606002493
288	657	0.10992291848902276
288	805	0.13771485210706827
290	292	0.14578467463003297
291	295	0.16996555882709274
296	305	0.10867195364502688
296	310	0.12333942378458765
311	730	0.11186720884407313
318	453	0.1229997950645617
329	450	0.12972766486036325
329	656	0.1117142611647071
333	657	0.1644088771586139
346	347	0.16882762705914367
346	716	0.11190222666798952
351	516	0.11759657391584434
352	504	0.10624325310438623
352	517	0.104515787759397
354	592	0.10439393894293682
354	789	0.10340854370072175
356	360	0.15213347862462195
356	363	0.11444046797715841
356	828	0.11405765435433196
357	359	0.1017553247395611
357	362	0.1338908454417436
357	802	0.16615991773973757
358	378	0.10495463350730429
358	555	0.1282077222938096
359	469	0.14264873112180393
365	371	0.3230465346062799
365	653	0.1296352212680716
369	548	0.13062049769512918
370	451	0.11653993933553468
378	828	0.11492497733606251
378	830	0.10449221217636179
388	829	0.11785041202600709
388	865	0.12160781147653418
391	394	0.10444033902005306
407	417	0.18013149681646443
407	663	0.12067197835882967
411	753	0.11034666160479768
411	755	0.1864841403109382
416	417	0.14938044605433987
416	419	0.11573814515130865
416	429	0.10669751006581843
416	573	0.15520882709885403
417	419	0.19942454709722393
418	425	0.107238664533823
419	429	0.28330588611446395
423	753	0.10818333188786823
425	642	0.1301801312322389
427	624	0.1040276839619666
427	753	0.19490082289032426
430	452	0.22593081578377042
430	706	0.11277927866850396
431	539	0.12686300401813963
434	698	0.23869713818705873
436	522	0.10029801525532965
436	752	0.13596063875560427
436	754	0.1205163152999165
436	879	0.17873924188952106
437	439	0.12236479536580369
437	441	0.16151891432629992
437	709	0.10193307328886753
438	443	0.2374362282753884
439	447	0.10416997053534875
441	701	0.1371273042600331
442	714	0.12780446807596882
450	453	0.11903457110881975
451	453	0.10967964105734593
453	528	0.14757913944313875
454	500	0.2044762003293406
454	506	0.10712029786304707
457	501	0.11016786911070164
460	833	0.14365084690433436
461	833	0.14767308484612843
472	841	0.11197772588989587
474	868	0.10317410100873448
477	479	0.20611602219402558
478	620	0.11862801937336354
483	484	0.17552674569701593
484	491	0.14308960329697665
484	571	0.11904078126416379
485	486	0.25238882247467553
485	869	0.18006205922631802
486	489	0.2602814807055374
487	498	0.11340548170839776
488	498	0.1159678826223818
488	500	0.10749549638090657
489	491	0.1910840177045552
493	616	0.14194357443799238
499	830	0.17942828935955196
499	866	0.10949829340071111
499	872	0.24539050161924728
499	879	0.11114138494804089
505	506	0.2667042635378133
518	615	0.1082934435637742
519	756	0.15432415743256966
522	879	0.14072997679399019
539	633	0.22658269093210406
543	547	0.11187336706944495
544	550	0.2836302768131425
547	550	0.13682459697477958
550	764	0.13632538841808714
551	640	0.11231954976237343
552	754	0.3237614428110137
557	558	0.16208406783883159
563	587	0.11656341123430763
564	677	0.11369563901506835
565	574	0.14115300202025613
569	575	0.1668007173114501
570	577	0.12307676758060662
573	823	0.2316663304231273
576	577	0.1133032578410583
595	596	0.3191950818501931
599	754	0.16414071935081306
599	837	0.11034670122106988
604	605	0.14672912192784543
605	606	0.1793784910670902
606	659	0.11758494825860234
624	755	0.24637509844557318
653	654	0.11268785100356428
653	656	0.17133752987971512
656	779	0.1141575485710887
660	665	0.11486632817372974
668	676	0.15098945497197003
668	677	0.16706308086416366
675	813	0.18602624346526314
700	731	0.1414445532607802
700	757	0.10650785128397278
701	706	0.10026392368885782
702	705	0.22975122076804946
703	706	0.1150571001352401
703	709	0.1529695600225095
703	712	0.24373510684672434
703	713	0.10193633427715781
703	785	0.12031217171492156
704	710	0.17142868890523044
704	720	0.3672686102331736
704	735	0.12430286588614559
706	709	0.11051001362148212
706	712	0.17065266727056855
707	717	0.10252159544099
709	712	0.12405416346466358
710	720	0.19469503872328903
710	735	0.10563772237275612
711	712	0.12258098310289932
711	715	0.10831214562872878
712	713	0.20815374120095545
713	715	0.20843905313325795
716	727	0.10892327507187742
717	720	0.14355992415988497
717	724	0.1457795645817919
718	723	0.10968163318417161
720	724	0.10895085226586157
720	735	0.16523752737834385
722	723	0.16278837795733106
726	869	0.10903610322004897
727	735	0.11125433321456496
730	731	0.10569486267317016
750	842	0.18927882014055353
752	754	0.15939742443493626
752	778	0.16238537983521978
753	755	0.2795342225259186
761	762	0.11767640730620264
762	772	0.1323157764891716
787	793	0.11690769890309567
794	797	0.10895984667861972
799	828	0.13606275389368075
800	814	0.15804066139026837
804	807	0.1828900950635367
804	813	0.17701623045230006
807	813	0.114104105414865
815	816	0.14872311936463312
818	830	0.15726474986145134
818	842	0.1047961451026295
818	866	0.10513168147739116
821	826	0.1901018492873567
830	848	0.16154534342432317
830	872	0.12723573971084517
837	872	0.12728663809969584
842	848	0.2384181508489617
842	872	0.10737953958060385
848	864	0.13956221186262796
851	860	0.11688336495826955
855	856	0.1313957505202583
855	862	0.23402049893303395
855	869	0.10890980253957769
866	872	0.16133498530278065
