0	138	0.11580321284272481
1	19	0.11911768529810421
2	430	0.14547989685550736
2	523	0.1343675391437769
3	425	0.12020132273671709
3	642	0.2665441944729889
4	234	0.13990218378945174
5	278	0.10650654343438733
8	231	0.15588650003925333
8	488	0.10889649531563805
8	682	0.1716856218000235
10	477	0.10354582692720049
10	625	0.26853672820460633
10	701	0.10048356285326668
11	196	0.12188722138016689
11	430	0.12789303719175318
11	797	0.11856441743983018
12	611	0.1034824914674066
13	585	0.10290522539506623
13	796	0.11440734568890833
16	735	0.12095081208438928
17	710	0.10004090390150124
18	108	0.13609205877918915
18	199	0.15040593319603776
18	491	0.15153181977413888
19	440	0.10213857300509255
19	560	0.20502485822440808
21	433	0.11475698764208098
21	825	0.10735894938032399
22	48	0.22489724666408364
23	28	0.10036929819700022
23	115	0.10589165225815263
23	137	0.1121625944758006
23	156	0.11854289725204963
23	698	0.13663681050067325
24	159	0.156345986419939
24	211	0.11553690478196184
25	26	0.2631678118926745
25	387	0.1415180300142195
27	761	0.11648983972036189
29	225	0.10159638030493186
30	363	0.10344325051042723
30	372	0.11884217620179449
30	856	0.10791850796115647
31	358	0.14203054450710842
31	499	0.11540276004595812
31	818	0.1835690509544888
31	830	0.1290872012267832
31	837	0.15956256391123377
32	811	0.1021442100165182
32	856	0.15180342827584675
34	518	0.10552227039974435
35	58	0.10188514962875328
35	472	0.1334579621893996
35	516	0.10496043191995469
36	53	0.10423558864743646
36	200	0.11275959144053566
36	733	0.11082178643282471
37	605	0.11400223799651703
37	752	0.10326183074969525
40	360	0.17788750301857764
43	48	0.1003034604552302
45	596	0.10618226310380088
45	828	0.10828277378640878
45	842	0.11100040258825229
46	105	0.14658116798874118
48	51	0.1722998349601316
48	369	0.10842959151563081
50	105	0.146777647445628
50	419	0.10778595331165636
52	265	0.1016267921051917
53	510	0.10352728391927277
53	675	0.14846717674514293
54	640	0.14762980793771846
54	642	0.31757231910391986
55	778	0.10860799279145823
56	527	0.1305564789863315
57	311	0.10298643212940707
63	67	0.19696266606865986
65	67	0.1295873331920572
68	71	0.210792169588985
68	134	0.10932891332520175
71	597	0.10728405525093637
71	719	0.10600291547080298
72	332	0.1098517762578328
72	840	0.11766652607172186
73	196	0.12158961395490878
73	863	0.11109419179618832
74	401	0.10918337760667932
76	151	0.12550289886520566
76	847	0.11728684623788987
78	80	0.10460216836487746
78	247	0.10480290504271424
78	394	0.13287431636745145
79	259	0.15335968707070893
79	539	0.3148255264823605
81	618	0.18599900115539125
82	406	0.1983956708024527
82	457	0.21058211143323963
82	490	0.12622628793980972
82	668	0.10054512020051985
82	682	0.11069666861343727
83	685	0.12241244382421208
84	85	0.11430095737507541
85	463	0.11905600470353339
86	474	0.10717040110040668
87	481	0.11602960984820128
89	94	0.1955622656635951
89	751	0.15174579870321522
90	324	0.12303190659246138
91	322	0.2043987564482495
91	459	0.2669073369570458
91	674	0.11978168176142967
91	679	0.10144611373175255
92	408	0.15046540922400087
92	423	0.22116348704925243
92	753	0.18173620255037098
94	411	0.26383208879555803
94	751	0.15307488989848902
94	753	0.23712812370919095
94	805	0.12549741990163982
95	141	0.10248687451880288
95	350	0.11599872422287498
95	759	0.10860796428197533
96	99	0.1374070160115728
96	112	0.13275592439928666
97	262	0.15478528704627004
98	607	0.11797429232801308
99	131	0.10239265785092187
99	289	0.16147397982440354
99	737	0.10234417444444593
100	168	0.10332621247624098
100	245	0.13098143674750778
102	105	0.10662323332426614
102	108	0.15317277305930957
102	139	0.19173276438087838
105	139	0.1592945585970857
105	766	0.2268935736255891
105	824	0.10925479092966349
109	115	0.19685392374214966
109	701	0.11039925485910554
110	738	0.1029698777980695
112	211	0.1353932239014657
114	473	0.11012945024922415
114	547	0.13488913401375202
116	290	0.22327258858195603
116	426	0.13543437114934914
116	430	0.10694159198027041
116	767	0.10434437125497943
116	773	0.10226303581499703
116	822	0.11261806557673384
117	150	0.11405523603395784
117	672	0.12442216225956193
120	158	0.1110121010655787
123	583	0.10021519080359066
125	817	0.14864758620391041
126	653	0.10935242855171595
127	330	0.1662255723275462
127	801	0.12210458870151482
128	801	0.1777444027179281
129	170	0.10196339679511113
130	165	0.10143794283739424
131	339	0.10616149034897589
132	562	0.10930069801618392
132	693	0.11760074933398067
132	839	0.11449337214608199
133	186	0.14861844466157498
133	283	0.11225657894384837
134	377	0.11691421376850474
134	635	0.15031774378972823
134	829	0.1259651781514127
135	140	0.11786615638040247
136	761	0.10123587921239065
138	141	0.10513393641610284
138	282	0.13560718479650458
138	819	0.1056297753237933
139	766	0.10612155267538698
140	142	0.2435985023947792
140	806	0.10472277245469856
141	802	0.1348788157965541
142	671	0.10585881977713228
142	800	0.11515049482276138
142	814	0.11222988262378147
144	557	0.1882470374711245
144	633	0.10367944975824582
144	768	0.11848928077056245
145	762	0.1034188440001138
147	181	0.10704326222339215
148	545	0.18696910508546466
148	642	0.10517884810198365
148	657	0.1116602875792644
149	239	0.10277435141335291
149	759	0.11703563969231125
149	768	0.17337951182932468
151	739	0.12568183299768232
151	779	0.15595584920841105
151	847	0.13166283498722572
152	390	0.10399012406997227
153	846	0.13715150264899417
154	167	0.14886184168126199
158	622	0.10181252774524445
162	664	0.10950315171603896
163	532	0.11305957108530368
164	462	0.10614054034022463
168	176	0.10495586499495373
172	486	0.10875269163541941
174	176	0.2869139729297228
177	178	0.2124197629279187
179	180	0.12310846813041719
181	394	0.10758041336776344
182	271	0.12797111127685568
182	418	0.10276528620796652
184	212	0.1266535484920024
184	422	0.10387011356460889
184	536	0.10185412585598753
184	757	0.1074907023038766
187	240	0.12465351392218725
188	199	0.2603018334083433
188	232	0.13879564397307076
188	398	0.11221092989316246
188	430	0.13034371048309173
188	590	0.12629094383927997
188	869	0.11515621399325883
189	204	0.16785971298853566
189	208	0.16764344256537922
189	502	0.10651322044807221
192	710	0.122109517664103
192	876	0.10911674148845277
193	205	0.2595488800912377
193	420	0.12578244391826274
196	199	0.10911254406684923
196	203	0.15414905452052327
196	315	0.13101919538274723
196	486	0.12394132677307741
197	201	0.14677942753141593
198	342	0.10645495236638129
200	838	0.11526654997105222
201	502	0.140705907837655
203	463	0.12227584012779528
203	862	0.16269142877423978
203	876	0.10868085823608181
208	768	0.10959384897046073
209	643	0.14338070295685706
209	772	0.1307488418091427
211	289	0.12971795924303095
212	714	0.11131081192286395
213	510	0.11893313371636943
214	523	0.10111091936637712
215	452	0.102757145090529
215	678	0.14386877999194303
216	246	0.10084785428622804
217	777	0.10823622637971868
218	315	0.1026816717569904
222	260	0.149657425438528
227	233	0.1795952888228696
228	504	0.15378903119667592
229	775	0.2338660346631047
229	777	0.22149919238557694
231	482	0.1893556266050464
232	234	0.1460531209295926
232	257	0.1108126129769541
232	296	0.10520338456611937
232	484	0.14390028447565842
232	590	0.10772825470812955
235	675	0.11313744245548715
235	677	0.1226870252528118
235	816	0.10739566198040665
236	459	0.2661080357254126
237	833	0.2469960631832115
237	835	0.16251015233368
238	742	0.11182572924480222
241	803	0.10596312737956377
243	557	0.13203538760230774
243	778	0.10565001296151177
245	364	0.12504065310914428
245	493	0.1550548528573159
245	616	0.32814307927035524
246	494	0.26609908985454556
247	681	0.10496570408849225
249	541	0.10145811853980004
252	774	0.11415139010435374
252	832	0.11732646840553605
253	333	0.1010558218306998
256	262	0.10136755664564086
257	590	0.105332919698318
258	835	0.18505036190975563
264	266	0.10738892211369427
264	536	0.10998882699348299
265	352	0.10082250074925807
265	616	0.16805678122092452
265	651	0.41134436569411914
268	838	0.1176950838311046
272	402	0.1616723921159051
273	454	0.10504063718918205
278	286	0.10392239388010303
278	507	0.1351210814605623
279	310	0.11590507270930096
279	315	0.11781683098706237
279	536	0.11129292921280422
280	300	0.25606446889285084
280	305	0.213001431659861
282	404	0.11175761355846284
282	621	0.12750126270739964
282	840	0.11266164914124348
283	340	0.18253124157365455
286	711	0.10284180913897498
286	712	0.10242475239719766
287	415	0.1546357755581742
288	309	0.15051190130668568
288	422	0.12300459317023583
288	540	0.18301992970881967
290	312	0.12414590401297601
290	426	0.21260895522112275
290	773	0.1767180621616556
291	295	0.4009952512026149
291	775	0.11256605919769824
292	312	0.20892632413784634
292	463	0.1381730151027509
292	678	0.11736816138987766
293	309	0.1349534518224163
294	609	0.20742313650768568
294	703	0.11556033083753456
295	874	0.10265479869563483
296	310	0.1543650859587596
298	635	0.1029244525967392
298	805	0.10626516473388274
299	709	0.14111705348539472
300	821	0.1100813418714975
301	302	0.10889117743372313
302	467	0.10196115103481347
303	847	0.110308657284381
304	736	0.1208529160409939
306	593	0.10262169535059058
308	483	0.10477966524033663
309	789	0.13210072301424755
310	594	0.13086707973955522
312	672	0.11828444515451302
316	542	0.10757130278271518
317	390	0.1386640766669143
317	642	0.1603751169279677
318	371	0.11953905339270472
318	653	0.1505633169217933
318	656	0.1206968465900222
320	352	0.15340442142622132
322	459	0.15588296830104584
323	342	0.1644127583940887
325	411	0.11137479645394785
325	427	0.11620637620725663
325	599	0.13199711512862897
327	817	0.18276308545982842
328	330	0.12460313114571314
328	668	0.10076097975564016
329	375	0.1182535103271658
329	453	0.22093834583365662
329	455	0.17550859619109482
329	646	0.1001240150788796
329	652	0.10996056459978899
329	863	0.10839609195764897
330	801	0.11907542662572806
332	755	0.13344013763193077
333	805	0.14242637742155778
334	671	0.12673132286435854
336	873	0.10864573998798013
339	352	0.11092580929798684
340	415	0.1117050352891456
341	342	0.12369094770284886
346	348	0.16154281023049014
346	707	0.10774081122109917
346	727	0.11197461781336841
347	348	0.20863422806855206
348	501	0.10755023695075744
348	706	0.1111041805015933
348	709	0.1074926598245589
348	717	0.13215017940054838
349	478	0.12438182314705845
349	694	0.111869651691243
350	759	0.11277268870836757
351	744	0.10673322271403621
353	614	0.10028759839884542
353	843	0.11938548346575836
354	391	0.14855829661333228
354	588	0.11436332094939299
354	591	0.10862673894044197
354	789	0.10931577989482676
355	545	0.10085918903827855
355	714	0.12231150035604217
356	378	0.11669615363970781
356	799	0.1129501814757023
357	814	0.11204821320639873
358	363	0.31449035810835135
358	818	0.11359649796003175
359	361	0.15587752154819162
361	621	0.14773324465446816
361	814	0.14646620406541788
362	424	0.1684041678019791
362	621	0.1379181710505994
363	555	0.11775647162380815
367	421	0.11386222870234393
367	488	0.10445105404731732
368	520	0.16530010815265242
369	706	0.13331538045619992
369	715	0.12229393332536112
370	371	0.3003299955770939
370	375	0.35561625774139927
370	528	0.1549594513946127
371	653	0.12508073069732267
372	702	0.11933071792956691
373	846	0.10295520857092005
374	846	0.11769016469049144
375	455	0.13051357446374312
375	654	0.10429257604792312
378	522	0.18930568141428264
378	778	0.14187491831205487
378	799	0.194724324219226
378	818	0.1613777007162141
378	828	0.20022272772504113
378	842	0.14532725157337786
378	864	0.22192080961921953
378	872	0.128012125205934
380	473	0.10033941071528787
386	514	0.1503808968237278
388	759	0.12342519280050071
390	615	0.10033682110038361
391	396	0.1624924759394251
391	734	0.11485762686715563
394	581	0.12824880905526273
395	741	0.10739303701804663
402	570	0.1152652414545564
406	505	0.13021576665982454
406	717	0.1481055794862665
406	724	0.11039879466577825
407	416	0.19680299507113702
407	573	0.12056460046483693
407	824	0.22484165638411543
408	552	0.12231411335296888
408	753	0.17693965342576032
410	412	0.18790966278976262
411	751	0.3357693325033629
411	753	0.19063645994042872
411	755	0.2525168896267949
412	581	0.11813644095663868
412	641	0.160550819061305
416	573	0.13810338747915035
416	824	0.17635406023387984
417	429	0.15534079713312912
417	573	0.2188440783650769
418	551	0.10802258695243729
419	429	0.2410203648606399
419	786	0.10636106077815896
420	739	0.14817393419244032
420	753	0.10295862972999674
420	780	0.16689000324180336
421	442	0.10846736199262465
421	772	0.1499326287010484
422	773	0.13710480146158083
424	630	0.27183972644756993
424	685	0.13250841751950346
425	642	0.16753090558570777
425	767	0.10129217499829166
425	832	0.15574826238847822
425	867	0.10763067409598134
427	503	0.12018992486569698
427	776	0.10344534415263937
429	573	0.25587772828292327
429	667	0.12363764803977971
430	523	0.19151920682546983
430	739	0.10431433839613817
431	493	0.2778537133610779
432	832	0.12846782404996876
433	441	0.24758075008492383
433	445	0.13739956316984078
433	447	0.19816945604084737
433	698	0.10578811440310854
434	444	0.2566533562389344
434	615	0.10366664949530616
434	701	0.1290295715700134
435	570	0.10220057488529705
436	552	0.12611354584532775
436	799	0.13252246252754035
436	837	0.2220142959564228
437	703	0.1231320999686711
437	709	0.12172453068098898
437	711	0.13786306337183488
437	712	0.1510225728878945
438	595	0.1562215865836549
441	445	0.10450662466877576
441	729	0.14970009760748101
442	714	0.3041311317041605
445	701	0.10161838122756169
445	713	0.11804403409773367
445	715	0.10769674168860424
446	700	0.2282151799432419
447	638	0.11414761074417376
447	703	0.16240343562787488
451	455	0.11291203235317432
451	628	0.1264450793028042
451	654	0.10700096161727389
452	523	0.16350881168346026
452	712	0.13130128872123928
452	822	0.44765677543245336
454	457	0.11455501226780057
454	482	0.2806541365039099
454	488	0.11166452019895001
454	498	0.14048383511762697
455	652	0.10746011809075579
455	653	0.17844467912844272
457	482	0.11917301620444753
457	488	0.11995290437825072
457	498	0.10058760106048417
457	707	0.10227857552638273
458	660	0.13049233009830027
460	461	0.1203220351673573
462	489	0.10162932063926945
463	692	0.12522826364382988
465	466	0.20222539375362567
465	503	0.14808000068122446
466	503	0.12458672807222126
470	741	0.1030605682920717
472	516	0.2361411222183242
472	542	0.12566217475693547
473	547	0.11449416927610892
474	495	0.11447697709532123
474	721	0.1492098782423091
476	817	0.11522786958273767
476	841	0.1013343368454548
477	538	0.11050629391727426
478	480	0.18791556361021367
481	621	0.12181917513225164
482	487	0.20768655465665678
482	488	0.1490452716148276
482	490	0.21422559872091396
482	500	0.19793067852343887
483	486	0.13571996374672513
483	511	0.14550319240965803
483	552	0.1427094859412178
483	599	0.12816937565915104
483	869	0.34556721149623887
484	486	0.1786137863923306
484	838	0.10860339230764972
485	552	0.10425300919017724
486	489	0.10007621510026646
486	678	0.17241208515634363
487	490	0.1929798740778987
487	505	0.11534171679854584
487	506	0.1566395995216798
488	498	0.1893790112672546
488	500	0.10533926243104344
488	682	0.1171525403376013
489	577	0.11936756645947391
489	580	0.15537582861478338
490	677	0.12785104328762098
491	511	0.10645708907430101
491	754	0.11710099792467957
491	812	0.10173112658289718
492	560	0.10343612085394029
492	621	0.10047414628721006
492	743	0.12815401510076066
493	616	0.25935198991509834
493	633	0.25451060935312675
494	684	0.10500297944752568
495	615	0.10326458427971827
496	643	0.10298575785207027
498	505	0.13680767462863866
498	669	0.11239405327098481
498	707	0.10486313509491503
499	866	0.3405263418523165
499	879	0.2100496485249108
501	686	0.11092120863121127
503	665	0.14109770749053263
504	583	0.12332040439143759
513	819	0.14498779105238102
516	871	0.2558360545324251
519	622	0.11183597715705966
522	799	0.26946617013001417
522	864	0.2725344292539867
523	577	0.10355952154593523
527	543	0.15200834925825765
528	653	0.16125633606590437
528	876	0.100343206071609
537	539	0.17129400193729427
537	616	0.18392228975816896
537	769	0.10062482500701404
540	757	0.11512855242213497
541	739	0.1123427063882483
541	845	0.12396700345065476
542	666	0.1350792311448921
543	544	0.20291459214067595
544	764	0.18738794575093282
545	640	0.1036480360319356
547	550	0.12559354869351225
548	550	0.14448344976886773
552	599	0.22448230442251946
552	818	0.11835934958008767
554	798	0.1094332668720458
556	761	0.11032874317690751
558	865	0.1405907732096975
559	589	0.10297888119989061
563	570	0.1592071145199255
563	576	0.10323192075129368
564	804	0.1214743952363811
566	569	0.12069253816058222
568	570	0.12992971583168797
568	580	0.22620095636182036
568	706	0.10255853765812344
568	729	0.10485661961506246
569	575	0.12965630728829536
570	577	0.12755664843681425
571	605	0.1507401447527354
571	660	0.10176398407183398
571	665	0.12581224796889742
573	786	0.13048242684926867
574	575	0.1349353210684327
574	743	0.14640883984312464
577	580	0.14064223056470213
578	731	0.10029804161978043
588	768	0.1429856673632754
591	592	0.16103062955511505
591	593	0.27936160465508647
592	593	0.23493112529250643
593	595	0.17654014806535476
593	715	0.10433197503435361
595	596	0.19304481611370577
596	715	0.11579770099740311
599	750	0.25509542481672826
599	754	0.16823837994021976
599	828	0.1154636290530377
599	872	0.1276379247726472
603	644	0.23156258817610165
603	748	0.10885220333420444
608	612	0.10827769719108048
608	804	0.1024281729556278
617	628	0.10022971182154912
623	781	0.12295988356409869
624	750	0.10618692282081099
624	751	0.3784960534136389
626	629	0.16059637986165126
626	643	0.12537241982564715
629	631	0.16521392671122095
630	668	0.16465186895017708
630	685	0.10477469793958975
630	855	0.15596458207188435
633	651	0.22097490403350906
634	865	0.11403938465912024
638	729	0.14879822080736674
638	761	0.14720795010680593
638	772	0.10382514210596762
642	832	0.11875153381631617
646	652	0.11348740751910726
646	780	0.1340520944106624
650	859	0.11433847057389958
652	655	0.19564286633292693
653	656	0.16361447121343115
654	655	0.11804462023252071
654	779	0.10405950622255555
655	656	0.12156399827327183
655	847	0.11246681177326347
665	862	0.11502924726713329
666	763	0.10504961574329444
666	859	0.14159777018201503
668	675	0.19955647704100435
671	674	0.10807918084245843
673	793	0.13421791524733065
674	679	0.4065453303266969
675	677	0.21051071249102776
675	807	0.10941617535206694
676	807	0.18248648584198063
685	763	0.11229831479198488
697	795	0.11595084325834422
699	707	0.10600818483241979
699	717	0.2319573814521831
699	727	0.11512480419816312
701	709	0.1111687160958811
702	708	0.1782826636534807
703	706	0.20309237137542346
703	709	0.10245118830403077
703	711	0.10664099284399196
703	712	0.10579460724119168
704	716	0.29612651798714806
704	727	0.18434005283962615
704	735	0.19466762192643028
705	731	0.22535435320845437
706	709	0.26383028402852227
706	711	0.1013037886244018
707	716	0.24477840701882855
707	720	0.10864482699627791
707	727	0.18434546248747666
708	730	0.23265260636675655
709	711	0.2754621838807495
709	712	0.3124697513363458
710	727	0.23917098341735105
711	712	0.17845909360706858
711	713	0.19604206409385294
711	792	0.12990283902422195
712	717	0.11942868183288878
712	789	0.1109740463454317
713	715	0.18658844986149511
716	727	0.23036400850107816
717	724	0.3349671632208856
720	763	0.14280788847327405
722	723	0.10740997142734704
724	735	0.24151391329755384
732	841	0.10670713037007815
737	771	0.11236203766974272
739	768	0.101797447576741
740	825	0.11769324434210039
751	753	0.18473806875576912
751	755	0.1737140696852264
754	828	0.12180453686563819
760	771	0.13952744375504003
767	773	0.13499658963710268
776	828	0.11293594842050092
778	818	0.11558931015281404
778	828	0.11739917086247395
778	864	0.1196297907735874
778	872	0.106730942067228
779	780	0.2515658179638101
779	828	0.12107308652107045
782	787	0.13707987872136104
783	817	0.10376542072567523
784	785	0.12900929685972415
784	794	0.10051974916681135
785	786	0.13612662752292057
786	788	0.1482188828047957
786	792	0.18198557601826026
789	872	0.10611838002925664
790	795	0.14435605131752763
799	872	0.21125365116773234
800	814	0.10781343238677427
801	804	0.2650239735437399
801	807	0.10119591346623175
801	813	0.13839854393834913
802	806	0.15998718672679155
804	807	0.1725862859601178
804	816	0.1519268304282252
807	808	0.17946841117274603
808	816	0.30072679857404494
810	865	0.10108572869263942
818	864	0.16654615289748176
821	826	0.14983659148616446
828	830	0.10106588940501302
828	864	0.2074108526633467
830	837	0.17795507445365716
834	836	0.2016164724374877
835	836	0.10381110863140755
837	866	0.41631971965846565
842	872	0.2170331963960792
845	847	0.1043355410691933
848	872	0.12995685777444638
851	857	0.2590944183949453
855	857	0.18395068960705305
855	862	0.1609592592773206
856	862	0.21336472163337936
860	862	0.12248987396663008
866	872	0.10015304062211376
866	879	0.29473634539931187
