0	20	0.12206647697203145
0	36	0.10774131210896123
0	184	0.11237730574153554
0	262	0.20178549487128647
0	396	0.14217309393144584
0	404	0.10866866397423913
0	588	0.15487405398181872
0	660	0.13194325792773537
0	728	0.11605441113448477
0	733	0.10396345923184315
0	809	0.12370954965741304
0	831	0.10424284831959907
0	850	0.13355783635746116
1	467	0.1026922972554418
1	643	0.10144722246841101
2	11	0.1666604625659106
2	37	0.11430455768764101
2	452	0.18268249302236367
3	32	0.19830742523269362
3	54	0.22303067498582743
3	91	0.1363116726351949
3	164	0.13086891628788264
3	210	0.10061406364274307
3	377	0.15487634747635168
3	418	0.14952472634887695
3	484	0.1046745243112552
3	640	0.21010783676279593
3	642	0.30126412219042265
3	726	0.17112716639749623
3	761	0.10133710544100148
4	97	0.20727600942196026
4	325	0.14750457009070084
4	465	0.15578487292567153
4	466	0.15726704542690528
4	503	0.12554369679256158
4	665	0.1745918607413738
4	692	0.1132933663853911
4	753	0.1424157822984709
4	861	0.1255460959364776
5	734	0.10502092735863108
5	829	0.10084046378048679
6	28	0.11389441296732755
6	99	0.1275725737632811
6	553	0.10939499098468013
6	868	0.1341963457450023
6	873	0.13155540492689313
7	9	0.16234092989915133
7	476	0.10155191944495905
8	347	0.1230055600702739
8	506	0.1564535936491578
8	547	0.15893802914293464
8	548	0.11176937021663311
8	680	0.1311610665881839
8	683	0.24412163498132428
8	753	0.10552842016664206
9	52	0.11002456952405476
9	295	0.11889257569587613
9	346	0.14285952795857673
9	424	0.10834732752592888
9	579	0.12018099369830108
10	61	0.10982319427641424
10	322	0.12138607816535608
10	336	0.13035356173437818
10	345	0.13013604226826048
10	383	0.11107837936339195
10	716	0.11321418098572415
10	746	0.12543473503585625
10	762	0.10228386526315679
10	825	0.13615222437429772
10	868	0.12483841220957773
11	73	0.11202663671400073
11	199	0.18256689180870558
11	203	0.13768555956591885
11	215	0.14268944472028408
11	253	0.14653324486995126
11	288	0.1132728022135732
11	398	0.11303254733056044
11	483	0.13140368366504177
11	523	0.4969288452933287
11	706	0.13853403843623152
11	709	0.18011271884528413
11	712	0.11380560381994885
11	715	0.1021357064804066
11	792	0.1428996030606837
11	869	0.10221057555741483
12	678	0.15587734856112997
12	731	0.10099286128116594
13	95	0.13698475258664314
13	142	0.10465703074019457
13	248	0.1030709023446159
13	697	0.10593420355427184
13	761	0.10665800855206377
14	162	0.13103782084222493
14	386	0.1005374156555174
14	538	0.10195121744315487
14	701	0.13899548989199806
15	72	0.136993390194402
15	198	0.11252433347414824
15	230	0.18090615030789373
15	342	0.10909137217145824
15	383	0.11456639531979225
15	412	0.11607507836745894
15	598	0.3283199416810982
15	623	0.10504479218212923
15	650	0.10641145516014304
15	661	0.11323765142151566
16	271	0.125988174862527
16	706	0.10122376582622082
16	710	0.10359547920091051
16	877	0.16013247372792144
17	71	0.11156052556400353
17	137	0.11178785706721768
17	159	0.13563729634893276
17	322	0.10402675009039833
17	459	0.11080593958033677
17	509	0.10684315275343399
17	588	0.10928317091466978
17	671	0.11768308149073603
17	724	0.17581997552797107
17	819	0.10306309086974086
18	47	0.11831411498629148
18	232	0.13005052232458908
18	257	0.15965189762091236
18	426	0.12098841442579496
18	484	0.1790642593617678
18	523	0.1861573071550191
18	712	0.1252115955279754
18	766	0.12314601147775334
18	863	0.1088089436308236
19	276	0.10975787761498593
19	442	0.11161560516790192
19	449	0.11191379180723035
19	498	0.10437567355909579
19	509	0.11145742727682621
19	617	0.11369102031607657
19	621	0.16630157893415112
19	629	0.1509156998256969
19	710	0.1079698600966321
19	743	0.11496993116196619
19	760	0.10764087409703249
19	768	0.12043465683583704
19	812	0.11196541343753127
20	301	0.13315593841059395
20	322	0.11907218033061616
20	388	0.1248425825899327
20	513	0.14100498609951
20	588	0.11048413654876099
21	78	0.19634118815461948
21	168	0.13336969916899402
21	210	0.12204588299423708
21	433	0.10620643970419447
21	476	0.10381741116580583
21	587	0.10294306550325673
21	673	0.1037135386508458
21	694	0.1517527761883386
21	870	0.11512746033338796
22	303	0.1077704059010674
22	650	0.11776492821541792
22	660	0.17885448860938272
22	708	0.10908306889833683
22	731	0.10432318342445145
23	100	0.11182284587028578
23	115	0.22618408548484714
23	156	0.1142649342806822
23	265	0.10652545958205299
23	349	0.14064538839025462
23	477	0.23515099727360625
23	479	0.20431980679791945
23	534	0.12064415896256282
23	560	0.10486889883560262
23	603	0.13797000968968995
23	625	0.10780022287878058
23	691	0.10038884044472017
23	704	0.1295929973071146
23	800	0.11157828887080506
24	59	0.13882025466147593
24	539	0.10031268935515181
24	681	0.11888350341896556
24	817	0.10313535433406236
25	27	0.1139066213132847
25	61	0.12266106245587667
25	256	0.1180459135553875
25	387	0.11346303267871544
25	493	0.11448564716698142
25	520	0.17684303425577605
25	691	0.11434201749870879
26	68	0.3327299760090728
26	248	0.13231316326150436
26	368	0.1324584755921361
26	664	0.113485818830482
26	763	0.11296902471390743
27	68	0.39947997884161857
27	95	0.12675804189409348
27	163	0.10485071886659811
27	240	0.1417149263273397
27	447	0.10080072436743945
27	517	0.10783716303848613
27	576	0.12380447094740885
27	625	0.10951171071266198
27	661	0.10035966259901773
27	706	0.10839669729732623
27	719	0.10017905518570339
28	119	0.1048234678570712
28	211	0.10168494104221726
28	475	0.10182753947393239
28	626	0.11049234131753544
29	204	0.10146645696157704
29	374	0.11597104975889456
29	473	0.1247612476431788
29	846	0.12058937141622708
30	32	0.10685953938983374
30	49	0.1265821265745941
30	177	0.13739660609811713
30	309	0.12377140077102655
30	354	0.10801575195034531
30	397	0.10708878256828085
30	436	0.15465735800705196
30	499	0.11056314347438378
30	551	0.4489092380592111
30	556	0.17598675974551276
30	858	0.117498805900413
30	860	0.12198700144363635
30	862	0.2643769593903878
31	54	0.14945772895089734
31	186	0.12231269355566554
31	546	0.14561942858288604
31	552	0.11733632813638105
31	621	0.11457184240942886
31	754	0.1095722945717337
31	828	0.10971854133049706
31	829	0.1240367107084862
31	830	0.17540629310629777
31	837	0.31892497836320083
31	866	0.4810254032037625
32	42	0.10057801394628307
32	51	0.11615955990913933
32	91	0.10771048211593734
32	381	0.1204846458373417
32	418	0.2860736023926235
32	436	0.10866102410167233
32	552	0.12686105945220752
32	640	0.2500288446284033
32	657	0.10689203534732529
32	660	0.10127837253181543
32	760	0.1537397388186176
32	761	0.19867633903629967
32	771	0.10802747524031371
33	316	0.1426391296064914
33	481	0.11374675518977935
33	517	0.19577676449416573
33	648	0.107924759436821
33	812	0.12889582264405397
34	44	0.21672654011751666
34	205	0.11662563726828082
34	249	0.12456507288338983
34	270	0.1421558187889321
34	303	0.14352748164920426
34	367	0.1032338501331427
34	381	0.11000184419995335
34	386	0.10491292232055527
34	418	0.1214262524772311
34	518	0.16011334633542515
34	535	0.10196006896513789
34	579	0.10614794703019023
34	640	0.12101278451514037
34	769	0.13690766830416223
34	847	0.11055138786304672
35	87	0.11640746546395213
35	122	0.11123392828646733
35	248	0.13181656843972347
35	472	0.13678975799351759
35	534	0.11835901039024296
35	546	0.11189998384780125
35	621	0.10641795432592
36	132	0.10217967094905424
36	262	0.11608574854770848
36	355	0.1027352426976924
36	404	0.1122376259709296
36	537	0.10685696868549822
36	630	0.1288652597601544
36	635	0.13384244535063006
36	802	0.1598809020124181
37	38	0.4318983614061582
37	39	0.4596934401232619
37	40	0.24951058750747201
37	601	0.10604440863798482
37	665	0.15471405140499983
37	776	0.11325538467596985
37	828	0.11679670233679089
37	837	0.13084821105876354
38	39	0.16124907600037786
38	40	0.20811421034188715
38	360	0.1406102925502846
38	752	0.1144832075111757
38	776	0.1200249726880816
38	856	0.1283174605667578
39	40	0.3626015883369349
39	363	0.11535490287870703
39	599	0.1348665947061497
39	601	0.16741512079660895
39	665	0.20512040707378265
39	756	0.13796293807362017
39	828	0.1287412454257388
39	830	0.1383817022856585
39	837	0.13948529329906972
40	436	0.1288342400545372
40	599	0.11987934822391107
40	665	0.11427374626120188
40	776	0.10508890078441231
40	799	0.14280471768275266
40	830	0.23041000670935424
40	872	0.14875120137661707
41	245	0.1177423141642558
42	387	0.18603520107566626
42	414	0.137010546501479
42	633	0.10987074290334398
43	48	0.1730428659284958
43	285	0.13965008200113507
43	369	0.11688899764525587
43	466	0.1054021605916871
43	604	0.10854926832557647
44	188	0.12040360917998416
44	252	0.14032993219254247
44	464	0.15671635054424798
44	518	0.10551439806648212
44	615	0.11191147858702762
44	802	0.1690906577466479
45	287	0.124239535948613
45	306	0.18937856266864583
45	591	0.12931895148537945
45	596	0.11454763235001886
45	842	0.10864487274171761
45	864	0.1561978316821645
46	862	0.10072579123856792
47	98	0.1563370793083517
47	823	0.11601418398103876
48	151	0.11260382962019291
48	394	0.1092097471482849
48	665	0.15584330758257314
48	713	0.11034925297998033
48	772	0.11438022099675361
49	239	0.1251718465254796
49	499	0.12640687568470865
49	536	0.10188355242675107
49	864	0.11053677385929431
50	417	0.22677207852601014
50	419	0.1910402480440969
50	429	0.194611064973003
50	573	0.211636084664601
50	823	0.185954677484565
50	824	0.15337782045069992
51	465	0.10176610315243846
51	466	0.10284991306659688
51	646	0.14842390033231276
51	665	0.13061697669319491
51	761	0.10476162525626787
51	829	0.10139209560680881
52	194	0.11123832473826793
52	651	0.1149554980411722
52	713	0.18906265822645277
53	101	0.15795492417444437
53	157	0.10169898578840832
53	454	0.15222609853701008
53	482	0.21728496665147662
53	500	0.15260144297637523
53	676	0.11991844502246851
53	774	0.12663293519820118
53	855	0.17135441021291598
54	93	0.1048587277225257
54	425	0.3807261757942451
54	458	0.11356349957420236
54	475	0.11813418229773177
54	524	0.10279578926853228
54	557	0.12924257295188435
54	730	0.1310699837738964
54	865	0.13912474353292978
55	348	0.1276506715534044
55	482	0.14925638957028947
55	659	0.10955967877683602
55	720	0.10147477256784469
55	735	0.1447599951042202
55	776	0.11296193233500719
56	186	0.11279550543287373
56	374	0.14292602014865788
56	543	0.14901306132892927
56	548	0.15475456376294805
57	425	0.15679472874930583
57	715	0.13672019651072634
57	789	0.2793492547839486
57	846	0.14441440268572442
58	248	0.11726053610039346
58	249	0.17240764801965636
58	253	0.1397508760307976
58	323	0.10090748089737679
58	355	0.11952794512289784
58	395	0.10977449171641568
60	93	0.10335375798608973
60	143	0.1314083607260157
60	247	0.10495348030936467
60	459	0.1285526356731502
60	831	0.10680268816206974
61	129	0.10678793125836676
61	449	0.14036493380325993
61	625	0.13108990686745498
61	644	0.10428123863348893
61	772	0.10191669759236407
61	878	0.13965688744062266
62	170	0.12151229965949888
62	249	0.12936191678688402
62	485	0.11431433772204423
64	66	0.10782114429621176
65	66	0.15362995298811544
65	67	0.3250821119677095
66	67	0.16091697485393108
68	95	0.14437875286580912
68	218	0.11652945809842478
68	248	0.10553643177497193
68	382	0.10503421001680555
68	388	0.10269116675369706
68	441	0.1029556784218279
68	580	0.10078322487818457
68	664	0.11383688227832006
68	709	0.13794229870804112
68	712	0.19315819890764716
68	734	0.10379512239677993
68	761	0.10572861374655415
69	72	0.2544126601522379
69	83	0.14885237471027793
69	225	0.10762118478722654
69	469	0.12955688369332719
69	610	0.1066856422250354
69	695	0.10155627146561046
70	206	0.10047305183428173
70	422	0.10361406293152667
70	428	0.14927152424887224
70	430	0.32764703447684557
70	452	0.19119359602411867
70	520	0.15692438879690285
70	568	0.10994544491097734
70	576	0.10000342281781782
70	665	0.10772815234392652
70	703	0.11468161598933208
70	739	0.10082903930114108
70	786	0.1880698259752347
70	788	0.11912560538292521
70	822	0.34754283009649645
71	439	0.12034980967258452
71	588	0.10016007572606697
72	332	0.16324704506077894
72	387	0.10744362788305878
72	598	0.1665427270630802
73	116	0.11154398136147328
73	117	0.15923753017550119
73	199	0.11112367873524681
73	462	0.13727351184415268
73	703	0.10253433316542457
74	145	0.12135194940240329
74	189	0.1669535323818158
74	351	0.13554204184601043
74	382	0.11563004499788662
74	403	0.12347235651788818
74	542	0.11010376522043494
74	587	0.10682548362475906
75	400	0.10232095642214359
75	404	0.11433160510800087
75	414	0.1341246558490289
75	520	0.10173130096277305
75	695	0.10093903123274808
76	114	0.1616187391053931
76	151	0.14958345403937698
76	208	0.12138748279752164
76	271	0.1080757722042526
76	373	0.1314237434110955
76	605	0.1337634408258145
76	669	0.11717885933905653
78	144	0.11671916430097674
78	248	0.12710788530992154
78	388	0.11146847189608676
78	467	0.11173196111948228
78	769	0.11237106122420838
79	100	0.13654940717702885
79	168	0.11678561496774831
79	245	0.1389167271850296
79	265	0.25444379085013297
79	352	0.1086339167943303
79	431	0.20938676153438926
79	520	0.10083829517926407
79	537	0.5495816765447766
79	539	0.1877445597679548
79	616	0.21441741481808677
79	644	0.15721808563949136
80	236	0.11726911011827951
80	267	0.10407611279677131
81	130	0.1768453964557393
81	140	0.10431015144599316
81	618	0.16298557396041138
81	694	0.12940055769325473
81	701	0.12293747153668247
81	740	0.11520013416889006
81	817	0.12319053548065598
82	367	0.10673241287543286
82	406	0.10833189300301163
82	421	0.10686650073810965
82	482	0.2599099078338297
82	488	0.3129967660912666
82	498	0.22296419391046846
82	501	0.13699424764882195
82	506	0.10694879142496067
82	677	0.1364078966971164
82	720	0.13565694903021783
82	776	0.12954485031736923
82	856	0.11145446661961379
83	85	0.16031846703217062
83	148	0.10048487248270002
83	223	0.12030064566571688
83	265	0.10010455900341272
83	272	0.1000964335304591
83	276	0.15967290520779795
83	462	0.20656422593491533
83	469	0.13875570336192544
83	512	0.15054289934864673
83	526	0.11639119719890996
83	625	0.11897073612090778
83	760	0.10593162340349223
83	771	0.10995505525887019
84	191	0.1041191264227142
84	252	0.11075365230671197
84	358	0.15403027936396763
84	466	0.1010648772524532
84	693	0.2152595801131694
84	832	0.14331216745001016
85	311	0.10933106698016233
85	448	0.10997346504417126
85	462	0.13438966622394077
85	692	0.15457045108206982
85	745	0.11337780908505155
86	91	0.33968495994933495
86	125	0.12198923882891269
86	236	0.1154448116418897
86	389	0.10361072475187309
86	469	0.11903724402068966
86	512	0.14721537984957736
86	532	0.11903216367529783
86	557	0.10640037130723681
86	733	0.11266245131116692
86	769	0.10367597045767397
86	819	0.16082347530777227
87	228	0.1413773992007387
87	241	0.14187648233244782
87	248	0.12932147381240927
87	353	0.12113036963470059
87	474	0.10508793454998624
87	611	0.11576473621577382
87	666	0.10903569283873164
87	707	0.13306625858786145
87	759	0.11423251664468267
88	90	0.3196924340178761
88	324	0.20155505292821152
88	611	0.10460209865537287
88	877	0.12736223608408803
89	94	0.35733199894370765
89	325	0.15959733379357577
89	332	0.10630287365815143
89	420	0.12162873390085278
89	540	0.10131413470674329
89	751	0.24011074139298363
89	753	0.13761999762671406
89	755	0.1336904867428108
90	877	0.17890574322261846
91	194	0.10702759074663157
91	322	0.14134525691047253
91	404	0.10998036889401634
91	512	0.11812950340789032
91	819	0.1533599346759761
91	831	0.13864426923307163
92	408	0.327609480799391
92	423	0.27622128336671076
92	427	0.3921359361718633
92	663	0.11119766642929428
92	686	0.10295200951018886
92	751	0.3096326068284985
93	207	0.12018161827553021
93	237	0.17683043399702833
93	243	0.11423904851083402
93	256	0.1104648719842432
93	304	0.1015550658395561
93	738	0.11127157154081645
93	834	0.169466088196687
94	97	0.10206011747554367
94	408	0.12655282921175495
94	624	0.14686455106298868
94	753	0.1312230950172695
94	754	0.17636918424024775
95	140	0.1165502402079591
95	184	0.12572600283172353
95	221	0.10357649334426568
95	248	0.10691042321592668
95	254	0.11171672820151218
95	301	0.19284138398043205
95	302	0.14790122091934316
95	315	0.1182757707743876
95	385	0.17139030081511117
95	472	0.1122421800082194
95	611	0.11503680195934078
95	673	0.1011795343738871
95	745	0.11151556143753906
95	759	0.1478130982526063
95	761	0.1181070465433049
95	768	0.10379491785482658
95	794	0.10866239136217411
95	817	0.2624351515510277
95	850	0.11629420753330474
95	868	0.11401689631111492
96	112	0.21520634773290492
96	531	0.10606261741131988
96	878	0.10528799777846384
97	197	0.1526626087184793
97	319	0.12172871397410734
97	465	0.14072210730957743
97	569	0.1263738324715366
97	666	0.1772292348046171
97	862	0.17346401760310093
98	105	0.2866364647402657
98	417	0.1695394678286079
98	429	0.10177700062078385
98	766	0.10736209814124956
98	856	0.10222001747723766
99	109	0.17014003823792093
99	112	0.1015435370709935
99	210	0.10072830337671775
99	289	0.22880732334400936
99	790	0.12189535098855195
99	811	0.101729756310047
99	873	0.15492170759043106
100	209	0.10772321142821005
100	265	0.14765771561999108
100	364	0.12158619583674436
100	425	0.10247890380511276
100	479	0.1446815108190411
100	532	0.12436875597772526
100	537	0.13462353245907477
100	644	0.13726156786887292
100	760	0.1124622355268421
100	770	0.10219906859967479
101	167	0.17784088750124133
101	482	0.11054684194551614
101	861	0.11567761956771973
102	108	0.15913751051242667
102	139	0.355604336212311
102	608	0.12219661572860721
103	223	0.10947321109920609
103	480	0.12858580335933345
103	512	0.13834354902955753
103	791	0.14815384033505183
104	166	0.1396169628033374
104	220	0.10451014440628695
104	292	0.10830379041770909
104	777	0.10187445267533991
104	840	0.10828740285822194
105	429	0.10609953430715109
106	322	0.12488813625382338
106	697	0.12782046364465752
107	323	0.10101016293479932
107	386	0.12051249769525887
107	472	0.10259477993472012
107	551	0.11141984916132867
107	595	0.11848112078052551
107	596	0.1278449732216511
107	625	0.10870827107362258
107	634	0.14568439081102122
107	794	0.10546230347391969
107	857	0.10547397311030662
107	858	0.1360023019102962
107	865	0.15694199775481388
108	139	0.2751877964217628
108	573	0.10069247479408237
108	607	0.1595919478807523
109	168	0.10389907051014198
109	562	0.18643100749272284
109	633	0.12282555877085012
109	698	0.1310729897875912
109	811	0.1142917800535043
109	870	0.17594072928368154
109	873	0.10133217617074845
110	167	0.17184220431192926
110	356	0.13321907989899456
110	425	0.10412209123465928
110	738	0.1820346067015673
111	237	0.16305457162633843
111	257	0.1453014648862473
111	659	0.1186121479597486
111	660	0.11706853605475129
112	121	0.10425600590792827
112	149	0.10271119268628408
112	554	0.10381756971574613
112	649	0.11189505436690779
113	236	0.10344497708664152
113	402	0.10119348769691588
113	483	0.1372932107796458
113	508	0.11256109257211848
113	525	0.1266211181868591
113	659	0.10783775804892448
113	749	0.1452313943910227
113	867	0.111744301386694
113	868	0.10347838180827941
114	274	0.11713541787931837
114	764	0.4877201592801475
115	131	0.1579502323810471
115	477	0.11635799709089334
115	479	0.1564726963976713
115	742	0.10685455397240137
116	192	0.10454538374549739
116	290	0.17563688537445013
116	312	0.4629753060887806
116	430	0.13780131912426694
116	703	0.18018911682914185
117	119	0.13413605821295765
117	150	0.1581244166385947
117	658	0.11376100028022888
117	709	0.10380462312962882
118	120	0.2321721398205033
118	284	0.20455103882237152
118	461	0.11088959609633085
119	498	0.13017435205324335
119	604	0.10138854722480342
119	714	0.14742168848293724
120	750	0.11194458440321599
120	828	0.10504410269463564
121	180	0.11026289366982496
121	242	0.11397659130189201
121	584	0.10969183937561898
121	765	0.10125983201279473
121	870	0.10697526624507604
122	187	0.10551218582409913
122	840	0.10116740756512228
123	137	0.10074859015223254
123	173	0.1044867518471633
123	275	0.11184760354743815
123	297	0.11545724325587836
123	389	0.11760512757197719
123	598	0.10527272631450524
123	673	0.10941701726320718
123	769	0.11029746129477742
123	794	0.12576550815029872
123	832	0.15176984129675
124	356	0.10994463985037908
124	687	0.13379121764321678
125	532	0.20326560516251752
125	557	0.11368020146093512
125	829	0.10514382425063454
126	128	0.14861319677717055
126	675	0.1157229821568909
126	677	0.166131943150595
126	801	0.14437446192540485
126	807	0.1261894859404383
126	815	0.15543275349693114
126	816	0.11169065624035679
127	235	0.10946624155559008
127	328	0.10585521949505487
127	675	0.16239102311479447
127	677	0.20832857263137333
127	808	0.1177932526679318
128	235	0.14374716045821787
128	328	0.13942785554973466
128	804	0.11508891542353314
128	807	0.10140011970367684
128	808	0.23332980259016592
128	815	0.1294782258700654
128	816	0.1673900414872866
129	302	0.14670440546973879
129	760	0.13642719553629867
129	768	0.11318199991130477
129	782	0.10163550865680905
130	236	0.11485154787198171
130	267	0.11797010120771564
130	286	0.12624365457142414
130	316	0.10496377983333974
130	470	0.10293913337212492
130	481	0.10939860650577195
130	538	0.13924365925039364
130	618	0.3027927903524008
130	770	0.11261640476008611
130	817	0.11979414762649374
131	211	0.19703726343192998
131	260	0.10623470485633062
131	472	0.12238584871434585
131	481	0.18048878744809238
131	562	0.11306774039605692
131	671	0.10297013748777877
131	673	0.10131411550496291
131	732	0.11563791183912275
131	839	0.2910516612521897
131	868	0.10910844985305658
132	316	0.10320768081531687
132	404	0.15832035291169172
132	559	0.1339024883816445
132	621	0.12481324767661685
132	742	0.13561380667321454
133	308	0.10184788178869349
133	359	0.19992606073982136
133	362	0.21206153707091696
133	372	0.13955364388473637
133	494	0.13958659682889135
134	338	0.11587843329040397
134	388	0.27517756863110304
134	403	0.10058913652863356
134	600	0.14254793919954445
134	645	0.11022472828197862
134	688	0.18451376594102054
134	733	0.10885625569262442
134	742	0.22081198929980406
134	769	0.1282847242629256
134	829	0.1238956189245106
134	865	0.10423055341409007
135	140	0.38917195207387434
135	301	0.11024664647883832
135	400	0.1054285610499121
135	469	0.1174856338750267
135	512	0.101193155714821
135	513	0.13135429273355498
135	516	0.14251803781042113
135	658	0.11798951007533919
135	689	0.10501167972838224
135	733	0.11367359831273759
135	769	0.2210976645483152
135	771	0.10413221192010721
136	156	0.14487981514296533
136	336	0.11441587167449266
136	477	0.1122549892138613
136	647	0.10457991913262488
136	689	0.11258958011100992
136	841	0.18912710597258456
136	873	0.1299909086187413
137	313	0.16826395708789676
137	326	0.10634209579789007
137	327	0.12678625755501538
137	342	0.12677567056426994
137	459	0.10130526175970071
137	504	0.12029829751637126
137	562	0.12524887310658595
137	701	0.10643349322629737
137	737	0.14578587960236403
138	204	0.11348902405691141
138	264	0.11372497152767284
138	367	0.10126172073370117
138	379	0.1726893199916743
138	410	0.10456206574889566
138	566	0.10332170229713136
138	684	0.11725048774305108
138	806	0.15606766141263426
138	814	0.14704350742231873
139	764	0.10070523568268668
140	150	0.105730721057556
140	282	0.1209829107975259
140	381	0.10042434429281552
140	442	0.14475569085874607
140	658	0.11057998058071077
140	671	0.12279669098545648
140	694	0.1086777739345367
140	741	0.10509043032184592
140	759	0.13952929781109896
141	190	0.12123506302308117
141	359	0.18156046568962578
141	362	0.11399094882845483
141	367	0.12351649076617269
141	401	0.1286167718687864
141	536	0.12732609844084808
141	554	0.10205814182223359
141	569	0.13183755362466337
141	584	0.1148326313878805
141	666	0.11660615954772452
141	768	0.11298198018906791
141	865	0.10277783594761486
142	220	0.10219938283166653
142	336	0.10385192018579625
142	410	0.10077398989187392
142	445	0.106577147583861
142	446	0.1279398432081498
142	569	0.12035369457183188
142	604	0.10280581688377843
142	806	0.11429015807433053
142	814	0.10721419933597862
142	840	0.11432313931221173
144	264	0.10984934928582787
144	434	0.10765427943232247
144	513	0.13626820807512321
144	634	0.1253635591942943
144	635	0.12230442874468485
144	719	0.11984130323798331
144	829	0.1238632175553588
145	149	0.22402727235195447
145	200	0.10584579008774123
145	208	0.11399582685965627
145	271	0.10480765014887806
145	288	0.1865823634725832
145	369	0.10161154924836387
145	502	0.1460550665506734
145	549	0.1191176779594044
145	633	0.10200657406279076
145	647	0.10094617794370757
145	662	0.10813546032062357
145	733	0.11862237623734424
145	759	0.11877716886168027
146	247	0.10556717850637859
146	516	0.10533949542852343
146	633	0.1442187152201136
146	841	0.1232630481821882
148	225	0.12644384859411942
148	613	0.12571891114698605
148	642	0.13399547442447127
148	747	0.10720980181475956
148	781	0.11781317458115934
149	184	0.17765092776245828
149	198	0.10894056581647907
149	264	0.11090329351060114
149	279	0.12295616839742285
149	536	0.19619883538886018
149	696	0.1112933649704035
149	768	0.1414332742236636
150	705	0.1251285059235368
150	759	0.1453088580517538
151	193	0.19558872783106876
151	205	0.1438485759876687
151	318	0.24371710381286793
151	555	0.1249745057329356
151	654	0.12467922796166825
151	696	0.11157502952963562
151	779	0.18100298371946738
151	780	0.10126740311921263
151	861	0.12553783766345059
152	644	0.10238863832701127
153	373	0.20596118557766457
153	418	0.18685605499712005
153	473	0.14493433416750273
153	487	0.12264936562539079
153	499	0.12169014268704081
153	640	0.10223907028252825
153	780	0.1014939583840573
153	828	0.12190884111667166
153	830	0.132428660974428
153	872	0.13134451980882356
154	167	0.14375228073521415
154	423	0.11117715004847485
155	278	0.10664806789511608
155	389	0.22913746257326773
155	545	0.11057224651876997
155	584	0.11231497298342467
155	606	0.1284381229661474
155	865	0.12024537841394281
156	224	0.11466537809153783
156	403	0.1435819745046312
156	691	0.11532675030294588
156	732	0.10557270086371456
156	838	0.10507049239050058
156	875	0.15014941550566344
157	231	0.10235349983198387
157	338	0.1290678697301417
157	360	0.11296991193720612
157	424	0.292439334687303
157	498	0.23297848310617447
157	506	0.10053816558433591
157	555	0.13500797753509558
157	582	0.13651021152657464
157	647	0.11726127948462106
157	674	0.12064191794124593
157	675	0.12224539622862635
157	733	0.11506163610760559
157	851	0.10589693104538571
157	856	0.10550406861556623
158	284	0.12302140452599916
158	392	0.12902180408682073
158	552	0.11289376161228218
158	560	0.11730353357250176
158	837	0.10137147850889655
159	477	0.10768470761508017
159	819	0.11081935252176721
160	170	0.1074062492995607
160	578	0.18058513138682597
160	695	0.12901036651583167
160	772	0.12979790237707922
161	252	0.13945122895999612
161	481	0.11162371654385299
162	223	0.10219743134395028
162	399	0.14174950382499385
162	504	0.1302824806921055
162	538	0.12958187363743537
162	600	0.11568170006195537
162	701	0.10247804722747415
163	493	0.1190039734600842
163	515	0.12390501446572921
163	532	0.1416711916931114
163	563	0.10015217613571947
163	644	0.13690046484119678
163	784	0.10805434563943081
164	225	0.10586826398832505
164	288	0.28014254131523253
164	306	0.1675489751031909
164	325	0.10868428258863563
164	342	0.10014226608517324
164	540	0.24075366360826836
164	598	0.11358215000666944
164	642	0.1160872132572829
164	657	0.14782848925186737
164	660	0.15063605231134358
165	316	0.10690701666288595
165	403	0.17113753740806284
166	196	0.12789534875988232
166	226	0.12373956831333835
166	308	0.12009464219304858
166	359	0.10468250784414151
166	378	0.20251884401409656
166	499	0.12154043360628025
166	541	0.10292528765888359
166	830	0.11592922591269769
166	864	0.11602235742300485
168	245	0.162147241670744
168	265	0.20455400291468998
168	537	0.10971704450644515
168	539	0.12977151056124983
168	616	0.15258115792349644
168	673	0.1103277335690291
168	769	0.1033762758709904
169	740	0.10609013956739954
169	747	0.11745260872134085
169	867	0.10217939177557904
170	286	0.11773948030810842
170	302	0.1021952268827752
170	373	0.14067551590997932
170	437	0.10437680506302921
170	499	0.15017158542551187
170	576	0.10278839565930639
170	638	0.10656630315314196
171	172	0.17414003185757218
171	174	0.12076996525451959
171	183	0.43886172841406346
171	219	0.13637982430251488
171	400	0.10637933559381106
171	403	0.12468320977791734
171	456	0.11224974582477099
171	664	0.12059894801705555
171	831	0.12173368504277474
172	179	0.17248740224501855
172	183	0.24742052865721462
172	228	0.10477541665081755
172	232	0.11552499066753087
172	279	0.12313418148454296
172	366	0.11683093501704978
172	397	0.22174029565021283
172	405	0.1154454302835758
172	484	0.11259580600480641
172	522	0.1027507893155644
172	590	0.14501514590572548
172	826	0.10196681449232442
172	869	0.12671374048886477
173	794	0.12048698081740729
174	723	0.12245972498616588
174	812	0.130556430140473
175	210	0.1170236273969559
175	236	0.10793690096865438
175	403	0.1338671192348175
175	520	0.12085642579710978
175	811	0.14701707161849314
175	831	0.16208460624707985
175	850	0.14335248179504784
176	183	0.12840896279474948
176	194	0.10849590668681616
176	208	0.10391119286010397
176	264	0.10037527707730583
176	358	0.10384046598574728
176	554	0.14620465865377597
177	178	0.1271745471509458
177	182	0.5223987988044942
177	393	0.10685076873331492
177	547	0.12196249217599969
177	662	0.1251831889276079
177	680	0.11605499239180837
177	772	0.11412595420297528
178	182	0.202735620372718
178	200	0.11092025883097739
178	274	0.10272268716386086
178	468	0.11425303526982371
178	509	0.11621391135343886
178	548	0.10659744598477945
178	762	0.1165988382349517
178	849	0.11300666350933557
179	180	0.1458989976320443
179	227	0.10374090395705257
179	315	0.10866528892015948
179	366	0.10462144650358896
179	397	0.19673560090555334
179	484	0.15599440035913104
179	723	0.12087909512240655
179	826	0.10038417094495891
179	869	0.14648079043014112
180	227	0.1394725726273842
180	393	0.1085997279198467
180	723	0.18492753163760076
180	819	0.10315155038436166
180	831	0.12457463228940133
180	851	0.12457585222581426
181	219	0.10534707860902191
181	282	0.10651970668030919
181	391	0.12263202834389347
181	763	0.1366660975935711
183	228	0.12564745041314532
183	232	0.19545160014304686
183	233	0.10739376420564974
183	279	0.10058677131782362
183	664	0.10915199429849773
184	212	0.12490394654486134
184	404	0.10276758120322654
184	492	0.13392154156563807
184	536	0.12177896532913489
184	579	0.11678257839943589
184	588	0.20354514468141433
184	614	0.12976390373216987
184	733	0.16483191015312706
184	759	0.12000495517207856
185	513	0.10858469619254274
186	357	0.11514600884400726
186	564	0.10811067408948856
186	574	0.14002409013326225
186	684	0.12004918445746961
187	207	0.15607498803735181
187	261	0.12604218748679644
187	316	0.13548331220067222
187	556	0.10181742569640179
187	641	0.11233553530559144
187	768	0.12796487876404752
188	194	0.13641270362384625
188	196	0.21023225113126565
188	203	0.2624489353583639
188	258	0.13047344980904957
188	420	0.12932257605310798
188	455	0.1340438097974664
188	463	0.1036748027233963
188	486	0.13233256624149564
188	497	0.10321122201108737
188	528	0.10192693032766888
188	578	0.10246572214665811
188	617	0.10005602983488376
188	646	0.1307416387056439
188	822	0.14139878633639816
189	195	0.11128184387493567
189	204	0.38727838255804914
189	225	0.11977631143685596
189	382	0.16473970408498934
189	679	0.10365376214535439
189	680	0.1149602678688431
189	685	0.10112907505769775
190	285	0.12205605343352499
190	295	0.141459867351526
190	867	0.1028087905238519
191	358	0.10942123806964389
191	412	0.1279799186341605
191	439	0.10675211695012034
191	491	0.11187047137726633
191	571	0.11133868775442515
191	601	0.18533600905498804
191	605	0.17491148319063865
191	767	0.11283221935317933
191	784	0.15665341307870934
192	251	0.18150530474673848
192	253	0.17007972636757895
192	441	0.10913196640904818
192	445	0.11722976952859708
192	483	0.12663068416396572
192	485	0.11612141114652844
192	486	0.10095891052326166
192	726	0.12396752666538456
192	735	0.1254735203554345
192	837	0.10825830182641645
192	838	0.10669019265576855
192	864	0.11389462418866975
193	205	0.1573269064741118
193	318	0.11125414491691629
193	370	0.10179135937051066
193	420	0.1221128251631515
193	527	0.10950859383021226
193	646	0.11307882398170993
193	654	0.13385072924410144
193	696	0.14033589064320867
193	779	0.10629082488262775
194	199	0.224495558739022
194	257	0.10864296132982616
194	338	0.14346107533963062
194	388	0.12565272322787488
194	424	0.10742105483146996
194	430	0.10277312161913997
194	452	0.10546182032788176
194	468	0.1350298529610218
194	484	0.1188498507194667
194	486	0.14468077720414813
194	630	0.11217259102561601
194	635	0.11493204898204872
194	726	0.14709923111001064
194	857	0.13731745830339587
195	204	0.12584595590603215
195	334	0.12255192439684112
196	203	0.5236820561426684
196	256	0.11490853077107568
196	260	0.11246062229511848
196	315	0.10322019072202371
196	491	0.1085290973085328
196	541	0.12011855378943057
196	693	0.1295416018933585
196	862	0.11202408433936166
196	863	0.12010018814432294
197	201	0.49404617642490234
197	851	0.1096381058835625
198	270	0.14743893326098723
198	346	0.15692656633965568
198	348	0.1712012349277042
198	363	0.10171531152219637
198	442	0.1240311446789366
198	457	0.12558484470311523
198	588	0.10579834618472177
198	661	0.10822156928556581
198	682	0.1425479770220119
198	707	0.1399783527973747
199	203	0.22085373569654237
199	253	0.19211697884376333
199	315	0.11052967831887632
199	450	0.11153940357172985
199	590	0.10010212482953275
199	628	0.14701625630958717
199	857	0.22816090322836455
200	208	0.28632423821671626
200	225	0.12911806441452814
200	231	0.10465979882446533
200	351	0.13342678189959295
200	398	0.12886668382304892
200	544	0.1665626035410386
200	580	0.12359607444691399
200	851	0.1478952546601382
201	844	0.10233870970408059
202	243	0.10414828545749409
202	506	0.1061419094474882
202	603	0.11821042074239058
202	627	0.1023732028817193
202	645	0.11106436953421897
202	646	0.10274446938354473
202	699	0.12313294967354221
202	781	0.10856352126760824
203	253	0.11601576756165662
203	256	0.10625188872270483
203	315	0.15542568990786218
203	335	0.10514285951308762
203	365	0.10192900734758467
203	375	0.13462002743434903
203	491	0.11270957198572676
203	497	0.10342497859648686
203	655	0.1473170365089479
203	693	0.10759255615545575
203	739	0.12376953638648637
203	862	0.10310526678918919
203	863	0.13807638943434633
204	263	0.13484110795227006
204	308	0.14016116096962916
204	382	0.14369740777015752
204	393	0.1205423171641586
204	411	0.11762943976128935
204	550	0.11175332100250568
204	679	0.10874352389783881
204	680	0.12513436269851827
204	745	0.1421592027973683
205	303	0.250198112339497
205	451	0.19094180763081017
205	458	0.10035308691040432
205	528	0.20218341116977082
205	646	0.14684139497257592
205	652	0.10683371724984468
205	653	0.19407259934445867
206	502	0.15124592515787078
207	243	0.11642250548527752
207	299	0.1362748177570546
207	332	0.11270135167868178
207	509	0.14352763338552274
207	626	0.12156783607317069
207	704	0.10138343676523075
207	718	0.1311186150663043
207	844	0.12954816358297774
208	284	0.12647792903129376
208	406	0.12935239489218736
208	448	0.1469671517842104
208	851	0.13429847717676727
209	245	0.11545678283303722
209	327	0.1430409288181288
209	535	0.10110373128992467
209	762	0.1016709360001986
210	238	0.12428975687166852
210	289	0.16791264450576993
210	404	0.13323588455499333
210	441	0.14543540557784546
210	471	0.1198542166694563
210	515	0.1575490736060331
210	870	0.1212603895496886
211	268	0.15957526047994858
211	326	0.16456003923455195
211	327	0.12265561889800558
211	412	0.16070643083269082
211	433	0.19294322736684769
211	437	0.10118654518897202
211	507	0.1353132520315602
212	239	0.23910951310341905
212	264	0.2029668542611446
212	342	0.10135189446651541
212	401	0.1479818910415119
212	743	0.10887498599361094
212	763	0.1015058881303762
212	829	0.13807834890851312
213	216	0.12348924407555689
213	244	0.1253492736961363
213	278	0.15310010713819136
213	367	0.10275739087637611
213	442	0.13702177212683914
213	510	0.14957571524546404
213	611	0.10867325320936184
213	643	0.11937728497817678
214	483	0.14693217778682927
214	489	0.11976980272792
214	576	0.10775910282351343
214	604	0.16387505131205035
214	672	0.11507164715659889
215	452	0.15792853993856365
215	483	0.18746363364748364
215	489	0.18589929000521527
215	523	0.101490164827063
215	561	0.11257296816205872
215	580	0.1999544596270856
215	869	0.2718368505301985
216	340	0.1479504083353551
217	229	0.10721913259633627
217	353	0.1597468895585321
217	775	0.15703437794920336
218	227	0.3613251586847186
218	589	0.1252783877942966
219	282	0.13394704764875112
219	335	0.11082811983576571
219	513	0.162337468667445
219	635	0.16874311559943353
220	381	0.11881564449685932
220	425	0.11818474455280503
220	636	0.10066164052601555
220	708	0.111091137653294
220	749	0.11289423193989805
221	317	0.11040266262101447
221	472	0.10296348860780792
222	367	0.13108697929412008
222	381	0.10549490833880579
222	679	0.11349097339065092
223	265	0.1055766871336883
223	276	0.10714270719475787
223	526	0.12423162586082823
223	538	0.12748484437306803
223	578	0.12968213437442172
223	610	0.11072384338007624
223	647	0.10603528255116543
223	772	0.11302121926508386
224	435	0.10508619994136284
225	261	0.10958273511424381
225	662	0.10294792376007694
225	876	0.11349077057163388
226	414	0.12046747095102103
227	723	0.13938249860575724
227	726	0.12098666261100312
228	233	0.12637572846499714
228	248	0.10413885177644237
228	301	0.12669138076515893
228	319	0.12972989522849013
228	361	0.10501421739306864
228	587	0.1031679166035554
228	855	0.1136331237445746
229	482	0.14265411469391284
229	614	0.13846723427998325
229	626	0.13516927937300133
229	749	0.15263439747734836
229	775	0.5023688146244601
230	297	0.11197077490398208
230	298	0.10741574297007542
230	333	0.10695008953644711
230	384	0.1715690926948455
230	657	0.17321960425285407
230	661	0.1494774251948439
231	454	0.1083847082422823
231	501	0.1962136322139474
231	506	0.1431149155535667
231	669	0.2279465019992315
231	682	0.18673956037022577
231	683	0.1387847742984698
232	234	0.12454413655862019
232	319	0.1679654440125683
232	489	0.11255618454087686
232	594	0.20417072547949228
232	703	0.13535444763565396
232	855	0.12480577096397603
233	319	0.14654494077454516
233	339	0.10419063999877413
233	444	0.10940539007378076
233	742	0.10739719755612925
234	391	0.11044647137955262
234	457	0.14579074435326062
234	595	0.11722269091893688
234	680	0.1215929071667369
235	676	0.12699916465462588
235	677	0.16085687172931656
235	804	0.15981023735390698
235	808	0.11090503663815236
235	816	0.10678631279142262
236	275	0.10736534601461463
236	297	0.12692934061612438
236	532	0.10187712313640901
236	586	0.13205039917825576
236	671	0.11991438576900085
236	765	0.11170763904207871
236	770	0.17072649131457038
236	831	0.13290605059283114
237	460	0.5312762386088244
237	586	0.15061832572817274
237	833	0.3616325766001327
237	834	0.225038365194122
238	289	0.10167672511318947
238	404	0.1650791099993866
238	434	0.12105346407207772
238	475	0.11947052894767395
238	812	0.11504130944183925
239	357	0.12909058526452635
239	542	0.11746910864695771
239	559	0.10096089640219398
240	322	0.1232163498666672
240	625	0.11827466433825785
240	681	0.10229199773240098
240	697	0.16556022888562616
241	301	0.10686628991818323
241	479	0.13189975008649402
241	513	0.12899079519357567
241	542	0.11512945960275883
241	638	0.13308864652916144
241	697	0.1063623497005906
242	567	0.11389351329726638
242	721	0.10021897769066236
242	740	0.11714808808336981
242	865	0.11464159975507106
243	247	0.10008908120413144
243	252	0.14951205666094197
243	356	0.11009789167840789
243	358	0.10062608600033993
243	480	0.11310194783083106
243	522	0.16467315045108954
243	551	0.10011325264498752
243	637	0.10076250331286167
243	828	0.15540786535160953
244	264	0.12309084184956146
244	321	0.11673765872328981
244	684	0.11543296311863924
244	743	0.10350172299594403
244	757	0.12696182854120816
244	814	0.11213004104501154
244	838	0.13073446348243223
245	265	0.2744945360754365
245	389	0.10143688174360657
245	512	0.10148557348464887
245	537	0.15548832648754884
245	539	0.48581318436872517
245	616	0.15688817985812428
246	340	0.13197602554981183
247	259	0.11123608230805879
247	469	0.11559651816906909
247	474	0.11407872624844605
247	495	0.3238930783313347
247	504	0.1216431734046764
247	516	0.12200666621614911
247	538	0.13139956790568422
247	618	0.10044088806015208
247	721	0.16205691738687292
247	742	0.1284646964996387
247	782	0.11876246438633513
247	841	0.1413924913626119
248	249	0.17601499692973466
248	388	0.12116259182929144
248	520	0.10038228990485076
248	687	0.23159242246230113
249	251	0.15369447046555823
249	253	0.16954503239148133
249	558	0.11870330194696913
249	568	0.11162459773085541
249	704	0.1080404034255174
249	715	0.10554822173012389
249	845	0.11722746011085478
249	856	0.13834735940456977
251	422	0.10287605552803002
251	437	0.11757127157287729
251	441	0.12998100647019006
251	445	0.11839646564745357
251	518	0.1370227982032829
251	587	0.10227786245499494
251	838	0.17832501682811386
251	845	0.14061874379528957
251	863	0.13361674895724254
252	364	0.11243346283871776
252	832	0.21147823675845848
252	860	0.10472983409988082
253	289	0.15391932180729795
253	530	0.10337464642116008
253	643	0.1019361564162916
253	649	0.13278162726249032
253	706	0.15754241420851278
253	712	0.14485107210633094
254	803	0.10469530757852047
255	420	0.1807978859327311
255	484	0.10849139164352838
255	485	0.12614988387196435
255	613	0.18900282349290343
255	686	0.10367703439120807
256	308	0.11226698405672052
256	312	0.11964201096125772
256	350	0.10579001847378869
256	385	0.11304621438956855
256	412	0.14147607526037675
256	481	0.10183851599723866
256	716	0.11364405656869637
256	763	0.1772771071306723
257	309	0.11594717088771925
257	430	0.13846134875549085
257	484	0.10248174841500889
257	485	0.1400965388911258
257	630	0.15262007538506295
257	723	0.10644580884376761
257	726	0.13646051213964963
258	586	0.1498308666285936
258	628	0.107884013780869
258	738	0.12923249902540918
258	833	0.1288719797579522
259	368	0.10451148509838054
259	746	0.11397553659425823
259	747	0.10911283303668513
259	843	0.11451018996573537
260	277	0.10879726183358622
260	335	0.11836247066121997
260	475	0.100041239414359
260	497	0.11126795191910283
260	516	0.10944997382315337
260	619	0.11595300752602387
260	705	0.10833393617669436
261	679	0.11849201537458594
261	844	0.10927869106058512
261	856	0.10708475115336147
262	586	0.11303698973750778
262	613	0.1445338372121604
262	728	0.13504133389859957
262	805	0.1639857414364085
262	831	0.12792900382888114
262	859	0.17782550059093896
263	393	0.12239110730729616
263	502	0.30509106503319394
263	543	0.12122707699569421
263	592	0.1252664025418863
263	680	0.1490349642036328
264	266	0.18166717066702387
264	279	0.21687386834860264
264	536	0.19536624774423703
264	575	0.1013728046107755
264	579	0.15517944112045334
264	634	0.11421057622396866
264	684	0.1014706244634267
264	718	0.10436202642315075
264	806	0.12367199123717193
264	829	0.13668204998012157
265	352	0.11781598750003268
265	364	0.11896553385101533
265	537	0.16438595960536656
265	539	0.20416752681570532
265	616	0.1562012949956824
265	793	0.10403025615415311
266	359	0.12333177254549733
267	268	0.13833730927608792
267	322	0.10778582405521964
267	326	0.11863292152475588
267	331	0.15174236080795464
267	382	0.10309040146924324
267	495	0.1335056120370285
267	538	0.2874656928939839
267	740	0.12737584372376534
267	867	0.1309221990861728
268	402	0.10659942644643582
268	435	0.11149853047120242
268	560	0.14938080882087848
268	647	0.1405891006697188
268	736	0.104109535792349
269	270	0.33085017573524167
269	498	0.116525130625022
269	760	0.10240247535169196
269	803	0.10623379867109674
270	457	0.11689100534489405
270	716	0.10245492744509392
270	829	0.17233496720979954
271	273	0.10092753619648505
271	366	0.10436599631334777
271	369	0.16779842090714053
271	373	0.14578173728878235
271	380	0.17065431334068332
271	473	0.1407915390943176
272	361	0.13011091786539566
272	746	0.10906459856112512
272	814	0.1678045510698436
272	878	0.1200063724019697
273	406	0.1223694212398585
273	500	0.12589069446486414
273	505	0.11757699355081262
273	506	0.10305867385791147
274	418	0.13228276056445085
274	764	0.15840162551676532
275	469	0.10830539476266078
275	559	0.149630038035972
275	560	0.12445441719975582
275	586	0.1041927430055599
275	701	0.10524030807663183
275	738	0.13300475696915393
275	743	0.10026567724424595
275	812	0.10656385132281765
276	277	0.18555997357570383
276	409	0.10377813643021915
276	480	0.10958622167500963
276	632	0.10159624534855938
276	782	0.10507293448820396
278	583	0.11001290623037205
278	584	0.1810536956350868
278	625	0.10272131093470765
278	634	0.13255494158928577
278	643	0.1018653963727257
278	721	0.11098571703540278
278	760	0.14535059704960196
278	814	0.13154103292682626
278	865	0.16848605551728396
279	280	0.16822707553420066
279	310	0.1818990761629484
279	536	0.198986481580043
279	542	0.1082539660286709
280	300	0.14546582503944575
280	305	0.20424554417544402
280	310	0.3038123511802906
280	365	0.18113854532799764
280	375	0.10424740691118498
280	826	0.2142461270198005
281	282	0.11269449730656281
281	286	0.15515711074437494
281	303	0.11730718902472409
281	420	0.12216556668340531
281	615	0.10232582063909988
281	621	0.13595351635035033
281	632	0.13762382778405569
281	647	0.10492040916876874
281	844	0.127918918678574
282	322	0.10291779632170442
282	372	0.12686604467035692
282	385	0.124378218076071
282	434	0.1634494296963909
282	442	0.17267841577172965
282	475	0.11016133779023882
282	492	0.15940171967072075
282	589	0.10816966381855893
282	598	0.10204247604176075
282	621	0.18884276724103638
282	806	0.11973348871893758
282	840	0.15491488191783365
283	321	0.1741754711986564
283	372	0.10581809918906968
283	684	0.1337867080808192
284	392	0.13339958477075564
284	744	0.10326016989156006
284	828	0.12246228468562449
284	848	0.1494569101127004
284	872	0.10231514539425846
285	295	0.22601500795588061
286	576	0.1051867610052014
286	632	0.10149744428976291
286	701	0.14836938410560677
287	294	0.11074137215567897
287	306	0.13780681794287583
287	595	0.1582608068627531
287	706	0.10184388380922867
287	789	0.16330117786383305
288	299	0.11270157582804394
288	402	0.10328399078918624
288	533	0.10294788347346526
288	540	0.12118307053284079
288	541	0.10217818541918333
288	805	0.15446512972592694
289	341	0.116964145417033
289	577	0.10607695607578775
289	615	0.1044261270759994
289	643	0.12535578161256333
289	650	0.10521079390934643
289	800	0.10547710831278445
289	825	0.11476472943662976
289	838	0.10235087785646388
289	868	0.13992142181119988
289	873	0.10203977667236916
290	312	0.3123509618434113
290	556	0.11299559070144481
290	709	0.12385808504461514
290	711	0.17781849631483793
290	773	0.10191335527170921
291	777	0.1070549685199444
292	308	0.15729391371370405
292	311	0.10939312017715287
292	366	0.12123770481427519
292	369	0.10775460510834566
292	421	0.11340464252825773
292	422	0.13006677416664178
293	608	0.10379442074724468
293	712	0.12688526140149745
293	713	0.1146088154637565
294	309	0.10535848892416975
294	415	0.1584785064558057
294	438	0.11937912958453462
294	595	0.10029436228439277
294	609	0.13197105356573885
294	612	0.2089365975024519
294	706	0.12475414367353305
295	454	0.10681743833772361
296	458	0.11560606898201137
297	351	0.12902758607280496
297	647	0.10222507548290072
297	731	0.10683924347612864
297	749	0.121326548495558
297	838	0.11841307561780495
298	613	0.10443437980032279
298	805	0.15525827069569
299	443	0.16224987778321723
300	305	0.22048364649906554
300	397	0.1417132015767025
300	821	0.24517614327105533
300	826	0.2055423299028115
301	302	0.11560550400411335
301	533	0.11484201205800612
301	542	0.11238667515652383
301	741	0.12580559515337414
301	759	0.1484975498803042
301	783	0.10441380791576159
301	787	0.14728016420408646
301	843	0.10011324076774165
302	319	0.13631427248528172
302	400	0.12183091597552301
302	434	0.10382374473668884
302	515	0.1439117992971917
302	642	0.1030443999770631
302	644	0.12569652620345892
302	698	0.11275941415402492
302	760	0.10026855045903543
302	768	0.10764346818980997
302	868	0.15027358909245112
303	418	0.10737462315796138
303	453	0.12165686738020084
303	646	0.32483886928918315
303	845	0.2765450474005705
304	718	0.10427939604545854
304	736	0.10249891378930949
304	832	0.10269736374599225
305	826	0.12821583568171552
306	596	0.14006309233062691
308	312	0.1135450058279018
308	382	0.15042631007010776
308	402	0.11021605182629583
308	483	0.1864157225720642
308	486	0.1344986725401365
308	491	0.15085941415115223
308	570	0.17491440364184008
308	576	0.1257397565330139
308	580	0.11899255655575192
308	678	0.1339884787724591
308	709	0.12310951350492108
308	822	0.13497189688850061
308	851	0.10718167810751578
309	518	0.10942844367510923
309	596	0.10369063587803204
309	703	0.1572907674879404
309	706	0.11403447548767155
309	709	0.13547512865629743
310	458	0.15216131354914916
311	462	0.1818801488540693
312	335	0.10680603268774146
312	485	0.11283761647262211
312	706	0.11682567612217087
313	383	0.10072810620067926
313	577	0.10747297487277743
313	581	0.12635228176332444
313	650	0.1589350514759647
313	847	0.1021915633128424
314	632	0.12309419368566422
315	319	0.1357583317359421
315	388	0.14467003037306317
315	520	0.10776583014846304
315	726	0.11212332283172963
315	759	0.1214969092203562
315	858	0.1437262300072686
315	862	0.10944910950072788
316	434	0.11786479849543371
316	562	0.10996257520842079
316	698	0.12109529752943479
316	743	0.10903173310589323
317	322	0.13050403988841067
317	334	0.10136818763014446
317	392	0.12233566941441408
317	474	0.10239945272292628
317	642	0.10323255070507677
317	819	0.11424581056449469
318	329	0.2751301974642084
318	370	0.1562493156900515
318	375	0.19130179437057293
318	451	0.1487747920582615
318	503	0.10098558691859713
318	527	0.1652210028233992
318	541	0.11549229973350741
318	654	0.18321117667375308
318	753	0.15752952663786882
318	779	0.10894500766342005
318	780	0.16251771027546968
319	425	0.12517586414395176
320	358	0.1226946625979968
320	445	0.10126449929584519
320	459	0.11437907613490118
320	551	0.1047780498548021
320	632	0.10704957728956992
320	844	0.11627160073333248
321	340	0.11716101208149222
321	486	0.1317814627194088
321	667	0.10464611508723151
321	684	0.18293477169107858
321	708	0.10161857812236294
322	336	0.10315073756589263
322	383	0.10826712505114794
322	459	0.14745495329255
322	741	0.10894053172901494
322	819	0.22345642760419226
322	868	0.11888950158606623
323	342	0.11849068671991052
323	388	0.10663512919877971
323	495	0.10771561998052866
323	583	0.11235800871923397
324	628	0.10007774000885272
324	877	0.11060161694923304
325	411	0.11251290614629922
325	423	0.35232064464873547
325	427	0.14103842014388318
325	657	0.12246152741277375
325	753	0.23207777155124965
325	755	0.36896470880826165
326	357	0.10915082321862565
326	559	0.11658555296457071
326	648	0.11304034885911331
327	532	0.23499646565879415
327	535	0.11344652932502325
327	620	0.16555268525750888
327	681	0.10947957853254625
327	769	0.1563718334634021
327	817	0.34245167777255825
328	330	0.22400012990329543
328	668	0.22572253630300307
328	676	0.18268871437809367
328	808	0.18859913123361188
328	813	0.11779218303896669
329	370	0.1090384694733117
329	450	0.2876473535297051
329	654	0.28036442286350616
329	656	0.2077874437940113
329	779	0.10859899461328029
330	668	0.2544376233017912
330	676	0.15644796835901809
330	804	0.20843892493719193
330	813	0.31115574602536505
330	815	0.19726593792844987
331	434	0.21986734189057047
331	476	0.10230983838049086
331	538	0.10500565391042295
331	559	0.14888191595787256
332	509	0.12017794457135879
332	598	0.3012906529275492
332	683	0.11479317739152031
332	729	0.11732088814276206
332	768	0.12161307982766242
332	805	0.12901055941246825
333	384	0.11984746521785007
333	481	0.10074567890977085
333	657	0.1444539935881288
333	661	0.125035912507168
333	736	0.1424841791669461
334	671	0.11782714914937102
334	679	0.12139150550040108
334	724	0.10992084851898806
334	759	0.12004275876199907
335	497	0.1351490933600041
335	619	0.13788435459714404
335	679	0.10836936794052945
336	841	0.11562239010048199
338	424	0.1506930949575861
338	468	0.11057327706051347
338	501	0.1061548171253069
338	829	0.10618317833149805
339	352	0.10717807753589398
339	444	0.1272546258712663
339	534	0.12161371019695863
339	618	0.1118335456254974
339	721	0.11338388552066929
339	743	0.10259702110451614
340	684	0.10678127913890406
341	643	0.17477723455579242
341	718	0.10053961874770774
342	411	0.12057245089171643
342	540	0.1027416027889271
342	657	0.11417178252317145
342	790	0.1521635443272844
343	689	0.13594245095524884
343	873	0.10119291757670516
344	392	0.16314615689024672
344	519	0.11751919804616595
345	403	0.10245848861174472
345	431	0.1448820018383009
345	664	0.10097062567113128
345	746	0.10144144239088998
345	843	0.13822609986047907
346	347	0.3130655298159637
346	348	0.17518481070056727
346	405	0.10789967329043729
346	500	0.11779418278794611
346	505	0.10899106211486721
346	717	0.13840587037864996
347	505	0.22428145734143962
347	706	0.10173065023931109
347	711	0.12143190602332553
347	720	0.11999876084677044
347	727	0.10370579538145193
348	426	0.10341410704511526
348	457	0.17797426170063083
348	682	0.2287558984898767
348	703	0.21786080104713548
348	707	0.19588561930406817
348	710	0.10199465559835486
348	711	0.10149006700939457
348	862	0.13566300856534208
349	351	0.12592471292792937
349	434	0.11738617613497895
349	480	0.1343992219121466
349	526	0.10231473018527679
349	531	0.1002834093674705
349	621	0.10053468306511211
349	800	0.13026961420014407
350	471	0.10650377080851801
350	557	0.13342715673545197
350	760	0.12357181433227918
350	810	0.10572762200429599
351	403	0.12976988162903363
351	472	0.10072217688419982
351	539	0.12087537754821417
351	543	0.14234278143145027
352	360	0.10036666067946418
352	537	0.1403609312328239
352	728	0.1080881810889517
352	831	0.13518131447223233
352	840	0.13055760785078185
352	850	0.15000098972198775
353	432	0.14609915040480284
353	843	0.19312002198475367
353	878	0.12821720566161343
354	391	0.20236108592337435
354	415	0.12476052853808461
354	438	0.1503232972362185
354	562	0.10565639644713545
354	593	0.19979531554218558
354	703	0.1955265170278196
354	738	0.11005533549843997
355	412	0.16247558212278648
355	520	0.11200956335972283
355	802	0.18255165945799742
356	358	0.3690781484216631
356	360	0.30863173263329624
356	394	0.10289520065846257
356	522	0.17572230486809334
356	555	0.2221143017290812
356	752	0.145266952104673
356	778	0.1284085440957132
356	828	0.10234596028097889
356	861	0.10733486922648189
356	864	0.13200579995604303
357	359	0.3512940528264361
357	424	0.11061602845570795
357	574	0.15492000716365956
358	363	0.12902349044734263
358	499	0.12579572225197305
358	522	0.11295186196203898
358	554	0.11552192900869865
358	754	0.22377955239829406
358	778	0.15999011773093047
358	864	0.20568718971669464
359	362	0.29796917298846276
359	367	0.10038322297572246
359	392	0.11470897667446743
359	536	0.133382719955746
359	569	0.13101518674780546
360	378	0.10893926629822964
360	396	0.1250937683168877
360	522	0.16465900548347276
360	552	0.10897832401479313
360	555	0.1622307977723514
360	674	0.13794140864168872
360	752	0.19137261837828123
360	776	0.12672847858377567
360	861	0.11159945189116664
360	879	0.10218261108882855
361	362	0.15759525867837396
361	565	0.10311197872420005
361	660	0.1090417816876078
361	743	0.10029314046256982
362	372	0.17235390844373763
362	684	0.14168848903694084
363	499	0.10966488398180264
363	517	0.11082792121154557
363	552	0.10837908500483318
363	837	0.17939501918108205
363	872	0.2257432716247021
364	464	0.10037930946329957
364	557	0.13235840938468643
364	633	0.13632725521946676
364	770	0.13286268069979418
364	871	0.1368873739354551
365	371	0.11002721866571055
365	375	0.2363231555929172
365	420	0.11303353478912463
365	455	0.28684214121255613
365	528	0.15937010959281248
365	655	0.3736127611337361
365	739	0.11444088960347991
366	369	0.2903385315155097
366	397	0.12384827115027251
366	473	0.10641293839687906
367	381	0.14543365668807717
367	459	0.11788108967996938
367	579	0.10058023068975347
367	723	0.13002938913032497
368	542	0.10651725177312125
368	616	0.12227530822290525
368	806	0.11637229181132888
368	838	0.10296093622944436
369	380	0.5281247554191454
369	458	0.10530707080729475
369	473	0.12779706003116323
369	506	0.10892123882382736
369	527	0.13576383458217428
369	547	0.10204056523132449
369	706	0.13181323020903787
369	709	0.1676732874486686
369	846	0.10154602408583158
369	875	0.11176794698730175
370	375	0.22192662514732722
370	451	0.25871741019461414
370	653	0.15612885357833722
370	654	0.12554096667372971
370	696	0.10617800250489406
370	780	0.120302958969323
371	375	0.30910954900890786
371	450	0.12598479450250571
371	453	0.10902907322677052
371	455	0.26336518291959615
371	528	0.22726197995691624
371	652	0.15437508797255872
371	653	0.1864107004667842
371	655	0.1531274208774916
371	656	0.14976083589292638
371	739	0.14624263869049364
372	659	0.11947866414047453
373	380	0.3488356224055975
373	458	0.1438942719217044
373	794	0.10058573483770923
373	847	0.11675924587763685
374	543	0.12860391351633957
374	549	0.13839905677419617
374	550	0.12861636125658024
374	680	0.11768524088772778
375	420	0.11095562178585233
375	455	0.2452130948116355
375	653	0.20244016551421848
375	654	0.3937127551594106
375	655	0.17616543586565422
376	473	0.1019676496287965
376	544	0.19810023377354602
376	549	0.15199759210099673
376	764	0.10371422322359566
378	397	0.14030888062526392
378	398	0.11564964500336651
378	436	0.12881648617760103
378	499	0.2424197293906163
378	517	0.10690243049994703
378	522	0.19661635771270994
378	552	0.13163805818957133
378	555	0.15853169646322038
378	581	0.10374381358493331
378	752	0.19732361569271928
378	828	0.15827416088749005
378	837	0.17470378696125533
378	848	0.18182867487753376
378	879	0.33101482968143414
380	394	0.11357173260708112
380	458	0.14376605670919626
380	543	0.16070496032177975
380	548	0.18012759326229003
380	549	0.13936817677134408
380	699	0.14873561480477032
380	711	0.14526901749255933
380	846	0.16558156252819656
382	543	0.1546876801030111
382	589	0.11488941079864073
382	698	0.10983544072730328
382	825	0.11008979242619595
383	384	0.1232635396452286
383	403	0.1104643538259352
383	539	0.10141615771323947
383	762	0.1330955662050336
383	819	0.10095716733607205
384	531	0.1021405887455555
384	657	0.15436674465606925
384	736	0.10517153956693885
385	517	0.11707747115014551
385	634	0.11170755707511279
385	729	0.10924308944408136
385	829	0.11254242859834211
386	634	0.1465251950844921
387	431	0.11211745693739812
388	444	0.10321771479258948
388	507	0.10556331428904489
388	634	0.10312669020433615
388	763	0.11198824484014329
388	793	0.121734821966631
388	829	0.2980085402508586
389	606	0.14827073932430418
390	396	0.10071305682751687
390	621	0.12207518354435438
390	692	0.11429230009542166
391	396	0.3009223572181073
391	466	0.11171342506342499
391	631	0.12093032262132979
392	599	0.11869334661210379
392	774	0.12834863833672003
393	443	0.13116702925964205
393	502	0.13658744669841774
393	542	0.2528681084910902
393	644	0.1256751682190739
393	760	0.11364462225536115
394	396	0.18366513618597702
394	557	0.15304022074569706
394	582	0.11873327160798651
395	513	0.15313462081722942
395	844	0.10937094860232316
396	784	0.10718989241484174
397	436	0.10274875668010965
397	458	0.12200573797457571
397	821	0.11641581309157616
397	826	0.13530140308553348
398	581	0.10546798622041012
398	715	0.12362651316392755
398	797	0.13404578824876046
398	879	0.1412368010386504
400	449	0.11354224178358194
400	524	0.1434943825642668
400	729	0.11259361735466177
400	854	0.10806185807718684
401	584	0.1170613061410901
401	644	0.14584198558536324
401	763	0.17118384500455808
401	768	0.12916712385219098
401	868	0.11050923816936027
402	433	0.11328346799292004
402	483	0.10857463453128272
402	525	0.10135808336928849
402	530	0.11172201784063986
402	570	0.12338112767763913
402	636	0.13569020767757736
402	698	0.18779882139850063
402	701	0.11112097575778303
402	740	0.1276217194908985
402	787	0.1743134742766486
402	800	0.13446195837170416
402	851	0.11092804464331231
403	817	0.11632627554631855
404	405	0.20169358367212045
404	456	0.10085923097146886
404	470	0.1096903195346454
404	493	0.10849496312123798
404	513	0.10922922951971152
404	621	0.13132643943393105
404	639	0.10082973157909815
404	868	0.14007397676109853
405	484	0.112662777335938
405	604	0.11330254648630651
405	659	0.10137828850243286
405	672	0.13206647481005293
406	454	0.17952447021877008
406	498	0.1412101190667483
406	500	0.1407784531835979
406	501	0.23725980341291197
406	505	0.29188427999136723
406	527	0.10358359093904962
406	717	0.14008078828645543
406	851	0.10281369060727547
407	416	0.12107667266963412
407	417	0.21865286313401736
407	788	0.17960213871202893
407	824	0.22901732263470537
408	410	0.10964856369046426
408	423	0.17754029917023825
408	427	0.14979298621343537
408	503	0.10005946195001789
408	751	0.21399123505303425
408	755	0.16576975429628482
409	695	0.11589128763015771
410	412	0.27881950308597797
410	641	0.1308191875087631
410	643	0.1056963807220365
411	423	0.441861206363258
411	427	0.2712651057903531
411	552	0.13731125612872982
411	624	0.461282431275762
411	755	0.4128599543395968
412	431	0.10192747108869077
412	635	0.13548327819417036
413	533	0.11920663359234238
414	520	0.17297111094053969
414	841	0.10540857728126217
415	438	0.1572098939385418
415	612	0.2173229697200241
416	792	0.14424548615224606
416	823	0.22005541188371994
417	429	0.10108438671206665
417	663	0.1707511591656737
417	823	0.11467913192724298
417	824	0.12154188241539425
418	473	0.12712116321794342
418	537	0.1255209004872254
418	640	0.14894729422319228
418	662	0.10671312882687735
418	832	0.10110319731728419
419	573	0.18788129722951571
419	823	0.1349409956514942
420	427	0.10385149603531849
420	455	0.10264123018341773
420	621	0.10488838259712818
420	655	0.12288321030903396
420	669	0.13308345454015688
420	686	0.10383918780803039
420	739	0.10213383319380417
420	751	0.11156280273299629
421	446	0.10098148915369964
421	488	0.18586330763524134
421	677	0.10506787022686402
421	700	0.1353973525384513
422	784	0.11877239869330415
423	503	0.12779671540754797
423	624	0.33646250419821777
423	755	0.6934818467349866
424	458	0.10165514347604948
424	675	0.10897533317640813
424	733	0.16337332986536124
424	851	0.10043513807087971
424	856	0.118446847919452
424	862	0.11131041807136914
425	479	0.10155190449583659
425	545	0.11768413684043627
425	557	0.118196091104696
425	642	0.2730375699580882
425	789	0.12202958567118674
425	837	0.10247773047340362
426	503	0.13365493098471148
426	606	0.1586718900847742
426	660	0.12049588818779412
427	624	0.13003229009677922
427	750	0.13734532774613495
427	753	0.2326491516757487
427	755	0.22103828257719133
428	519	0.5501255473277399
430	452	0.4620066188007287
430	462	0.1829528555038765
430	497	0.13790948472836817
430	520	0.11976336201989807
430	703	0.10083144177844958
430	739	0.12777870262185456
430	786	0.12001016454866752
430	788	0.1728140300713093
430	822	0.35540306709835034
431	633	0.16707302902131446
431	697	0.10892857154327087
431	770	0.11061362382159895
431	843	0.10905143245819218
432	784	0.10484110566247871
432	832	0.1800039725445114
432	843	0.10833669581228084
433	437	0.3632957931347939
433	447	0.15609985600209927
433	530	0.17137213418432548
433	533	0.10584692929075373
433	698	0.14819609816393323
433	701	0.28743599162664485
433	703	0.1523358130108984
433	715	0.14645671050756182
433	740	0.10065206441035071
433	868	0.1003815773223886
434	475	0.15821914894547612
434	698	0.11082366529402575
434	710	0.18113606174089017
434	840	0.11944593612409395
435	576	0.11485123507834892
435	587	0.148608881854709
435	647	0.10038206742679187
435	659	0.1143096729329372
435	744	0.10353370252652076
435	841	0.13625208490785573
436	471	0.11289658343572304
436	517	0.17640447968396555
436	552	0.20619035841161518
436	581	0.125625129087711
436	599	0.16240826152914678
436	775	0.12767504670478225
436	779	0.13194802962066757
436	799	0.34028797205076383
436	818	0.12795406285483898
436	830	0.14377625478750655
436	842	0.507333986954108
436	872	0.3660750912210973
437	441	0.4939444933589103
437	447	0.2611699682780634
437	709	0.1976603319397259
437	715	0.14630104522641046
438	572	0.1129969610665728
438	592	0.2101283668726194
438	595	0.1494832522135265
438	612	0.10982426809766854
439	441	0.18853647029907408
439	445	0.1699090246229114
439	530	0.10238547456197628
439	645	0.12045455772972785
439	701	0.13585566324707618
439	706	0.1480880727644931
439	712	0.18830164971092472
439	713	0.13610227291673394
439	715	0.11837023479940718
440	467	0.11359704349250822
440	674	0.11840445943176979
440	714	0.11499487123714487
441	445	0.2952680162277479
441	703	0.18888119358784788
441	709	0.28858649376665496
441	711	0.10425877818303361
441	712	0.11936005391206934
441	811	0.10825084859830525
442	452	0.11621969432332784
442	619	0.11864514709541539
442	814	0.1033942164358679
443	591	0.13132078270976372
444	707	0.15600789189193784
444	720	0.1456450233270508
444	735	0.16663578056332812
444	763	0.17573010220171612
445	447	0.2434114544350471
445	638	0.10799036007036635
445	690	0.11544400288884936
445	709	0.15917971617034438
445	715	0.13405880556043903
445	784	0.18094616611756703
446	700	0.19659522692876988
446	705	0.20061804754981255
446	708	0.17591235785088924
446	730	0.12235429207551318
446	757	0.1587544970262568
448	750	0.12081412820634749
448	778	0.14345537973288816
448	864	0.15657912493519646
449	524	0.10892504239101759
449	670	0.10721297877399973
449	854	0.10819646047141161
450	628	0.10989136268153502
450	652	0.108524742748174
450	656	0.18559002199733135
450	780	0.10322583143300025
450	845	0.10726217990473422
451	453	0.19584123191471298
451	528	0.24741574028885993
451	653	0.3494858101457192
451	656	0.18624368455396006
451	863	0.15418590773118157
452	463	0.14651675684070434
452	484	0.13969150325237126
452	485	0.10147948302775014
452	520	0.11645616187957876
452	580	0.2148922689356654
452	712	0.18322242992659302
452	713	0.1247404237595274
452	822	0.21662325788997217
452	869	0.10458097457266309
453	455	0.1794278848585403
453	528	0.10490907637550169
453	646	0.10811096625877453
453	876	0.12610162875820202
454	482	0.1731305601283998
454	498	0.134899415647418
454	500	0.36056523362258586
454	505	0.13011362153260897
454	669	0.11287248262568314
454	857	0.10419532161804747
455	528	0.2126028048261861
455	617	0.15049648735690557
455	654	0.12842280818777901
456	532	0.10510872824251934
456	805	0.1328528515540138
457	487	0.19376945908122786
457	668	0.18955566683891442
457	676	0.20685747648627678
457	682	0.24645212122760124
457	707	0.13073728497308737
457	710	0.13423260264786097
457	716	0.1476198925664307
457	862	0.10928958682621712
458	630	0.12120219529811825
458	675	0.12207012954304228
458	686	0.11318910853880186
459	585	0.11130154627230777
460	461	0.3126906517519156
460	833	0.19813918666005154
460	834	0.3118413227027878
461	585	0.12175531268810233
461	833	0.34428164654264276
461	834	0.20319713503510414
462	695	0.10109165119203478
462	773	0.15036347917391876
462	805	0.11869217361879447
463	692	0.12618976315875818
463	734	0.12357085074509405
463	773	0.1404058417759268
465	503	0.2337196926206801
465	660	0.1059696991691132
466	666	0.17494032731910095
466	774	0.1390633932186855
466	829	0.12937526834184712
467	557	0.11167424353756696
467	666	0.13728269268018675
467	759	0.1267203437947687
467	768	0.1475837735023672
467	865	0.15099448997235615
468	629	0.10748315800807484
469	492	0.12154491972435079
469	579	0.1655033029165097
469	621	0.18630064362072216
469	714	0.11217962831725141
469	769	0.2653646696193892
469	800	0.11525703987088506
469	814	0.10033855696207335
470	481	0.21697467606280857
470	493	0.10203092439371651
470	868	0.1345690543076559
471	472	0.1174770926895356
471	475	0.10648218017984198
471	486	0.12255735400218201
471	760	0.11167110267659648
471	868	0.13162084388744394
472	515	0.11142375399039432
472	542	0.1026087451562007
472	610	0.10362692637397017
472	614	0.1060574257106755
472	838	0.1075697097701232
472	858	0.10847630658212665
472	859	0.10520574732822158
472	868	0.23282316924955945
473	550	0.15605411988163465
473	646	0.13185341993957866
474	538	0.1119297214303385
474	562	0.14211956884340704
474	616	0.11035672595823624
474	666	0.1260694145110071
474	691	0.12780227095126445
474	721	0.12978906708327365
474	724	0.13896928105117723
475	524	0.1724945235644677
475	610	0.1245711910576574
475	625	0.15025866780974168
476	478	0.3708580660697636
477	479	0.1464503899594573
477	538	0.10783433322642004
477	562	0.12581414301639637
477	734	0.10587752055893304
479	480	0.12428534948866488
479	644	0.1516189261819349
479	772	0.15947138352942072
480	642	0.10670666166689524
480	768	0.10650841469791475
481	495	0.14413328581278936
481	538	0.12287047386647096
481	576	0.1021387710734132
481	647	0.1150731452766407
481	661	0.10102246216147165
481	681	0.11043158929491255
481	721	0.167374869622359
481	860	0.10167586544201554
482	488	0.4097487978222826
482	490	0.28400651346394135
482	500	0.20418493826342451
482	668	0.12725491254058344
482	685	0.11730909261763843
482	735	0.11367353793235334
482	749	0.17040621855002486
483	485	0.41447220147097746
483	489	0.1972873083189966
483	491	0.2917372571697144
483	511	0.2567139114137258
483	541	0.1485868693541432
483	659	0.10416875959426444
483	709	0.10866199353499811
483	778	0.2214669845299529
484	485	0.28089249594049387
484	486	0.19522664007679902
484	489	0.1149676774842762
484	521	0.14620667970911996
484	580	0.13955845005386341
484	590	0.1296826148654938
484	601	0.12466598855168741
484	663	0.15704595115873426
484	852	0.10567224998551658
484	869	0.43895111781024976
485	486	0.1267040849334371
485	491	0.18738161797774516
485	511	0.13792653930051826
485	601	0.1872964004058622
485	668	0.12111000421487671
485	706	0.10947094760766465
485	726	0.12724357916066176
485	745	0.11244774491003261
486	559	0.10730958796188378
486	570	0.11991181296598784
486	576	0.1126321897360175
486	599	0.1191218148656325
486	601	0.12202159736863474
486	667	0.10723917281239359
486	676	0.10102660861610563
486	678	0.21511865326120108
486	726	0.12740061366739924
486	754	0.14209666931131046
486	812	0.18835142732941204
486	822	0.10787234638007763
486	857	0.12068704765831649
486	862	0.13205024589792103
487	488	0.26902214044015393
487	490	0.19562214292926994
487	498	0.31366952800284176
487	501	0.21288502298811868
487	559	0.1187864757957066
487	676	0.12028202529294907
487	682	0.11280058142073487
487	855	0.1188762566914205
488	490	0.34763191759538137
488	501	0.12610705543223422
488	663	0.1107877895441199
488	677	0.1830448585783798
488	685	0.12599662463265335
488	749	0.10253909118528189
488	855	0.1413462377126192
489	491	0.17494448609437702
489	511	0.14915479285796698
489	541	0.11091937186422095
489	660	0.10202310357952005
489	672	0.11639312080086595
489	722	0.11458534050266342
489	805	0.10751159733432074
489	855	0.10630347796598992
489	856	0.14713553751153746
489	869	0.41505008915476593
490	500	0.25789265353979657
490	552	0.10790651107058595
490	630	0.11517302227342706
490	749	0.10104957016438545
490	775	0.10900548811639545
490	855	0.11248432334361198
491	511	0.20753967132678663
491	605	0.10904958182277404
491	754	0.10339569899146751
491	822	0.10035541825079936
491	855	0.10027509297243252
492	566	0.11103877433982454
492	579	0.11759026531512694
492	621	0.12179068730675649
492	685	0.10598897955799991
492	734	0.19788275461423302
492	814	0.15257590242769206
493	517	0.1176107626812481
493	537	0.18008353768577287
493	539	0.2471412794707379
493	644	0.14460194942157328
493	651	0.21576856527661742
493	681	0.10278765904114363
493	697	0.10669692799299635
493	817	0.12122270841911795
494	575	0.10491236779418742
495	504	0.10020282047154877
495	516	0.15061693457096353
495	721	0.16661071873010638
497	516	0.10685830901529732
497	535	0.10697037796545779
497	561	0.10907831143124694
497	860	0.11389075567144219
498	501	0.21484383942670252
498	582	0.12206767916733774
498	629	0.13426991737450533
498	631	0.1380753294311486
498	666	0.10587895869584749
499	552	0.14357496730122543
499	576	0.1365816449034846
499	640	0.11082045212030717
499	752	0.14054590945919887
499	754	0.1819955177996652
499	765	0.12105675192552783
499	776	0.15487390280497623
499	828	0.2745215048648103
499	837	0.2081423987883524
499	864	0.3673656037548381
499	879	0.11120402381669736
500	505	0.2608174074148798
500	630	0.1626210857234015
500	857	0.11589151501875203
501	569	0.13908845952614093
501	574	0.1222956195129599
501	666	0.10081732725904115
501	682	0.13000484551292352
501	704	0.11872672579096288
501	707	0.11801247571712248
502	527	0.11994925996388629
502	693	0.13716320326123171
502	859	0.11003421321836734
503	660	0.1880840226708417
503	668	0.14070835452112357
503	779	0.15471724973481588
503	851	0.11297423260780513
504	582	0.13042376427003355
504	651	0.10156813116454656
505	506	0.32197055213794895
506	575	0.1166006264256554
506	669	0.1247881097383519
506	677	0.10398151080424327
506	683	0.10156066727704205
506	699	0.14823647261616693
506	717	0.1019916272843877
507	510	0.264385666344976
507	557	0.13124074386915482
508	562	0.1145792333224996
508	794	0.10408255110240648
509	511	0.12183343841877119
509	545	0.1378523338462541
509	598	0.1333725289788172
510	765	0.10276734929011172
511	677	0.1122561178567974
511	727	0.13820385337912822
512	533	0.11744009867325297
512	635	0.10346284158843742
512	733	0.11867545833436503
512	791	0.12961404229849682
513	621	0.13133995457883432
513	635	0.1614028013235748
514	557	0.12465949970397584
514	870	0.10803258050970974
515	868	0.12137688811582739
516	633	0.14947689527931635
516	689	0.11201396083216579
516	802	0.1036306160427632
516	838	0.13722627831191195
516	841	0.11370959918915335
516	858	0.12355742076526754
516	860	0.11769541033586013
516	871	0.16960818889733836
517	611	0.10790190550800291
517	817	0.15611504301449702
517	831	0.11749644284342702
518	551	0.12422260491674697
518	615	0.1256089519738428
518	662	0.12114992207147268
519	679	0.10471092703400912
519	822	0.1267544215185939
520	539	0.12136016952214457
521	665	0.1307509668813574
522	546	0.11455231291206612
522	555	0.12982368094197544
522	778	0.14711979022978397
522	818	0.13306064988381022
522	828	0.3503553210249726
522	848	0.49077734703481035
522	864	0.1737002192256182
522	879	0.4262114571497331
523	703	0.10487155795805699
523	756	0.1008637319541457
523	869	0.1390741803248048
524	615	0.18336696734281213
525	570	0.10730552852962574
525	812	0.10379959634568345
525	823	0.11033030549644017
526	529	0.13281680667093215
526	598	0.10393114635894805
528	652	0.19715000566359123
528	653	0.23806222182547215
528	739	0.1531689574608802
528	779	0.14069253868824755
528	863	0.10013485893624648
529	731	0.11538927498935174
530	534	0.11551212814688908
530	800	0.10853659417771994
531	534	0.23683968580453413
531	803	0.10842096483130771
532	620	0.12368041464631956
532	769	0.13480551386932707
533	645	0.10288882055423296
533	694	0.12232201816057098
534	583	0.10261457074048633
534	618	0.10459079428580702
534	627	0.15388864284127157
534	770	0.13938549182833365
534	800	0.10074342682631875
535	701	0.1056556945124015
535	714	0.15784456102308428
535	844	0.12444564718434147
536	569	0.20389097209001017
536	575	0.1733074862800616
536	759	0.10859146980067183
537	539	0.28564375571532724
537	644	0.13003717652961164
537	760	0.14115566731855111
537	840	0.11133471065375257
538	701	0.12921203074959214
538	740	0.10861485543417049
538	867	0.10207498652074266
539	651	0.16149177489154165
540	550	0.10693664817907203
540	629	0.10776252192578435
540	657	0.27116695428289467
540	757	0.14552952257226784
541	570	0.12894525521911343
541	863	0.10648826735353428
541	876	0.10010968190876876
542	588	0.11435712879426883
543	544	0.120869743706712
543	547	0.29582861811630085
543	548	0.2432643498932516
543	549	0.18272104684545418
543	550	0.16657980030201364
543	680	0.181331005282738
543	846	0.1206993752245443
543	874	0.12404083665554992
544	547	0.16197339498761104
544	550	0.24928679223277836
544	764	0.1843055510757149
544	845	0.12722581669789376
545	600	0.13465883283959681
545	691	0.1067153757224813
545	768	0.10899907757330711
546	558	0.10815991611448895
546	866	0.1500865619629008
547	550	0.353198042022575
547	680	0.2212610131541689
548	683	0.1007650364465713
548	846	0.2745445999855573
550	764	0.18865131558208292
551	633	0.11437874904886806
551	838	0.10993063192878604
551	857	0.10304730522923324
551	858	0.1966433033698625
552	581	0.1217042876121014
552	599	0.10568084303584172
552	708	0.12259410547592212
552	752	0.1067995282052249
552	776	0.15970547271359936
552	830	0.1548229163849556
552	837	0.1826917938744514
552	842	0.1906198952322714
552	872	0.18214335468681878
553	868	0.12259088637840591
553	870	0.11326461981905687
555	752	0.10137855506654872
555	776	0.1118617894493818
555	818	0.11877989870113784
555	879	0.12892655823499807
556	560	0.1107216697430156
556	761	0.12473226969832382
556	811	0.1362843991774299
556	841	0.12374685966182865
557	578	0.11200496489425264
557	582	0.10882937829152142
557	865	0.15413955798164136
558	618	0.10262654337978067
558	640	0.11078508017414375
558	695	0.10505766481063498
558	700	0.11462373591233183
558	740	0.16889249044096927
558	829	0.13299751057174053
558	865	0.19261384578510513
559	621	0.10118714250114837
559	812	0.2938039698519798
560	721	0.11296471521538463
560	734	0.15736418553087672
560	737	0.10606311856974775
560	851	0.1292764071620388
561	570	0.12901919628796646
561	580	0.11816830949126919
561	659	0.18447933909925407
561	779	0.10376620932514814
562	595	0.10858911360821018
562	617	0.10697489290024334
562	696	0.10877110249978526
562	701	0.1010195429647897
562	725	0.110562250816351
562	774	0.21678307265573146
562	840	0.1010073176828278
563	568	0.22913843652809013
563	570	0.14012830548360447
563	576	0.22838888118758977
563	577	0.5233447296724625
563	623	0.10173635650224723
563	672	0.11321376512131234
564	623	0.13101253727965118
564	675	0.2340337732804996
564	677	0.10408344048669069
564	813	0.10694680277756188
565	569	0.15824327025073515
565	769	0.12766764100559333
567	580	0.14637141102429035
567	620	0.12790856586941698
567	688	0.14436021338336366
567	698	0.10793127576687027
568	571	0.14441669600103604
568	576	0.17550668530966895
568	577	0.368898003871736
568	587	0.27195303015606165
568	605	0.13315516538033154
568	772	0.12968501058085066
568	858	0.11807449273389635
569	574	0.11607643027612902
569	575	0.28698885143337666
570	576	0.20713381458564922
570	578	0.1091856858885476
570	713	0.14244291989554214
570	812	0.14337170775289337
571	601	0.2407537395360126
571	604	0.12315950778189545
571	605	0.15228638579821424
572	720	0.10399605916694643
573	823	0.12203889191030834
573	824	0.22558359012295992
574	575	0.18179554534376624
575	579	0.18440007755132864
575	743	0.11949255129969266
576	587	0.1846532764822673
576	614	0.1137617951534074
576	631	0.10570042336362076
576	672	0.18952012561833112
576	765	0.12061393564049158
576	822	0.13581438833880619
577	581	0.11115014506288992
577	678	0.12535892238566873
578	647	0.10827192288246362
578	705	0.11538564552466105
579	769	0.10684795624896751
580	712	0.1423540195401401
580	729	0.10190898478443866
580	851	0.1159146746001715
580	869	0.12810585732925853
581	620	0.11722812210257634
581	799	0.16570303798024807
581	830	0.11614105039129666
581	842	0.12309096808472926
581	872	0.1555148821896209
583	584	0.10351373028706007
583	632	0.15017538766079294
583	636	0.15792507892414515
583	649	0.12779441791998977
583	857	0.10008984812923628
584	636	0.10287831500171185
586	630	0.1024105882989087
586	834	0.11949494232188788
587	613	0.11342512195227175
587	709	0.11104727599984604
587	852	0.12130792259042418
588	592	0.10548685679126932
588	595	0.16015452848649633
588	596	0.16606398309597056
588	635	0.14503050042285026
588	802	0.10135311390166442
588	814	0.10377917579727708
588	819	0.10270337755078286
588	844	0.13813223973997046
588	850	0.12568542471030772
589	594	0.11998323278127666
589	821	0.10077903211497258
590	738	0.10803589821299688
590	857	0.12055920375949668
591	593	0.11770186957012328
591	624	0.1235671775854813
591	703	0.17590209020831998
591	709	0.10417159375583454
592	593	0.2631691872172061
592	595	0.38063518752062014
592	619	0.10253497557926937
592	713	0.1024460599833798
593	753	0.12257882050715795
595	596	0.26517628168479085
595	609	0.11075513587475187
595	612	0.11513020046505996
595	619	0.10416693057104887
595	711	0.1163481937844143
595	715	0.12530438245787118
595	789	0.16494999162290205
596	739	0.10975564158291036
596	861	0.10894522062706177
598	601	0.15432664369811108
598	606	0.16130242266996725
598	650	0.11357391218196965
598	847	0.1458268760325365
598	859	0.1200879443702882
599	708	0.140524746914082
599	775	0.14644207414273397
599	778	0.13017094723811612
599	799	0.14985450415434884
599	830	0.19572099998651743
599	837	0.12234022536400067
599	842	0.20843990428282802
599	864	0.11865068385672534
599	866	0.10957775664395897
599	872	0.204573311097529
601	605	0.2116184459848863
601	606	0.18139825447217506
603	644	0.2084570596750112
603	720	0.10594465098708997
603	841	0.10302442569317176
604	606	0.16350235597030294
604	659	0.11569236009158798
605	606	0.11999608045617682
606	738	0.1237891803513558
607	766	0.12452033242213778
607	855	0.11286758596094014
608	813	0.1325504425392993
609	612	0.22771463272079617
609	807	0.1390960768623428
610	611	0.10157637668253652
610	760	0.10362082160807663
611	729	0.123701006743159
611	745	0.16811205774456567
611	759	0.107778026402369
611	761	0.11559160967497029
612	711	0.10332987126768611
612	801	0.10091623006678771
612	813	0.11298834202450155
614	744	0.10775713745608548
614	838	0.11637136329276479
615	802	0.10183012699852692
616	769	0.10137097517703259
617	656	0.10871116340191908
617	725	0.12746163743263375
618	621	0.12406079894303028
618	742	0.10487742480257979
619	862	0.10903582564954319
620	623	0.18873315942635982
621	700	0.10894859386671209
621	714	0.13352853989001695
621	800	0.13107491821450287
621	866	0.10415650280037897
622	779	0.1070492288913875
622	861	0.10909340580924953
624	661	0.1020075703954558
624	752	0.13233419731890614
624	753	0.41826307549903385
624	755	0.18514424857290154
624	805	0.16963668833854612
625	687	0.10130952133883991
626	629	0.17962501382890414
626	631	0.23411953980646522
626	777	0.10980055126993857
626	792	0.15556580026170974
627	829	0.10724932332041491
628	656	0.10449829183098687
628	845	0.13962112417029934
629	631	0.17910049658387825
629	674	0.14007468522265817
630	686	0.14098990738618
630	862	0.10958140369517962
632	634	0.19935333904329428
632	636	0.106643707258222
632	844	0.10157180343522852
632	865	0.11162032239207609
633	770	0.12260412848308104
633	790	0.1178615145943076
633	795	0.12268817830600369
633	871	0.13266162824899852
634	819	0.1397279632068765
634	829	0.12191648680461219
634	865	0.2723527001589494
635	670	0.12372385505267049
635	829	0.1333923053041846
636	741	0.1029867845855764
636	771	0.10466334826925296
636	867	0.12389695085593766
636	868	0.1711978349328366
637	728	0.16672781269389708
638	658	0.14718510352144767
638	811	0.19247780189893013
639	760	0.10138697998107425
639	841	0.11328917384359904
640	661	0.11191057613270458
640	708	0.1049662858439455
640	740	0.10974410484144417
641	715	0.10563583811928363
642	718	0.1121230155235876
642	740	0.1253604329478833
642	789	0.10762428942722647
642	854	0.10491307378064102
643	706	0.10251995494425548
643	715	0.12286509099817229
643	774	0.11928480299703215
643	775	0.1754391901672781
644	758	0.12849058534285746
644	843	0.15307347659936665
645	742	0.1637337084489756
645	765	0.1108396315876982
645	796	0.10911875028278975
646	780	0.10424318902147922
646	845	0.39882227718037194
647	732	0.13950967516101093
647	768	0.11539916548940377
647	875	0.10470821726129473
648	731	0.16572291876814058
648	812	0.10939182907129426
652	653	0.23043489812150453
652	656	0.4521108522662139
652	863	0.1306553619535521
653	654	0.23281372468040754
653	656	0.2499780020520179
653	863	0.11893084109247395
655	739	0.11030781069693525
656	863	0.13969460236040357
657	680	0.141234982803178
657	721	0.11770121276134958
657	736	0.1210168952971615
657	757	0.15081505452288252
657	762	0.13347120228109008
657	855	0.15217582072112804
659	660	0.15800710465112486
659	752	0.1458549364074087
660	709	0.12417454202561502
660	771	0.10205170859635582
660	869	0.10919112043943947
661	667	0.13519718049304574
662	844	0.12985202221138878
664	769	0.10417775630336275
664	811	0.13058333557141813
665	678	0.10359189170980083
665	774	0.112861368643964
665	857	0.10689409031576057
665	862	0.12622760876309103
666	787	0.10231382822434927
667	786	0.2501244295732561
667	797	0.2015045470440759
668	675	0.2872332034877657
668	676	0.4513697664216656
668	751	0.10382384584378158
668	804	0.13471712143079628
668	808	0.15743911814768868
668	813	0.2733095163571043
669	686	0.15136376041616686
669	751	0.12374117251484965
670	763	0.1009586445812278
671	674	0.1400636222288808
671	759	0.12418874893308628
671	775	0.11157951905673033
671	862	0.10796624171481822
673	769	0.1825159322845163
674	679	0.3952328693497176
674	857	0.11747559664341017
675	676	0.11616842277842224
675	677	0.27924869066231073
675	801	0.10919792916553708
675	808	0.13215084005946368
675	813	0.11250686243292123
675	815	0.11156799924995073
675	857	0.10462661082310416
676	801	0.13020110087119227
676	804	0.2035234255777504
676	808	0.19615175100171586
676	813	0.13512561610074972
676	869	0.11009418830108902
677	807	0.14908520255809318
677	855	0.1218127236656166
678	869	0.1093603692339916
680	683	0.13710154718048623
681	760	0.10815724841721085
681	817	0.14709923345875003
682	683	0.10288822885191226
682	707	0.1258437872826191
682	775	0.12225695527862755
683	685	0.10149022998109017
683	686	0.10137682535017044
686	699	0.11706132271869382
686	739	0.21147010143125022
688	695	0.23315189457941468
688	791	0.1643303168941286
689	772	0.10619142784724435
689	860	0.1066156931796756
693	806	0.11447223748156353
694	741	0.10459880593693334
694	787	0.12217186378462301
695	771	0.14019523347422774
695	772	0.10311536938030962
696	780	0.11573415543107261
697	747	0.10280721659055632
698	701	0.1455334827497737
698	727	0.17215656994600925
698	825	0.11314461803627508
699	704	0.17742916324157215
699	710	0.11387849613366749
699	717	0.17074040591754414
699	720	0.3516913882426083
699	727	0.31994978133000984
699	798	0.10996161277490847
700	705	0.10981191781151407
700	730	0.13207751961505074
701	740	0.12989211215562052
701	787	0.11321337329048389
702	705	0.17060584717423502
702	730	0.1683674397433747
702	748	0.10664762641701775
702	778	0.16814304150554718
703	707	0.10178428681149622
703	709	0.2967428266602938
703	786	0.10976623374588948
703	788	0.18049951085277458
703	797	0.11805657979281467
703	862	0.1318446984333373
704	707	0.4093795993462536
704	717	0.20778090327075374
704	720	0.1737197835035612
704	724	0.23197660641758827
704	735	0.1348616150815434
705	708	0.2552398743212301
705	714	0.1197709411159297
705	730	0.33423863345799
706	709	0.23770391305612892
706	712	0.46147043271279503
706	713	0.11621610954818025
707	710	0.12577012510856883
707	716	0.35826722167770764
707	720	0.45717900204259054
707	724	0.11806797685002712
707	735	0.37003533156105683
708	731	0.40072615275125756
709	711	0.31357072790155344
709	712	0.16747159695760977
709	715	0.15390805222723178
710	713	0.11475631984182158
710	716	0.17178479221289455
710	717	0.2663080044435781
710	720	0.18897113001444724
710	727	0.19137511283227648
710	763	0.12894428254353463
711	720	0.1190155618784497
711	794	0.1635006309060938
711	822	0.12785675006081
712	713	0.3944655946469233
712	715	0.1337581408954611
712	717	0.11403777663543742
712	739	0.11434601908485047
712	763	0.11860111668491907
712	792	0.13530598974858107
713	717	0.15464498740956387
713	785	0.10516489087505096
713	851	0.10632960143113765
713	862	0.10714214487488566
714	802	0.11305113047039912
715	724	0.10834344617225451
715	855	0.1269777930133633
716	720	0.3674406865518683
716	724	0.15693803265454942
716	763	0.2001954027075167
716	852	0.10805405815802005
717	724	0.38304688938263065
718	844	0.141262993716964
719	844	0.141162957610037
720	727	0.20627215586540537
720	735	0.20057949088804927
721	736	0.20448045215829866
721	742	0.14235844502444767
721	841	0.2555204183084008
721	843	0.10969028090531596
721	851	0.10377822813680077
722	855	0.1460731957307912
723	726	0.43306656101880464
726	761	0.12802442713033546
726	857	0.10231752928173131
729	805	0.10815378488643598
731	750	0.10627588765591164
731	754	0.1254763948722518
732	738	0.10074457178063351
732	812	0.11822373386437891
732	838	0.11441372594164091
732	875	0.13564573149748024
733	769	0.1253525564747651
733	831	0.11529171009566452
733	841	0.12317973761826514
734	825	0.20604356613810965
734	840	0.10490683215805302
735	763	0.16229637788537682
739	751	0.11396533773565919
739	788	0.14048347712599904
739	822	0.17854824286027612
739	847	0.15042475411922368
740	867	0.11107932387859921
741	771	0.10611342514039519
741	867	0.1237486771531382
741	868	0.12792358247585175
742	829	0.10623910075151265
746	825	0.10926223769544807
747	796	0.10156259679671054
750	776	0.13404667455089236
750	778	0.17341154348266094
750	830	0.14414093453262125
750	848	0.12355278001468632
751	776	0.1728737142445855
752	753	0.12441836575220408
752	776	0.24241235752083506
752	777	0.11775660927995797
752	778	0.15188987506412166
752	848	0.11653255554273548
752	869	0.13937516491983246
752	879	0.1808208852444822
753	805	0.15058724705083562
754	776	0.33225431683176143
754	778	0.23313015584023225
754	818	0.16361115302418935
754	864	0.2804558156116344
756	861	0.16168477992263916
757	814	0.108321121068606
758	786	0.1476228542707176
760	761	0.13254058826147216
760	768	0.16227536898007178
760	771	0.10130355133900497
760	840	0.12841862354527586
761	762	0.1946895290254104
761	772	0.14213649033657605
761	851	0.12564523115688173
763	829	0.13946084106892914
767	771	0.18295688471548385
768	868	0.12459183442978804
769	803	0.11359464202765807
774	789	0.1326138125812553
774	837	0.12538877220999428
774	846	0.13583192674043737
774	855	0.15662602225145453
776	818	0.1776220717427772
776	879	0.12559529358727364
777	861	0.1282012203215995
778	828	0.11206999325249793
778	848	0.17066399611147948
778	864	0.29051725754298074
778	879	0.10082765459175932
779	780	0.17178322637323734
779	866	0.12293409356037518
779	872	0.19079125670773248
780	799	0.1235112470945885
780	828	0.13852699501070997
780	830	0.20240336720694654
780	848	0.10797236417665125
781	794	0.1333667741043441
782	787	0.11687771109535812
783	790	0.13690166974411888
783	819	0.11390101690766342
784	785	0.21912548026305823
785	786	0.10303641861303181
785	794	0.26050886635010834
785	822	0.10504919232859297
786	788	0.4841927608635493
786	797	0.32353801093465057
786	822	0.12589531077211913
787	798	0.18993508297756367
788	792	0.1857074954985926
788	822	0.13104257738853725
788	847	0.10551454327741662
789	842	0.14912173248587843
789	846	0.10990755328493161
789	879	0.12043679740902351
790	796	0.1513725249463715
790	798	0.11444792657435603
790	811	0.1030587884037499
790	870	0.14701557646239824
792	797	0.13334228370000822
792	824	0.11886343961462757
792	832	0.1017869460308205
793	798	0.30737354754848784
793	829	0.10071629140703685
797	874	0.1049272210507356
798	846	0.12010246165573209
799	818	0.35650455237304085
799	830	0.25415723579303656
799	842	0.12382304885570726
799	866	0.3745675394129627
799	872	0.5162124402094698
800	802	0.13260195097743369
800	814	0.14122966265362627
800	825	0.1027163718008985
800	875	0.10679767935066044
801	804	0.2891092757821395
801	808	0.2616987107354177
801	813	0.299899387430125
802	806	0.3513239084546574
802	814	0.1677185609954883
804	808	0.4029073855216881
804	813	0.40915735339048526
804	815	0.2279383671420174
806	814	0.1320872788570286
807	808	0.21947208855348052
807	815	0.18296017255861877
809	856	0.10195440265607475
810	825	0.1817573437483583
810	841	0.11203235856870081
813	815	0.229523383509968
815	816	0.1877183253701551
817	868	0.10244033408547937
818	866	0.3147828898143867
818	872	0.4553012171522917
819	831	0.14872666958818143
821	826	0.46375263025079244
823	824	0.18503451713691682
826	827	0.15159594736087162
828	830	0.4675777153244358
828	837	0.27169085235718743
828	848	0.2810642215195559
828	864	0.16535763478708346
828	872	0.15864159731677516
828	879	0.28888534787003967
829	865	0.1253881441738453
830	837	0.18581021560823605
830	842	0.10936625458883914
830	848	0.3712263744211488
830	864	0.3422028733328721
830	872	0.2766295465873629
832	838	0.12830337210668688
833	834	0.13086022349379817
834	835	0.2414585480390658
835	836	0.22326355819438676
837	842	0.18633530329282091
837	866	0.1541992685043505
837	872	0.388160289757359
837	879	0.13518813325788812
838	875	0.1404686656971769
841	851	0.1733331846399057
842	872	0.28250396093042013
844	845	0.11730972246844742
844	847	0.1335349838795762
844	859	0.14059787065088933
845	847	0.20899819064475078
845	874	0.1543043122608877
847	874	0.10931386451145043
848	864	0.3734552247242867
848	879	0.25232074034769497
851	856	0.17302865821282637
851	858	0.17643808302992967
855	862	0.1315761219806293
856	858	0.13176387777920853
856	869	0.10554807438403084
857	860	0.10923144452266066
858	860	0.2709162687988712
858	862	0.11340250887931488
866	872	0.2388543608332621
874	877	0.14360185972236347
