0	74	0.11732767677345672
0	302	0.22501285343682187
0	504	0.10482947448748102
0	588	0.2197442940220909
0	647	0.11312512629014462
0	665	0.10280082366811878
0	734	0.11149824982268845
0	763	0.10175814266485052
0	768	0.11323493108501756
1	71	0.1118490894396057
1	341	0.11810395463574402
1	854	0.10365161023841822
2	70	0.17471916560377618
2	195	0.11452755273925085
2	293	0.11060894403016162
3	54	0.47107975636718236
3	104	0.10831547052751134
3	220	0.1069021325272381
3	238	0.16158616009126903
3	251	0.13604163950923215
3	425	0.17760182600341953
3	554	0.10183286749552926
3	556	0.10136068240060199
3	642	0.30838656750760757
3	718	0.1292412609193837
3	832	0.12719462692260775
4	48	0.11775607900845765
4	89	0.12468046467935079
4	201	0.10770059356350514
4	408	0.18316791616558747
4	465	0.16143912469705823
4	752	0.12884949084818728
4	753	0.11793260317116434
4	776	0.12258018060556725
5	42	0.12366377637445015
5	81	0.12658090678402734
5	124	0.11702237646264159
5	149	0.10699184040095132
5	350	0.12753815333977145
5	562	0.17710399543170946
5	760	0.11830327167350287
5	829	0.21523419512058486
6	35	0.19097036219027777
6	474	0.12790051294099022
6	695	0.11378039766429501
7	240	0.10870192749311726
7	281	0.1389742531400604
7	615	0.10665730186477697
7	771	0.10004047135610428
8	423	0.1023015905527128
8	490	0.11410174516434275
8	682	0.2361635663943355
8	753	0.10754940723498012
9	291	0.11686372962998716
9	424	0.1274845325799133
9	572	0.11245381010112215
9	702	0.10070079219225508
10	12	0.19091667472156443
10	83	0.10049870709488126
10	322	0.11535002601712595
10	433	0.10423840584486496
10	625	0.10799152488212038
10	825	0.1736397804048216
11	73	0.10769215861504675
11	196	0.13437354370707175
11	201	0.1027597969691956
11	215	0.15473765379465235
11	452	0.27967400090329436
11	491	0.11306116759320334
11	497	0.13244474642701015
11	519	0.13422725059824533
11	577	0.12691499098693665
11	645	0.11175390980486775
11	792	0.10978313417146043
11	822	0.29101514834437264
12	572	0.1576990751110587
12	705	0.12109187515842704
12	812	0.1270094746272577
13	59	0.12159451510902046
13	507	0.1285976305733255
14	21	0.10341270838027221
14	103	0.169145315462761
14	240	0.10206481675106058
14	316	0.11588386694999436
14	350	0.18640930717114654
14	433	0.10560082770683468
14	562	0.10891529023545606
14	694	0.10516225219503302
15	16	0.27657970164667267
15	219	0.10254102389365138
15	230	0.15415552808249067
15	252	0.11283683247596626
15	753	0.10357078331998434
16	604	0.11522564386034431
16	716	0.19582060602498416
16	765	0.11273329675933398
17	49	0.11753305867500632
17	55	0.11500394393431684
17	168	0.10267050733019115
17	198	0.1200052577407186
17	360	0.11902963056730069
17	588	0.10436637262084049
17	603	0.18301114268101762
17	679	0.1619911631935504
17	699	0.11278928376710261
18	214	0.12532369899582704
18	257	0.10345340496073846
18	321	0.11492695608104449
18	485	0.12798357218329712
18	486	0.23231294654337767
18	491	0.10643306956606445
18	576	0.10616960538158608
18	587	0.13624061265241294
18	663	0.10100648059316643
18	712	0.10424281810147672
18	857	0.16702210518150448
19	115	0.11338262494146084
19	120	0.11530606117917562
19	229	0.10318973314137408
19	238	0.14418310176485521
19	331	0.10029719956259299
19	351	0.11261713210978734
19	390	0.10171513584775645
19	477	0.10538708958382542
19	517	0.10349938301180928
19	565	0.11598835618941812
19	621	0.1155917828292243
19	838	0.10790640315212115
19	840	0.10772171852222467
20	135	0.10012247172555769
20	513	0.10958327899179161
20	632	0.10652397506695813
20	819	0.11661526385328062
21	289	0.10516242712394934
21	326	0.16086002738765617
21	433	0.19269173933493267
21	445	0.11737923488692914
21	620	0.10704168597171743
21	623	0.10963423253302486
21	636	0.10044206672886453
21	673	0.10509739484047115
21	688	0.12860164729821752
21	701	0.12139658785871454
21	729	0.10308879379484316
21	851	0.11023093686706868
22	51	0.15073049167187222
22	503	0.10353252137357272
22	646	0.11908852859980995
22	847	0.1064708814729036
23	28	0.23317743114820344
23	96	0.10900366548398988
23	406	0.11064777891256476
23	476	0.13769770575907964
23	625	0.11725862205503827
23	732	0.1491417733640812
23	825	0.12907418345072214
24	136	0.11465050259690816
24	159	0.11729903123946356
24	165	0.12891424567716345
24	210	0.12818521894922935
24	240	0.10643078376330552
24	477	0.14269157202937316
24	620	0.10377089610876213
24	681	0.13685863878316265
24	787	0.10316777161967731
24	829	0.11630868929722742
24	875	0.12122769080653817
25	27	0.10405982468131308
25	42	0.22651268494274887
25	245	0.10847585160759815
25	327	0.10465253675035958
25	349	0.10070455381240472
25	400	0.12671020198831445
25	563	0.12034238228607923
25	577	0.106469256902551
26	218	0.10310168498061759
26	327	0.12396389444015096
26	368	0.11436877579825115
26	533	0.189172537378895
26	664	0.11616758486877082
27	68	0.1447523135384946
27	100	0.11151260194097483
27	288	0.10016549128669852
27	315	0.11569364588112965
27	413	0.1046779742496614
27	709	0.13598806431793808
27	829	0.10200863032675435
28	109	0.10093780909857311
28	349	0.11402970435485749
28	434	0.12587650889548818
28	546	0.10462358438214643
28	685	0.11463362358927671
28	698	0.10582481629510554
28	707	0.10376733963779607
29	145	0.1012916709237433
29	177	0.1727351068157618
29	208	0.1513663159588887
29	220	0.10887076332292926
29	424	0.10395549846783933
29	758	0.12809029288619264
30	32	0.2314510817346179
30	281	0.11339137695961088
30	360	0.12203361369098344
30	860	0.1073948365476752
31	32	0.11383426881685457
31	54	0.10906741842154255
31	170	0.17235866775575873
31	546	0.1017382718983256
31	555	0.1418542121463945
31	750	0.13537458088172732
31	754	0.12569406175398098
31	776	0.2734617481993453
31	778	0.23245920380644414
31	780	0.12093293606137467
31	799	0.11835108038109383
31	818	0.2162165123525284
31	837	0.1964336567598569
31	866	0.34107047223888165
32	124	0.1056667259646751
32	510	0.11781606375447722
32	771	0.16005942596781703
32	841	0.10022487303390011
33	39	0.10812661767319291
33	132	0.10336297974754596
34	269	0.16411369034426018
34	313	0.20617454681009884
34	437	0.12103865086625983
34	829	0.10175194621353523
35	79	0.10260707358294609
35	99	0.10336723229310685
35	223	0.11110590643541247
35	242	0.102546482490738
35	637	0.11355318216993214
36	388	0.10572185393230282
36	644	0.1104883080641426
36	806	0.11271557835160148
37	40	0.45573707327436286
37	426	0.10720424747527108
37	552	0.19323610573833808
37	863	0.1219057852052831
37	864	0.17691431306673946
38	39	0.2484044175140246
38	263	0.10009242833507014
38	360	0.13971689950567684
38	483	0.100892259083192
38	752	0.10411191819379724
38	754	0.10502245696474584
38	756	0.1182126601454138
38	866	0.13347425067329294
39	175	0.1020231460702602
39	257	0.11116286793401853
39	426	0.1437754108843892
39	522	0.1577552796760333
39	879	0.13110151243835677
40	194	0.1115539541762574
40	378	0.108262936123685
40	665	0.10387610744354987
40	818	0.11522213648214273
40	828	0.14862542952179053
40	830	0.16557431955570834
40	879	0.10105442487703777
41	399	0.10648669695277177
41	639	0.1078462725137708
41	854	0.10615163746731486
42	414	0.13823440902494066
43	48	0.2975074913144223
43	396	0.10481482406478318
43	798	0.15088281379413251
43	845	0.10066751092046808
44	140	0.10223975488602208
44	256	0.11583051035085855
44	326	0.13333872127277016
44	400	0.10639963491885596
44	567	0.10519719327992007
45	438	0.18110083312192898
45	443	0.19100700068927895
45	591	0.17600493957349533
45	706	0.11098365265847487
45	828	0.10700474635748199
46	47	0.21161565750343672
46	102	0.18892697045694518
46	119	0.11292866635173798
46	607	0.10506799057188035
46	804	0.14697862627658165
47	98	0.13112891864726034
47	102	0.13775496067986903
47	108	0.1424676540230549
47	766	0.11782239944972923
47	857	0.11235096944671093
49	102	0.12656632246915345
49	212	0.11606992565982577
49	264	0.1156985990630362
49	855	0.10260396406399619
50	419	0.14887305599121886
50	667	0.15320918662527422
51	234	0.1319362703515312
51	458	0.12379666442081357
51	713	0.10716182197370758
51	847	0.21018070479572165
52	709	0.14599236654675882
52	712	0.14144259097530126
52	770	0.13201685191462584
53	111	0.11553426357418847
53	258	0.10115678051576538
53	338	0.1110818440452708
53	424	0.14532337994720068
53	487	0.14606707067375588
53	586	0.1245824920463187
53	630	0.2049728174824308
53	835	0.13644176262103916
54	425	0.13491861683832035
54	556	0.1419871844334315
54	558	0.12247766829728747
54	642	0.21372745562097767
54	832	0.13252539736780206
55	231	0.12336362165506606
55	457	0.17035258081875757
55	500	0.1713762744546958
55	717	0.12889273266080817
56	114	0.10152863608576479
56	374	0.1297950000664454
56	376	0.13235363543825246
57	189	0.11228209370639536
57	354	0.11961305187211192
57	754	0.13683215240774624
57	789	0.13259397054741662
58	211	0.14321192551394973
58	248	0.20910055680379916
58	259	0.1219720698018763
58	412	0.124306775256299
58	817	0.10486607174675168
58	825	0.14972854095775218
59	840	0.11709293428670028
60	635	0.10567633949601803
60	819	0.12815604784572623
61	625	0.10748780330668094
61	701	0.10664785673506436
63	65	0.26200377441891737
64	67	0.1799695076582434
65	66	0.21501720189432735
65	67	0.13855224101054836
66	67	0.2865804902918083
68	71	0.4088516143356803
68	267	0.10203889427931383
68	316	0.14259175187346912
68	341	0.15440452634341095
68	433	0.11439146939390712
68	440	0.16764389807370977
68	706	0.18749323101441537
68	858	0.11161561916506117
68	860	0.10757461301131244
69	379	0.15328425119054642
69	464	0.11459930728574809
69	469	0.1085761463805193
69	694	0.10634431971615065
70	199	0.14701653932210262
70	312	0.11064250816779982
70	398	0.14058192236934697
70	430	0.4992392610526346
70	483	0.13709538333325438
70	712	0.14349318253116136
70	773	0.10346184623173091
70	797	0.10466773163125584
70	869	0.10373645604325371
71	95	0.10001486863111589
71	316	0.1377206859240684
71	341	0.1432832785792608
71	439	0.1198598052463304
71	441	0.14174566826367335
71	664	0.11008192704609598
71	784	0.15403875894543081
71	794	0.11207844062442801
72	85	0.13108328283859144
72	230	0.16144854197331526
73	116	0.1749327132582385
73	196	0.13643877560139508
73	203	0.13152656749640074
73	292	0.11570460037260394
73	523	0.14593296548055035
73	715	0.1285327480632575
73	822	0.5088557353407152
74	134	0.13659516079549291
74	149	0.12900831958677697
74	238	0.10671907808594797
74	239	0.10846380242773385
74	241	0.1812696599122349
74	265	0.14460247751681496
74	401	0.10135977255398947
74	672	0.10276716750454319
74	761	0.11718019382554955
74	769	0.10326200880768077
74	811	0.11052647216318384
75	223	0.10398532781421185
75	240	0.10826877237418536
75	619	0.13510998154700551
75	697	0.14856028003513072
76	114	0.1200733983836466
76	154	0.1098758036456146
76	178	0.13018142178676004
76	182	0.1476938904644423
76	189	0.12556241467395945
76	204	0.11992979099002982
76	231	0.1499613031155997
76	418	0.12264219269869811
76	473	0.22338608463888385
76	547	0.18837656434779756
76	549	0.10370053072767557
76	659	0.11562927801673506
76	680	0.2899774280336883
77	324	0.11264220917916934
78	129	0.10711288499522043
78	134	0.10791950671510192
78	138	0.10515384621081594
78	388	0.16596557903376655
78	493	0.1260826144908892
78	531	0.10351333420447846
78	539	0.11285003632879353
79	162	0.11644471373050376
79	245	0.11045821749208341
79	265	0.2662125873977653
79	414	0.10367203845301243
79	431	0.2641939474928739
79	493	0.36362937152896696
79	537	0.16134496813470892
79	616	0.26200330919849985
79	633	0.14985145874743705
80	187	0.14078887055433645
80	292	0.10058026676367468
80	774	0.1343803851966004
81	433	0.10429655416930786
81	701	0.1413348509819503
82	90	0.10161827502097982
82	234	0.10867004340826385
82	348	0.1539146895454907
82	454	0.29982315438814594
82	457	0.12932273329774602
82	487	0.13063648586701235
82	498	0.1566128441018895
82	501	0.123942219145344
82	506	0.2034333979958574
82	676	0.14084536857198826
82	683	0.13844408081529755
82	752	0.10053124210195027
83	95	0.10082741311425082
83	322	0.1413137179772817
83	426	0.10097878769076747
83	775	0.11273817667635469
84	189	0.11368344384893976
84	204	0.11950531036614781
84	463	0.1371927696125304
84	692	0.1007108202148741
85	363	0.12046031807758623
86	91	0.2237735155813873
86	322	0.11068771129677331
86	597	0.11888885365508514
86	621	0.13790317015457007
86	633	0.1022126186486907
86	636	0.11001190235084912
86	661	0.11894982437006076
87	241	0.15276592196584818
87	353	0.10083502266373232
87	467	0.10039403716687924
87	791	0.10266988606324325
87	868	0.11980421470506433
88	324	0.30167130008083276
89	94	0.23834698208319263
89	234	0.10088864426853975
89	408	0.3697932867524364
89	423	0.43604646362071287
89	427	0.3287049141465381
89	552	0.168298276491692
89	624	0.3537150773209748
89	776	0.10853035739941788
90	457	0.13404944332864135
90	874	0.14255457111161962
90	877	0.13311556720024884
91	236	0.1731798718639744
91	276	0.11424273992283054
91	351	0.10159523132014935
91	459	0.11424420755306215
91	620	0.1442080693542665
91	674	0.114090685615583
91	681	0.11052929403334323
91	737	0.11256496565594115
92	325	0.13476295843514932
92	332	0.11287756736024768
92	423	0.15006228287407036
92	592	0.12972381753945544
92	657	0.10516536618043422
92	739	0.14315162948741084
92	751	0.1609134481519779
92	778	0.17190289043956314
93	177	0.10526607666801889
93	236	0.13272820848061484
93	257	0.1082219714968885
93	311	0.14762159572562297
93	424	0.1310628186083081
93	510	0.10974033957290648
93	831	0.1536232168511388
93	833	0.13118651968683126
93	835	0.15316620199632658
93	836	0.21117939609670314
94	332	0.10619248241394992
94	408	0.223817598460268
94	411	0.23573294530477948
94	427	0.29150893139672673
94	540	0.12104877797090124
94	552	0.12454524345247028
94	751	0.3527101331727572
95	122	0.10215039628266326
95	241	0.12545895919799305
95	315	0.1280707805469645
95	470	0.11114362790648642
95	694	0.11813397890330322
95	744	0.10168867807827305
96	100	0.1267000926235997
96	413	0.10057007739098424
97	197	0.14363234838676284
97	262	0.2293773758918967
97	424	0.12411908762395714
97	490	0.14346428034773046
97	503	0.36190641385390687
97	665	0.10369571428821177
97	666	0.12674400592814733
97	692	0.16130237788173576
97	862	0.10345866389935544
98	108	0.14410798621250367
98	416	0.13136285864687003
99	115	0.11803910774614333
99	238	0.1127686762594025
99	331	0.13292520404362845
100	223	0.10788943150513983
100	261	0.10846317791110457
100	539	0.1459040901461511
100	633	0.14825907966845392
100	793	0.12217805059777682
101	133	0.10471693437951196
101	686	0.1306265967729829
102	108	0.1072861712126707
102	139	0.11231646112202368
102	417	0.10422529247451949
102	419	0.10650552372457861
102	764	0.11522607973805293
102	766	0.174197744113502
103	301	0.11469488058807017
103	327	0.11200196860495165
103	873	0.10962437173765761
104	311	0.11264223483407466
104	312	0.14031676181989336
105	108	0.12507740261323483
105	139	0.3126900598848676
106	236	0.10078612360611162
106	326	0.10635211129843362
106	694	0.10497158768627338
106	819	0.11726545827432146
106	825	0.20308032464104617
107	125	0.13217328667259032
107	163	0.1281647573172993
107	535	0.10132452752368568
108	139	0.12875674184198874
108	766	0.38907286077051856
108	823	0.17005224002393188
108	824	0.11091215660872616
109	112	0.21761174035035252
109	137	0.2094478464833285
109	162	0.11675162193738622
109	870	0.10069690375425373
110	284	0.14754042554630434
110	864	0.11305972857934347
111	237	0.17510830768144633
111	660	0.11821939304484533
111	834	0.11162124243179682
112	269	0.10521159438713339
112	479	0.10358405508068015
113	561	0.1317281578359209
113	694	0.10335574533152646
113	744	0.10658766382347559
114	271	0.1343832812206231
114	680	0.10142538290746662
115	238	0.10180406261735322
115	477	0.1520435436917508
115	565	0.1231271523749472
116	290	0.22717391691711275
116	292	0.23506600967466773
116	426	0.1087321437086475
116	822	0.10162580941674758
117	430	0.11075645975743613
117	703	0.10017028084793121
117	712	0.12008439736172406
117	847	0.10922682623403555
118	120	0.1389857997063695
118	124	0.10674431483220977
118	284	0.10440696147346683
118	848	0.10833290102013751
120	166	0.1161858705837756
120	284	0.1030999219952767
120	622	0.125324276826989
121	168	0.10069116968230045
121	798	0.10847184809550112
121	870	0.12262925671789014
122	783	0.17505928322508138
122	794	0.1149968781538955
123	137	0.10112726022491131
123	432	0.2525137014582801
125	152	0.10556319855314662
125	404	0.10036415079749843
125	480	0.10482727370368788
125	532	0.24693321784701905
125	690	0.13629024776192467
125	742	0.11496736734044523
125	759	0.11943524479036631
125	817	0.15368772435846345
126	128	0.2624227593783055
126	813	0.15756756988309265
127	128	0.15654051117048745
127	235	0.181284927313037
128	564	0.13437100383404135
128	654	0.11567581509461076
129	732	0.1057838908727392
129	819	0.13336706273117732
130	250	0.10568850978435279
130	322	0.10393273761942214
130	389	0.10760412749475827
130	481	0.14731618025818968
130	618	0.5079956218981215
130	732	0.10986566217224729
130	742	0.10085098556866783
131	135	0.1427191241388414
131	247	0.15607224858993332
131	308	0.10129483029796157
131	322	0.12365459304778816
131	469	0.10625338278088471
131	470	0.12872886197947042
131	481	0.23127463702595943
131	803	0.13862520913943477
132	212	0.13704818700599625
132	238	0.10407447259426156
132	239	0.12620871361736316
132	275	0.17765379313936636
132	390	0.10927173772851073
132	470	0.10288158588046704
132	579	0.15519328087448508
132	617	0.18690652040857225
132	802	0.1010628467868214
132	812	0.11884162652871155
133	361	0.11403222497690593
133	459	0.10045644707691069
133	494	0.11786078483255144
133	536	0.1399295365832084
134	467	0.1351225726224168
134	496	0.10525143790729138
134	510	0.15201680263285366
134	512	0.10665409992393791
134	635	0.17471914972202604
134	733	0.10952914094619581
135	140	0.3631055992037577
135	142	0.3133495995791258
135	212	0.12964039376805264
135	264	0.10247483837255432
135	267	0.13175157292313394
135	616	0.14679709549259032
135	632	0.10608224679343874
135	636	0.13750011209734714
135	679	0.10521033046643179
135	743	0.12126371375429573
135	802	0.1163998463703956
135	865	0.12249523401298436
136	238	0.1478573138770627
136	275	0.13358601895160063
136	350	0.11213501282943346
136	475	0.14563877715463255
136	691	0.11820863299130459
136	698	0.1364025674243993
136	716	0.10125289298338942
136	760	0.10237135035787823
137	289	0.10762990680237818
137	512	0.14060832873989373
137	637	0.10859967963037741
137	873	0.10316945159861095
138	140	0.10144101510096205
138	141	0.35408923411425525
138	204	0.18634415131335658
138	264	0.10755730028000124
138	379	0.1316029613251892
138	388	0.11954262202045463
138	401	0.1036246064457629
138	496	0.11901632760002
138	603	0.11902366656198123
138	806	0.13233044403643912
139	766	0.17641696523793596
140	142	0.3510544540342476
140	339	0.1250403319106799
140	357	0.11009837104816433
140	410	0.10336094243329168
140	565	0.17850502603751434
140	645	0.1138502860270727
140	743	0.15617696763367164
140	802	0.10136343814939545
141	200	0.10318310922405913
141	212	0.15920360605664488
141	357	0.18178602687928733
141	379	0.10894631477842308
141	513	0.10186875808445259
141	546	0.10411186776382084
141	774	0.11078028993315585
141	806	0.10942522013634301
142	213	0.1082972571333057
142	282	0.1600066105409029
142	469	0.18002043268409967
142	565	0.12083300783198886
142	575	0.14818675786432944
142	670	0.11048195765726507
142	671	0.11653184206429734
142	674	0.12881357845370028
142	814	0.11285132850453196
142	829	0.10001975039052463
143	478	0.10373177576480092
143	516	0.10104620876249852
144	264	0.12507349559647019
144	496	0.10525399071031323
144	567	0.11176030897733737
144	803	0.1257631415916857
144	865	0.16118242695046503
145	149	0.13168921705293585
145	306	0.13054416405806937
145	393	0.11034592647997178
145	479	0.10527341402612865
145	785	0.10117129031112707
147	539	0.12638552751637352
148	221	0.14747810417431778
148	304	0.10501847271474331
148	319	0.11947881160757957
148	606	0.1114925266367869
148	850	0.1035988199996493
149	184	0.16432953805443862
149	196	0.12875440936787355
149	403	0.1079784720050937
149	628	0.10904766901487026
150	479	0.10465284417152713
150	598	0.10558765802504567
150	759	0.11785447636342467
151	253	0.10098382987851363
151	367	0.11049860354080805
151	371	0.16294190971899852
151	375	0.16312281237532136
151	450	0.12780144047404976
151	451	0.10344961786850994
151	488	0.10428320158338111
151	854	0.10915225608394322
153	208	0.17461924891657687
153	274	0.10171903360763139
153	380	0.1275708565625808
153	522	0.11252103394920557
153	581	0.11369260723142383
153	799	0.1196559361093927
153	848	0.10721832439034859
153	872	0.157638470694676
154	318	0.1292342403989035
154	669	0.1346241211472792
155	262	0.10867323657497016
155	664	0.11738933253122862
156	202	0.10709868267296802
156	442	0.10246952033959991
156	551	0.10993030101668004
156	562	0.14559050678100924
156	648	0.10308264449627064
156	734	0.10881539847221601
157	338	0.21191193307708
157	412	0.14785686047063218
157	424	0.12628702769456535
157	498	0.10313346842321186
157	630	0.13682337482625379
158	629	0.146194168306798
158	631	0.10354762648052979
158	756	0.12920277075745307
158	833	0.10183975934014525
159	248	0.10909662769845191
159	616	0.10750528800479008
159	636	0.13794723298100825
160	223	0.11955043450833536
160	334	0.12236399506114637
160	695	0.12053858364637282
161	166	0.10781024010633329
161	394	0.10554626972825207
161	545	0.11780067964167978
161	721	0.14088980682484292
161	736	0.11743455191204719
162	163	0.1899026373010724
162	400	0.10259781198805089
162	531	0.10705608207846587
163	447	0.1108825112366695
163	600	0.11181266421227377
163	621	0.10294277697632448
163	633	0.11694707594992806
163	795	0.1016982266715196
163	806	0.11229188957786769
163	858	0.11897232584241857
164	333	0.1798180756605308
164	675	0.11111002134162376
164	729	0.19165597908866525
164	755	0.10120147537948623
164	772	0.1420779093077975
165	268	0.10334260559975943
165	403	0.11878864550791657
165	620	0.1029957171361672
165	621	0.12021200755492563
165	681	0.11475028414422986
165	787	0.10096218658449638
166	299	0.12013589362992158
166	360	0.18532487439376907
166	499	0.1737560797547577
166	842	0.10743172569498226
166	848	0.14221482069301014
167	866	0.13535832384128668
168	171	0.11562687557870917
168	172	0.1094227205050563
168	265	0.2008104064231497
168	364	0.11649137513231375
168	600	0.2018324860293331
168	603	0.1126192942332648
168	616	0.13426029009911095
168	633	0.11858916647663192
168	770	0.156988329203231
168	782	0.17477575065192646
168	787	0.154945074326606
168	793	0.12642297508954564
168	795	0.19682904537971987
168	843	0.1188751293484383
169	281	0.10146646755332993
170	177	0.1546264261422398
170	208	0.10491165596894862
170	251	0.13993989968627904
170	353	0.14683673077799442
170	463	0.10542555069517144
170	538	0.1001253150167412
170	542	0.11763488581435766
170	563	0.11954408913143892
170	638	0.11535958711839214
170	762	0.10081124790899249
170	838	0.10976411367191456
170	866	0.1190829840594407
171	176	0.17114628482586267
171	252	0.10296202351731712
171	256	0.11185596531826678
171	394	0.1179722738735438
171	819	0.1340249833856783
172	174	0.14536719744598514
172	179	0.12434705690468742
172	275	0.13121115729912528
172	296	0.12306254385497307
172	484	0.21098842102283977
172	820	0.10976197546467092
173	198	0.11865003361036852
174	183	0.30093405977076715
174	315	0.13968244669632668
174	704	0.1282890724995087
175	182	0.1853311631956058
175	533	0.11618032527373416
175	811	0.12341870036504089
176	180	0.3139153455944554
176	192	0.11130233937787438
176	383	0.10217416045493859
176	644	0.10103877695853106
177	405	0.10908152309600913
177	435	0.12081137784956554
177	680	0.12525079686695892
177	700	0.10394726448370768
178	418	0.10830577978979587
178	548	0.14577836859745336
178	623	0.12923865010863472
178	662	0.14378225312152978
179	180	0.15400791130844071
179	218	0.1327377002774141
179	257	0.10540877168954903
179	366	0.12730654454448917
179	397	0.2053890169660061
179	485	0.16773157878714579
179	486	0.11038926714637806
179	590	0.15403026727498606
180	192	0.14953479913888132
180	219	0.12995520586356066
180	279	0.12607191263877926
180	486	0.13938517198385905
180	513	0.10108761749300765
180	671	0.108497239354077
181	352	0.13389984160486926
181	695	0.10027846672104043
182	274	0.169425587318616
182	374	0.117615442877226
182	418	0.10147673151787598
182	473	0.14570688071479326
182	543	0.11542557775296618
182	547	0.13443086049923214
183	223	0.10332899443700676
183	334	0.10568527686402653
183	422	0.10485175906459361
183	716	0.11340220546911664
183	726	0.11550212783822904
184	186	0.19630407839902053
184	323	0.11732350255972174
184	497	0.10284275237974616
184	498	0.12457702362270892
184	516	0.10012285316098159
184	558	0.12501380273086202
184	574	0.16015943023790202
184	868	0.11506224363403526
185	825	0.10822088757666087
186	283	0.12750394975728493
186	564	0.1083186939977698
186	579	0.11651748516607842
188	199	0.16341093385191877
188	232	0.17298232889296206
188	253	0.10753430532616377
188	523	0.23797837004315409
188	653	0.1439442842455337
188	662	0.10234602556615299
188	780	0.12948858605325858
188	809	0.1060741805149048
188	869	0.12317584076250887
188	876	0.14479010902347858
189	201	0.11120366457264698
189	204	0.14059757371290937
189	208	0.3203369016178968
189	255	0.1353491015929609
189	261	0.10584868966265058
189	263	0.13029117773787885
189	297	0.10556837013140533
189	527	0.1259536944774501
189	543	0.10244263128286585
189	674	0.12718405693031332
189	685	0.15357853906716523
190	301	0.1047226537297412
190	472	0.10828945142734497
190	578	0.1387237342877609
190	708	0.11586907422007162
190	730	0.1446806664668961
190	784	0.11801858182894662
190	809	0.129847363935961
191	255	0.1406771587708168
191	308	0.12213956104230221
191	576	0.10015410169101267
191	604	0.13939747503442143
191	606	0.11756702677759825
191	745	0.10581311404697685
191	785	0.13701695297659683
192	251	0.20848376270338662
192	253	0.13918706266201125
192	257	0.10188249641258952
192	424	0.10609208253216253
192	486	0.1104166903882052
192	541	0.1338795933046165
192	542	0.10176745750222839
192	646	0.13400763607497984
192	657	0.12363105189341185
192	703	0.11825165976374132
192	717	0.1528310546069417
192	720	0.13303731624936083
192	780	0.12808806718771867
192	799	0.12508468066823253
192	847	0.10108382924769017
192	854	0.10033822981744435
192	860	0.12941373714516105
192	866	0.10802608370800242
193	303	0.10377033921457444
193	392	0.12794049450238223
193	455	0.11842005452612007
193	458	0.1867164584702391
193	550	0.10436440121058435
193	562	0.10291350494037264
193	646	0.1258827948246256
193	654	0.13226014995722027
193	739	0.1559936286703513
193	779	0.14424002319981596
194	586	0.11502056146481326
194	722	0.11797291505402828
194	723	0.13047182717053815
194	836	0.10755382163637904
195	201	0.1392457042350517
195	659	0.1147246987663017
195	855	0.10480005593074518
196	203	0.24308163957372997
196	257	0.10834002006227986
196	452	0.14321849330746675
196	483	0.10543118343605527
196	491	0.10916229501864871
196	569	0.13403469132099943
196	628	0.10868522945276626
196	696	0.12428654189966266
196	739	0.15544127093476878
196	822	0.17317302767856832
196	856	0.10930828551855498
196	857	0.1131379794750716
196	876	0.11922897778711512
197	201	0.23290497637732172
197	679	0.11747589955729873
198	207	0.39929927167208784
198	231	0.10414915461543546
198	346	0.11237958382238528
198	588	0.12001917260792735
199	203	0.1711023412478062
199	491	0.11720203084663273
199	575	0.10334607162512471
199	654	0.11159986935603607
199	779	0.1149344034096947
199	847	0.10136349641867873
199	857	0.12238880146270685
199	876	0.13955568279346933
200	206	0.14365716663684933
200	297	0.140527407601955
200	308	0.1194469467506057
200	582	0.13507040874121645
200	587	0.11347468690877713
200	686	0.13662032053637943
200	772	0.14897237366684407
200	846	0.1759336480429169
201	685	0.11787825318178868
202	220	0.18021811030567172
202	332	0.10275081918907951
202	442	0.16420861565664097
202	710	0.12858849854348967
202	717	0.12395956763864172
202	749	0.10075810099380039
203	329	0.10462802576177778
203	420	0.11031819505751493
203	484	0.14159587023763076
203	692	0.11375036438123934
203	822	0.1697225418299405
204	206	0.11101424252146329
204	208	0.11402952280409692
204	235	0.11410477983273208
204	418	0.11185369379768619
204	548	0.1280674431250505
204	613	0.1396315173200863
204	662	0.11257397874730692
204	669	0.10354988718083871
204	680	0.10095315294519887
205	547	0.15958488876360286
205	696	0.10377086873767882
205	739	0.13606030487165935
205	845	0.20098607129135104
206	208	0.11006799558998845
206	377	0.12064583595359511
207	233	0.13037174663141948
207	348	0.13804954838488753
207	444	0.12139148614888702
207	498	0.1160228861854593
207	787	0.10746153771713396
208	376	0.120652512900169
208	466	0.10415929876101399
208	502	0.17452417121145
208	549	0.106263123988541
208	838	0.17086264181566255
208	846	0.12194825225969778
209	243	0.11228953199255863
209	342	0.12217536039471104
209	410	0.15392860756087595
209	412	0.11376357176339483
209	762	0.14360016479122042
210	211	0.12153987070537778
210	240	0.1232571775605076
210	449	0.11318235562157307
210	471	0.10116572167230972
210	672	0.1153003318842063
210	852	0.10342493453161052
210	870	0.12565128184934737
210	875	0.10544105523904294
211	236	0.10429712334287655
211	281	0.1535563332198061
211	442	0.1197440471029051
211	714	0.11042258864650731
212	216	0.19708922176304144
212	239	0.18048865260107713
212	442	0.11438281818203892
212	456	0.10480771569581473
212	492	0.11179488290533984
214	315	0.11602167604330178
214	452	0.11052435405703169
214	471	0.11397487328204206
214	485	0.2122383564324291
214	486	0.2361807748537873
214	491	0.25305450753589814
214	519	0.11383936773625265
214	570	0.14464562964925942
214	587	0.14818745549438087
214	605	0.1304620106534302
214	756	0.11982521828208396
215	489	0.11453044691141959
215	491	0.1171168793651123
215	571	0.11085849062319103
215	580	0.1527803746671785
216	266	0.1761620663188354
216	372	0.10978083641964614
216	494	0.21876626402885757
217	229	0.25364294710249
217	353	0.11855975770909204
217	432	0.12740105460218962
218	227	0.27765026035260243
218	233	0.41458882596721536
218	315	0.12748533942650805
219	243	0.10668719935925212
219	513	0.14335628057246
219	535	0.10023505002399842
219	620	0.1085442817593932
220	749	0.12840742923110407
221	285	0.10924814055297465
222	230	0.10247843607599788
222	260	0.16577222623237664
222	705	0.10430311626155397
222	725	0.12677748322523752
222	728	0.14702677645456488
223	332	0.12970940848976464
223	610	0.1008972450290267
225	263	0.11580023432577914
225	843	0.1020261122796446
226	581	0.13465596898281237
227	233	0.4135437768529524
227	260	0.1274063799860638
227	582	0.10700350137582558
228	260	0.10407621444384701
228	353	0.10019983324917889
228	504	0.1581402282759741
228	827	0.11366836947693802
229	482	0.10889557440504807
229	643	0.10418665753169398
229	837	0.10025542411440497
230	818	0.10218080981029658
231	408	0.1043840810568086
231	457	0.10402234121977581
231	488	0.11353286274657447
231	749	0.10606032266581898
232	458	0.1109595556599369
232	523	0.10439207815589316
232	722	0.16821741490914027
232	826	0.12127473006988691
232	869	0.11786028799905518
233	315	0.12179351790200375
234	466	0.13595888599756845
234	592	0.16075778820666914
234	665	0.11974820463038385
234	780	0.14669832443529876
235	564	0.2289456317261191
235	584	0.10794399936460132
235	668	0.19823836885807106
235	677	0.10344357619040022
236	459	0.11627954371933237
236	460	0.10902287246940501
236	513	0.11868446348603716
236	620	0.10671743168360263
236	770	0.11826820239309939
236	831	0.2641557613746183
237	258	0.13597617348157495
237	461	0.21177955555578365
237	833	0.38973666313610345
237	834	0.2459919642267848
238	269	0.14134336640383172
238	395	0.10841208833140412
238	721	0.19624103836968104
238	812	0.10469022566682105
238	840	0.1082960950329827
239	246	0.10676447354673493
239	367	0.1334096074482229
239	565	0.16377222411676812
239	574	0.11603057066270941
239	588	0.1396296160395082
241	265	0.1103905015793848
241	467	0.1449337407826933
241	470	0.18611484773832226
241	761	0.11348883716623288
241	769	0.10584919051564565
242	252	0.10721869676526984
242	404	0.100073763842798
243	342	0.1189324820067592
243	517	0.1236590152313625
243	620	0.10321135800540748
243	632	0.11688535189457494
243	818	0.1236849546052447
243	828	0.10167236868888194
244	264	0.11556197248996077
244	560	0.10198252631192818
244	615	0.11593737497510115
244	814	0.12129893390881301
245	431	0.15728575803407724
245	493	0.1602781618544196
245	516	0.12852899018955424
245	537	0.1786918844509492
245	539	0.39239893849979074
245	633	0.25433860925646956
245	651	0.512939376301821
245	721	0.10230369711094449
246	492	0.16076739552132532
246	494	0.123688033537106
246	574	0.14021856647192016
246	579	0.1410476343727903
247	248	0.10141433132685795
247	301	0.15869940986339637
247	308	0.13407808810389038
247	475	0.1332741694911461
247	481	0.22116220697018854
247	495	0.17728577489578226
247	504	0.10695635632238867
247	721	0.1638664643767949
247	841	0.12188734652586236
248	249	0.22239331580025032
248	251	0.1663108941646945
248	412	0.1240413158497182
248	532	0.10962275842020029
248	636	0.10000267894854452
249	251	0.11780333388078285
249	441	0.1023384530888088
249	447	0.12297924919747551
249	462	0.1467054715939089
249	570	0.14099644189331842
249	576	0.1678355154382602
250	413	0.10647462344878846
251	281	0.13370574356769593
251	333	0.10863876087263623
251	439	0.11811753679807319
251	442	0.12922436462420672
251	540	0.11217839222166337
251	556	0.10558091825795232
251	563	0.11557798815468938
251	587	0.1010851452468411
251	706	0.12604142513096944
251	710	0.14551590112753168
251	780	0.11291886487466006
251	855	0.11429272721285873
252	320	0.15503120356157135
252	420	0.14455006873824955
252	538	0.10231695752551112
252	832	0.22384864523894482
252	867	0.11110779439467719
253	292	0.10921416585192552
253	313	0.1707830534400302
253	346	0.11023243694854927
253	541	0.19186836421072506
253	563	0.1017766775137354
253	580	0.12076813563555885
253	628	0.1004929497912917
253	709	0.11323264750782716
253	778	0.1015554554889775
253	780	0.1383940888995082
253	854	0.11112722013134446
254	695	0.11414954719754138
254	840	0.11203820952372696
255	483	0.10931605987485135
255	498	0.10038886214187327
255	511	0.15737802407283982
255	561	0.15276211676858464
255	577	0.13631742743968095
255	604	0.10095070196880675
255	629	0.1112015034679438
255	678	0.11167140720004576
255	685	0.10742651596663938
256	257	0.16988292321069226
256	338	0.11262422103030975
256	412	0.1038652175916553
256	456	0.12208785063988675
256	513	0.18439040068813042
256	565	0.1015944619855628
256	635	0.2224757051035314
256	737	0.10869835246947857
256	742	0.12443544988133132
257	338	0.10458149561268545
257	460	0.13201904148441632
257	483	0.12465533704338452
257	536	0.12629961843435694
257	590	0.1551168793161597
257	836	0.10082436474462335
258	630	0.140667543221396
258	833	0.15505285728012752
258	856	0.11335447305546022
259	353	0.10861679383728916
260	502	0.10106372188489694
261	674	0.11190226568701526
262	503	0.19392324225574883
262	679	0.1074279963737338
262	812	0.1047081935201154
263	527	0.16103615212748854
263	550	0.11261179825857309
263	777	0.10397659663390466
264	266	0.1265051140921829
264	635	0.1170238913304855
264	743	0.1176679994962095
264	814	0.11307639892747293
265	326	0.10283692725725263
265	352	0.10003599620701528
265	537	0.2635096754819833
265	616	0.5606431735201527
265	633	0.37830238797975896
265	673	0.10559191678665807
265	770	0.16810238886196213
266	359	0.10529276165979437
266	684	0.13058550888782258
267	393	0.11525319805697827
267	618	0.15589091940497116
267	698	0.10820316741190332
268	272	0.12707774158210136
268	326	0.14866319670355718
268	331	0.1137352519574552
268	402	0.15694729053424786
268	479	0.1703330324191632
268	559	0.12250743918908313
268	701	0.12026975654446473
268	873	0.10195164614410322
269	701	0.1094964193118286
270	707	0.12111877195334157
272	357	0.10966373341088491
272	402	0.13112571946875182
272	567	0.10432141981189844
272	800	0.14952477919931878
273	498	0.10122884212863356
274	549	0.11770571287025168
275	390	0.14665710395808007
275	702	0.10653703265729368
275	705	0.14619495544909517
275	738	0.10753731437353892
277	367	0.10222114774364371
277	532	0.10961947529735844
277	831	0.12852225843864312
278	536	0.10758166827759573
278	588	0.11100719406513077
279	280	0.11498960307432823
279	315	0.10596493000084121
279	317	0.10913659313355642
279	594	0.1084282599377845
279	768	0.12632878688091517
279	829	0.1338483969956386
280	296	0.3141657104068072
280	300	0.17937678197436538
280	310	0.16909671735056309
280	594	0.13691242930212766
280	820	0.12743049019270725
280	826	0.13788915085929104
281	336	0.10531927059890885
281	615	0.12421890548899886
281	634	0.23347234118169724
281	691	0.11624013225437567
282	326	0.11683302666726715
282	379	0.11932694746079857
282	395	0.19781369302438925
282	560	0.1351042454907823
282	575	0.10992244881899399
282	647	0.12827755459314552
282	671	0.11313315921956471
282	814	0.10536023403538682
282	840	0.1467361626517765
282	851	0.12139528645525574
283	684	0.19088249453056735
284	499	0.1255573118717247
284	842	0.12665703236990156
285	650	0.2808431914693519
286	632	0.23290001459102835
286	711	0.11783440788506516
287	293	0.10513549264304914
287	443	0.10493671945263532
287	596	0.12755406581205764
287	609	0.1901418556269072
287	612	0.10391696033041695
288	342	0.1068050095739439
288	384	0.122267261116586
288	540	0.15077569679672528
288	761	0.1006596938808609
288	805	0.121359576602325
289	538	0.1137649265084838
289	562	0.11833158942485032
289	576	0.10254150450378757
289	688	0.10216597919873484
289	701	0.1323693843030815
289	873	0.10573508648272296
290	312	0.15358102391352327
290	366	0.12303415602650544
290	422	0.17998535687219935
290	426	0.2336881542458472
290	430	0.11268192565702773
290	452	0.15671405626137513
290	463	0.1931447130352576
290	521	0.1610550291470799
290	715	0.16016475372987318
290	863	0.10752568012332525
291	863	0.1295001274096459
292	311	0.16288329742843596
292	312	0.2887852263197456
292	422	0.21178215305284057
292	521	0.14004001849394668
292	523	0.16065225165711863
292	563	0.12738685385355955
292	711	0.14415889869145948
292	716	0.11187687659416863
293	309	0.10283850490762048
293	612	0.28753539687127794
293	703	0.1719621003610224
293	712	0.1087685679621432
294	415	0.3014517071691199
294	438	0.11888891589946551
294	595	0.1210945101401741
294	712	0.18628376529552268
294	713	0.1190932085386359
296	305	0.21320388771297402
296	820	0.11550999549699972
296	826	0.1598711472508863
297	332	0.11716952823662023
297	647	0.1389072148189588
297	650	0.10526909504444737
298	342	0.10325928958101532
298	384	0.1388855445570748
298	435	0.11412095734466421
298	598	0.14892765404111985
299	306	0.1297611625402057
299	612	0.11657806663961238
299	711	0.14883301339881888
300	310	0.41162615632468136
300	397	0.1072634193613514
300	589	0.13487860420768358
300	726	0.1283990192551453
300	820	0.12912615402039085
300	826	0.14334712109522257
301	302	0.13731142653044193
301	504	0.11882561960202005
301	570	0.10835268513836352
301	681	0.10625331993730716
301	760	0.11638139082662328
301	784	0.17928528525138032
302	319	0.10643099793335646
302	320	0.10008591112589803
302	673	0.128824356500955
302	733	0.1641560074687511
303	453	0.1139948201426451
303	617	0.10216894470621783
304	319	0.11028720436482004
304	353	0.1293235587145465
304	384	0.10771813239370864
305	589	0.10496407264669874
306	354	0.13705758682185887
306	572	0.10392204882681579
306	711	0.12729428528711456
307	609	0.11070718384894389
307	612	0.13968378358874628
308	382	0.12553928401025294
308	484	0.16484309128570176
308	486	0.14955533692710088
308	489	0.18507011271661394
308	504	0.10338313613008276
308	525	0.12292972731640965
308	568	0.10027309682705901
308	774	0.10396855098173617
308	851	0.10809906541370508
309	438	0.12567703423628782
309	483	0.10838969678275368
309	596	0.10982935728381296
309	706	0.14560566392452254
309	779	0.10073157854856564
310	589	0.11315653173136903
310	594	0.16176427115120828
310	820	0.14288703206990064
310	821	0.13341810994582462
310	826	0.1848916066720143
311	702	0.2759949453756475
311	731	0.13720124654805999
312	422	0.12552793586160052
312	430	0.190919345127729
312	773	0.16845693907636092
313	437	0.1079127237168568
313	632	0.15943585136104443
314	444	0.14687941069740354
314	472	0.16709821712046222
314	769	0.113358993436174
315	318	0.12174118993078561
315	319	0.10859854445550042
315	452	0.13215795726355223
315	463	0.12184249821051821
315	491	0.1165479471530236
315	704	0.10725945466695647
315	709	0.11345396672714485
315	844	0.19548476465617276
316	390	0.10401219445210642
316	439	0.12664670607490247
316	562	0.16014452354998762
316	689	0.1009040218588389
316	694	0.11463053750333656
316	719	0.10176881389683066
316	772	0.11205946475213677
316	812	0.10609766457355867
317	390	0.19687029909699627
317	640	0.11253538817424714
317	865	0.1110437616218586
318	411	0.15823002312938855
318	420	0.11147970706468438
318	527	0.12485468889217907
318	780	0.1334919799337843
318	847	0.10825850333455972
319	556	0.10485742937435835
319	859	0.11632012612584271
321	367	0.11970208077686943
321	684	0.1227774403964062
322	470	0.17211410335767624
322	481	0.16252165797628448
322	737	0.12626636324131735
322	868	0.10496860788778345
323	409	0.10486497526676009
323	495	0.13669847833404042
323	644	0.1132320705625199
323	759	0.11676825953238819
323	868	0.1121483426969923
324	420	0.11717037626661582
324	877	0.12457057314241132
325	592	0.12988159341640027
325	624	0.4084253028198752
325	751	0.15257312327734454
325	753	0.1734338397697911
325	755	0.29076781979161637
326	559	0.1074389554510305
326	875	0.1405358197652233
327	345	0.1079139606798667
327	413	0.11447638495673353
327	760	0.1300570819983894
327	873	0.10583183305850402
328	330	0.6148810568812628
328	668	0.20784876770601327
328	676	0.17831842704630288
328	801	0.10117435015830216
328	807	0.11726313886762053
328	808	0.16646763479654209
329	370	0.11850653717845788
329	375	0.13155734027677407
329	450	0.21279528864264918
329	528	0.12672489128938136
329	652	0.27836158157691615
329	653	0.2149367770781926
329	655	0.20960005538072435
329	656	0.2986593111506362
329	739	0.11912313861739904
329	845	0.10472328328033757
330	668	0.18716347019964058
330	676	0.20405380695205516
330	801	0.15754319948118795
330	807	0.1579903674519273
330	808	0.11040024003646495
330	816	0.14584615537178305
331	475	0.11031881744308164
331	479	0.10669124822344049
331	524	0.11641127995943745
332	556	0.12342448747138046
332	647	0.10052610339169796
333	342	0.10960370076671119
333	613	0.10661343219127695
333	706	0.1103332194681695
334	343	0.11821618136452046
334	586	0.11396156161134702
334	661	0.1147779382777439
334	679	0.11945878816099803
334	759	0.11417630044510983
335	497	0.1187591820231719
336	404	0.10335289787487446
336	559	0.11221754230957373
337	339	0.10148734832702874
338	393	0.10251136677491289
338	738	0.22459378624638748
339	349	0.10933745118660133
339	639	0.21170242242194773
340	362	0.11336479771650343
341	390	0.10879454300371462
341	720	0.10870201254246997
342	401	0.10669187573775965
342	412	0.1089138736698303
343	350	0.10385795978033784
343	389	0.11933745047244454
343	685	0.2024861156581921
343	746	0.12402553955115472
344	631	0.10264149025828317
344	756	0.4422058967512207
345	353	0.12283155876203349
345	530	0.11789208725596129
346	347	0.219655487183333
346	348	0.25206518108652537
346	660	0.1338868765104599
346	711	0.1040124355483355
346	712	0.10345827356809886
346	716	0.19320470996929548
346	717	0.1631043003499391
346	724	0.10586677935034104
346	862	0.12106255361521512
347	500	0.13325147482842745
347	506	0.16151010106197314
347	709	0.11164184187760717
347	720	0.15288603029664408
348	498	0.1596833238337662
348	506	0.1489519414548861
348	590	0.1002843711726564
348	683	0.13380057835098685
348	704	0.210072174379663
348	707	0.11684453298747213
348	762	0.10568751713122237
348	822	0.10464244922462211
349	434	0.1581415032703051
349	477	0.13090780245275474
350	471	0.10790070875760972
350	513	0.13288408040521266
351	397	0.10073138344177428
351	472	0.15356049151090712
351	516	0.10490549897508436
352	356	0.14232769098640885
352	360	0.14696495486713904
352	639	0.11491519881821573
352	831	0.112095768566663
353	542	0.13547664567675266
353	817	0.10798228163416021
354	592	0.2505478334771712
354	593	0.20929241529893663
355	359	0.18771613170516843
355	362	0.11971623571545645
355	769	0.15339941531347612
355	800	0.10666107317040997
356	378	0.22205249679641395
356	552	0.10362477926976693
356	555	0.11282133842335619
356	752	0.23191724169606207
356	837	0.17202663635045523
356	842	0.1155391868720976
356	848	0.1443607520331532
356	879	0.13185517122574167
357	359	0.10396064359911909
357	361	0.2092230997086688
357	372	0.1566526637018184
357	516	0.10754292058977984
357	529	0.10025497263956806
357	630	0.18554506827645637
357	774	0.1107431095075574
358	381	0.10407102498015737
358	552	0.15674320635465308
358	750	0.12304772829662153
358	799	0.14165208999969325
358	848	0.16194738295122124
359	361	0.28258215765918737
359	362	0.15167504469456203
359	684	0.2422517645360686
359	769	0.11147060014175883
360	363	0.22992765917545394
360	381	0.12210356839095574
360	398	0.10061090920558055
360	436	0.12638951187737238
360	448	0.10259320117134998
360	552	0.10631801029405794
360	581	0.20004710730263442
361	442	0.13896452875094178
361	458	0.10482105738783572
361	665	0.10772159880627472
361	806	0.12672604592146747
362	372	0.12968152275971245
362	465	0.10259021342028336
362	469	0.10539131290372407
363	398	0.14305829728424987
363	436	0.13066751300754395
363	499	0.11927437217845398
363	555	0.1708991031415873
363	828	0.2245312869295203
363	830	0.1446655450060927
364	431	0.14374468893071984
364	600	0.10966698404469323
364	796	0.11979055955303801
365	370	0.32312929794163975
365	371	0.29504386653116776
365	528	0.1817316793305992
365	656	0.1423814313730251
365	696	0.11652771776928483
366	380	0.30295532489503013
366	397	0.10749571218743849
366	703	0.13177518704546853
367	421	0.1518795130024502
367	762	0.10915333457322869
368	513	0.11177336095984548
368	520	0.13967958613701656
368	533	0.11157717417588346
369	380	0.1406051212104777
369	382	0.11314242361984153
369	548	0.1944243449068616
369	662	0.1036093197042623
369	716	0.185536108932249
369	846	0.1967738356929225
370	371	0.23600186922581684
370	375	0.3241947656369019
370	528	0.21170160788121528
370	646	0.10746151975462928
370	655	0.1680601380759783
370	656	0.15470363838669526
371	375	0.2968926548845665
371	453	0.15958835376085234
371	528	0.18088426118480344
371	653	0.14876373966669826
371	654	0.17209707709286956
371	655	0.13590771646565644
371	656	0.20417453643114192
372	705	0.10094727727751149
372	708	0.15483740936898147
372	730	0.23327541578270958
372	774	0.12279813627306468
373	380	0.2382159675048479
373	382	0.14013442698809472
373	706	0.16549054962349835
373	707	0.18424988238212023
373	709	0.15265515697487428
374	527	0.10802870114677662
374	808	0.11308670268131173
375	450	0.21907694186005544
375	628	0.17513891061103776
375	652	0.14010774947027035
375	653	0.2854289706583654
375	655	0.21640700176642277
376	527	0.10585772961904542
376	544	0.11191217884500303
376	549	0.16475045899387644
377	558	0.12529168590583223
378	436	0.34417120586216865
378	522	0.15836247752750157
378	552	0.11215212945381237
378	580	0.10599693312353631
378	581	0.11430086370629526
378	752	0.16407587303673013
378	789	0.14956409657940248
378	837	0.17390454919536827
378	864	0.1650666716174036
378	866	0.12583305293912098
378	879	0.24150161778389836
379	446	0.10075934784349293
379	560	0.11242543020027493
379	640	0.10387632617455551
380	473	0.1070703754079187
380	544	0.12748920057141433
380	646	0.12237870618094968
380	703	0.18335809391363922
380	709	0.13552418325882384
380	720	0.11287778962494012
381	811	0.10822796000992034
382	475	0.10869012758962024
382	559	0.1311500211338282
382	743	0.11751392602331469
383	410	0.10840972702183319
383	643	0.101075992932408
384	598	0.16369229711692407
385	476	0.10742793531723628
385	867	0.10625564443944155
386	514	0.22389813115848134
387	520	0.3225648997882526
387	533	0.14826848719794708
387	649	0.14629000952504756
388	401	0.12923134051018564
388	644	0.12478183491829528
389	430	0.10108047592395386
390	394	0.1256967618650809
390	589	0.1265574623615692
390	648	0.13694208381573572
391	396	0.4052201537477096
391	465	0.12821814922650415
391	466	0.146061173795354
391	555	0.10593342109620982
392	468	0.10685613853248685
392	522	0.10203323309519419
392	754	0.10019563178637812
392	775	0.15246411742182972
393	542	0.24605464206091004
394	396	0.14231211221979406
394	503	0.11580984349053756
394	513	0.12868994718964058
394	666	0.14169841111004536
395	517	0.10213272792213905
396	568	0.11158241697286683
396	581	0.13314946057458607
396	629	0.10758217057258458
396	665	0.11043065285743617
396	789	0.1021760028294024
396	797	0.12667876617451462
396	829	0.14840802065597572
397	499	0.1377694583222865
397	726	0.12050588166957145
397	750	0.1033300906105874
397	779	0.11896448011192487
398	830	0.10384842098819155
398	861	0.11963090748847292
400	422	0.1103820660060355
401	763	0.1091101082397408
401	806	0.12559404508893598
402	434	0.16899936989720937
402	476	0.10264745321405781
402	563	0.10627486834560437
402	748	0.10405731164690725
402	873	0.10583980881668477
403	787	0.19893593151228003
403	793	0.12993402592019887
403	800	0.10006831395642074
404	474	0.11904793794063458
404	559	0.14449599369000113
404	695	0.1339241684942403
404	742	0.1354446212455388
404	840	0.15459563387480496
405	484	0.2169361029126802
405	485	0.11039636136415444
405	486	0.10034195910849442
406	454	0.17829321716575725
406	469	0.12474146617034496
406	490	0.11885066089030638
406	500	0.20134070758019515
406	506	0.10194204541921675
406	686	0.1637573544252167
406	710	0.10035437451231077
407	417	0.11408217533024
407	419	0.12146129645646134
407	429	0.321921885307682
408	411	0.3431515065853192
408	427	0.12334741776218532
408	624	0.31065400973536644
408	753	0.2589543570896822
409	644	0.10001392413462848
409	746	0.12477905919114463
409	759	0.10374690214511967
409	771	0.10225216705349822
410	496	0.12566212512710848
410	558	0.14966138109216917
410	643	0.12586054049771211
410	802	0.11894410256814025
410	814	0.11527966970118
411	753	0.1854987409865236
411	755	0.3662028890921296
412	444	0.11102543897930377
412	641	0.10035741226060102
412	643	0.17563455284418977
412	800	0.11880556371349739
413	533	0.11460419536875385
413	746	0.12481989437416571
414	431	0.1242299351742823
414	449	0.13122987694670749
414	796	0.101906642804064
415	595	0.12413596988472554
416	667	0.1457273343555418
417	419	0.10084438774701791
417	429	0.1897969913449769
417	432	0.10875212188432469
417	573	0.35031708593555044
417	786	0.12904492493379932
417	824	0.3075270032418075
418	473	0.10986312974045623
418	539	0.11758678873631424
418	551	0.12755827410946924
418	841	0.10939805153759127
419	429	0.3324071039194689
419	823	0.10747829253873403
420	503	0.22950378845302838
420	725	0.11394366437336538
420	739	0.2328276184800794
420	774	0.14993337636152956
420	779	0.12356360126954659
421	482	0.1208047996457206
422	463	0.1781827278060104
422	491	0.12725140950473274
422	713	0.1275587318904008
422	771	0.11750877975336099
422	850	0.16628483325525872
423	427	0.32689051591697876
423	540	0.10322803285418838
423	624	0.29933730384625895
423	683	0.11632526544456205
424	482	0.12071420502256468
424	500	0.1454259106364693
424	590	0.10426290592420909
424	627	0.10161041892628615
424	630	0.3289818937411863
424	679	0.14777891293431766
424	686	0.1372702603604562
424	835	0.11665611856243427
424	836	0.12672637801537684
424	855	0.12880409806995122
424	857	0.10861922216529137
425	432	0.13668659841295625
425	446	0.10538048373886721
425	546	0.1221914475137682
425	640	0.11236152160481004
425	642	0.18882354302223736
425	702	0.14077293762835466
425	740	0.11243367938188487
425	879	0.10650923824011287
426	606	0.13730962415427964
426	863	0.10284674898499871
427	465	0.11920221484188216
427	751	0.19559373925248336
427	776	0.12282196437672072
427	805	0.11681966730276937
428	629	0.1061828076089266
428	855	0.10851914021304393
429	573	0.14712153054367236
429	824	0.29907678266835735
430	463	0.1183430387762728
430	660	0.10410547753217934
430	712	0.11822164458508393
430	734	0.1331198629035903
431	616	0.14059749819668746
431	633	0.33289635691812164
432	747	0.12220629237491382
433	441	0.2695012017475069
433	445	0.21778153286446825
433	447	0.15326428506842946
433	559	0.13557748189138918
433	621	0.10301164490290773
433	701	0.5097957200556277
433	706	0.16643075560432988
433	713	0.1125459730714504
433	729	0.13039209079402342
433	760	0.1014201644331199
434	444	0.18285880221846254
434	651	0.10564750291870277
434	698	0.2959173787414741
434	699	0.1141002646345572
434	707	0.24087347668794679
434	841	0.1561454222423343
436	448	0.18082072699576268
436	581	0.17169715146531514
436	778	0.15411960357054874
436	779	0.11004595363390526
436	780	0.10466689716867944
436	789	0.10736521710189824
436	799	0.13509763710363784
436	829	0.10296178329712205
436	830	0.1436619369402061
436	837	0.10050221489501279
436	848	0.27106681757234563
436	866	0.1833309012343357
436	872	0.1989076051739489
436	879	0.10936526705574938
437	439	0.10060078119799745
437	445	0.14792557546369156
437	638	0.19051299390177667
437	679	0.10092931059105091
437	701	0.16130999549341382
437	711	0.13334683268439904
437	715	0.12714469060485872
437	870	0.11351468363231611
438	443	0.13681492799688172
438	712	0.1263173807928478
439	441	0.19664243846480137
439	447	0.20578018537412723
439	701	0.1498069169450303
439	703	0.13149044203925836
439	709	0.24808830930309675
439	794	0.10297632509046967
440	468	0.10567776387555336
440	631	0.1275363396989701
440	671	0.1303608208947676
440	706	0.11077477873473934
441	445	0.3356806221511184
441	664	0.14711140149965776
441	698	0.14766381624087163
441	703	0.10094687941989275
441	712	0.16296899354318276
441	784	0.12501109920612657
442	714	0.3790367623732911
442	852	0.10013808128992502
443	591	0.11314011901408035
444	472	0.11411999363563415
444	707	0.16329413652323863
445	588	0.13096400181824328
445	674	0.10888110433077136
445	701	0.21059862091803502
445	709	0.192994026112897
445	712	0.1994040599204702
445	713	0.1959613378579923
445	729	0.14419235995102248
445	747	0.10896865339928559
446	614	0.1110732871545321
446	621	0.15254726024424659
446	702	0.24144081667947773
446	705	0.23749086148476145
446	730	0.12773987865828448
446	757	0.16795542609595074
446	825	0.10224262692779289
447	619	0.10034693107109004
447	695	0.1177539591422737
447	701	0.23434620841599055
447	715	0.15549439906269008
447	719	0.10359056501507487
447	763	0.19244274378152154
447	811	0.11379757115027146
448	842	0.12344291828613196
448	879	0.13964083054779805
450	453	0.15676722177086366
450	455	0.3354354335581133
450	646	0.11047033597883013
450	652	0.3793491677667062
450	653	0.18817435854865802
450	655	0.2533660381668715
450	656	0.18325124525138264
451	453	0.10954458632335706
451	652	0.2250851823647374
451	653	0.12540590615006336
452	463	0.24783317402319213
452	570	0.11811943769630269
452	703	0.14594297126626804
452	709	0.13893517044306702
452	739	0.1254092333372643
452	792	0.11940958567502918
452	844	0.12662467843406192
452	859	0.1000393143422456
453	455	0.16500300545254296
453	528	0.11931710059064868
453	652	0.12634035764952306
453	653	0.2589227617176953
453	656	0.19467138324925748
454	457	0.1818710349718096
454	487	0.2934573046624321
454	490	0.18795254905945397
454	498	0.14518822819081875
454	500	0.2940133714966505
454	505	0.17492369897366244
454	686	0.11787442196799958
454	707	0.10530924994086781
454	710	0.10771209333446732
454	724	0.13077322721844165
455	646	0.17895687921696019
455	653	0.15169172948731385
455	780	0.11191162201887642
455	863	0.1514734923700398
456	467	0.10267338559001786
457	487	0.44196644726391376
457	505	0.14643574152829877
457	707	0.12897375009086923
458	547	0.10819606601749909
458	548	0.1292908007926447
458	684	0.10288716615766023
458	726	0.10012838402448969
459	674	0.10896146585418129
459	765	0.11058985652556377
460	833	0.35471385027766034
460	835	0.41171084987067275
461	833	0.16892354113043523
461	834	0.10442939065424235
461	836	0.23593676547514028
462	463	0.2281316520748391
462	621	0.10193449284053888
462	692	0.12863219602780335
462	822	0.14974291951102578
462	858	0.11778960619785164
463	521	0.14619009535437255
463	541	0.13678809114743076
463	714	0.10763229848535466
463	767	0.11572769002671986
465	466	0.19361360745264772
465	671	0.10485145235841065
466	593	0.10669732048342594
466	666	0.12694843907368494
467	468	0.11357955380888296
467	768	0.16053913685196314
467	769	0.1015610558024265
468	775	0.16105809212056185
468	777	0.11151304463937521
469	562	0.10387341748431354
469	566	0.1414271720075245
469	617	0.11403521997567428
469	825	0.11815805477653592
470	481	0.19514897130680675
470	516	0.11171025465517569
470	562	0.11828753863036866
470	737	0.15432096340882842
470	841	0.12874310190733185
470	871	0.13641057061493536
470	873	0.1311849270682162
471	512	0.10794899815712512
471	515	0.2767427306589588
471	576	0.13228708347355525
471	577	0.16126844104676957
471	678	0.12394073554065527
471	729	0.11203316579407382
472	516	0.15067290093949465
472	597	0.11224330623259016
472	681	0.12525166838571075
472	871	0.1623381862575112
473	547	0.19306150942539832
473	646	0.1385677972097719
473	845	0.14080527117388217
474	495	0.12148245031700736
474	699	0.1112708700402165
474	704	0.12006162615085492
474	741	0.12864460964949814
475	495	0.10252440425221739
475	615	0.15832589028305663
476	478	0.10659211817506026
476	687	0.11042538918619214
476	701	0.12071062826800363
476	767	0.11024662069023551
476	873	0.13323280155857017
477	479	0.17821135070548763
478	620	0.17057887742571895
478	623	0.11256927561664529
478	687	0.2481412139128013
479	762	0.14526438442001802
480	687	0.16783932686673178
480	817	0.1134827706195324
481	721	0.12472386220084049
481	736	0.12286482203772163
482	488	0.3457892441392817
482	490	0.17478541074545187
482	498	0.1194526922560675
482	500	0.33140146268589654
482	501	0.14739842404648196
482	669	0.13149580634236138
482	720	0.1091454944419499
482	749	0.11482701092091147
482	855	0.11282584215616752
483	485	0.12579339372707127
483	491	0.2193649355301694
483	659	0.12626206717669172
483	754	0.10592387803500111
483	855	0.17901198307387747
483	856	0.14308869223621218
483	857	0.13314167701806676
483	869	0.1755393276342792
484	489	0.2793898850365784
484	568	0.1440392884700986
484	599	0.12184132425569404
484	663	0.10568868448885382
484	752	0.12748440269306416
484	868	0.12078576554327435
485	486	0.1016876132276182
485	489	0.31457435771222236
485	570	0.16548612160765058
485	571	0.10233665632548634
485	776	0.12805910679775567
485	869	0.2694063124077907
486	552	0.11987458885423763
486	561	0.10889881226322479
486	605	0.15889104020739733
486	667	0.10917855533692336
486	723	0.1091806413384512
486	776	0.19675407486128813
486	812	0.11798093307814717
487	500	0.1142982311162388
487	676	0.10855621597480729
488	498	0.1513551222889223
488	506	0.11274014491011547
488	720	0.12648297591545993
488	856	0.1360956352773658
488	862	0.10922747959622989
489	552	0.11270210688811995
489	570	0.13092756875920547
489	869	0.15760247135163089
490	501	0.13675319625543397
490	505	0.23015230163067427
490	630	0.1285437203858422
490	699	0.12972373988931854
490	716	0.11682228341075016
490	855	0.12458731316168012
490	857	0.12161375224848422
491	571	0.11772401090625781
491	576	0.12913803956784897
491	587	0.1062905670023233
491	678	0.10528400822663964
491	712	0.1110057521877548
491	750	0.12267145346214571
491	754	0.16326708739982007
491	776	0.16689745434534467
493	539	0.3178964039826149
493	651	0.20136531452565362
495	532	0.10639011858492183
496	575	0.1304152678497715
496	802	0.11277331880888417
497	661	0.1184117864063074
498	571	0.10734356909162207
499	522	0.3568361341029228
499	599	0.24079350206096733
499	799	0.19487029263614228
499	828	0.23106895803185679
499	842	0.11042765682916238
500	501	0.10005700993671852
500	505	0.24656687112905032
501	505	0.11547970982350643
501	506	0.17805601516146138
501	575	0.1058416048277181
501	590	0.12454956972577001
501	682	0.11845571575032962
501	704	0.13497274594117284
502	679	0.10112163672666666
503	669	0.12139086628536448
503	675	0.10415177326126611
503	725	0.1088232098642553
503	856	0.20119203756163545
503	857	0.12682366679626783
503	862	0.21379086174493941
505	575	0.1238686287389875
505	699	0.12567499430414986
505	707	0.15893146624813473
505	735	0.12070273122757308
506	666	0.10279061632342912
506	683	0.10980122304907107
507	695	0.10316873967048967
507	733	0.10347407668916099
508	590	0.13674475768366287
510	531	0.11002005525462863
510	713	0.11466439845492384
511	676	0.1760978017320165
512	513	0.13783128354240962
512	515	0.16897171318769344
512	557	0.13102016338789274
512	636	0.12880928787746185
512	637	0.12069031716448236
513	518	0.11564693012797853
513	583	0.1323744577286747
513	635	0.16511993585726792
513	691	0.10099631711619772
513	858	0.10684402545393056
514	769	0.10730234895623697
515	570	0.11540782686718334
515	576	0.11536639263167392
515	623	0.10046792770752942
516	538	0.11390411193408569
516	588	0.10576550326523801
516	651	0.12530040634103354
516	721	0.10475510551415473
516	841	0.1067242652714793
516	868	0.17433012732832626
517	557	0.11220284532083254
517	640	0.10574820492939427
517	697	0.13111252226125042
517	727	0.1323584425802781
517	865	0.17053685951365682
518	829	0.10552582663455153
518	847	0.11644662390385162
519	756	0.18630553638778022
520	533	0.21326665422414073
521	773	0.11796889513502115
522	599	0.1226072846654103
522	754	0.1268039149009661
522	799	0.310630529048338
522	864	0.12535563666809513
522	866	0.19882499099632517
522	879	0.41468989026271225
523	788	0.14252526586767755
523	822	0.268434096610759
524	701	0.12678755925336918
524	721	0.11601987602300308
524	725	0.10428205119903741
524	732	0.13225497309704712
524	812	0.11432568698071872
525	790	0.10163593026502855
528	628	0.11386268827294423
528	652	0.1243721999188104
528	653	0.10748103292024376
528	655	0.12827446150839103
528	656	0.29948856704146487
529	827	0.11786101428462308
530	714	0.11768355430713888
530	781	0.10745727082235537
531	534	0.41535602911542696
532	817	0.10122152247239359
532	831	0.1068955434991545
533	701	0.10900070974254834
534	585	0.10715890675312437
536	542	0.10180307753180359
537	616	0.3502968346401325
537	651	0.2843092542291122
538	825	0.1596684425111352
538	867	0.1219083738811591
539	651	0.47905064095331445
539	721	0.13731382522170535
539	790	0.1232118489392591
539	841	0.1121723149070163
540	679	0.10740047020556646
541	646	0.12282142688808463
543	550	0.24145275990558546
543	764	0.14068113847525385
545	810	0.10248887288476367
546	712	0.10199961377652289
546	776	0.10776815230087602
546	832	0.10319437757450094
546	842	0.1366093984134777
546	866	0.11994303972567873
547	548	0.2821323932035206
547	684	0.10100927425150166
548	662	0.11512630799212947
548	846	0.212297767610441
549	808	0.10193736452777592
549	826	0.20808245360714125
551	638	0.1255248690827592
551	761	0.16866501857948507
551	862	0.19138373076426624
552	599	0.26099895401874995
552	624	0.1389555274133733
552	702	0.10889274039491437
552	730	0.13046078604608563
552	750	0.15203996817060228
552	751	0.10178333444534902
552	774	0.11262297041510161
552	776	0.2266428960212074
552	778	0.21525775127476593
552	818	0.12131932189415663
552	842	0.1590226934933592
552	848	0.10375452715664908
552	864	0.15112948099622575
552	879	0.16061182782839875
553	673	0.11797751883876247
554	556	0.18178369524752186
554	710	0.1124396240764903
554	798	0.11329766968278268
555	776	0.10743329987248021
555	879	0.12247045347180713
556	768	0.11325516181476473
556	855	0.10291343965156925
556	860	0.14278261386539026
557	640	0.1275837811630959
557	697	0.10139340663447444
557	865	0.13162514824942573
558	867	0.11437762322020742
559	560	0.11706092496886857
559	621	0.11104405777916006
559	734	0.11875381068427641
559	763	0.10881896498455614
560	775	0.11398954787252101
560	777	0.13488517643455772
560	873	0.11111020457090628
561	605	0.14334158105022218
561	812	0.11206817663433863
562	873	0.10601766976024687
562	875	0.10269367396165856
562	876	0.11648015699206156
563	566	0.10179279637679192
563	570	0.18244378510533002
563	577	0.17852771149230592
564	675	0.13959449726209452
564	815	0.10733881749006055
565	575	0.14103754787753636
565	577	0.10497667003700514
565	579	0.12125912609662995
566	574	0.13631238051821956
567	568	0.19502393704476612
567	580	0.18127230353845322
568	580	0.34264009186159583
570	576	0.2109419214758202
570	587	0.1538589491880618
571	598	0.11994000721579204
571	601	0.19669999355086604
571	624	0.11977028184223423
571	659	0.11395354476221509
571	714	0.10330441494045842
572	730	0.13336608956041607
573	788	0.13160290521922585
574	579	0.4372189429628562
575	579	0.1523528938149036
575	622	0.10426008226361641
576	577	0.28624870774857053
576	587	0.3019675036710911
576	678	0.11392459927211768
576	728	0.10325580503707381
578	643	0.10415938698022113
580	601	0.100633461933742
580	672	0.14550644978132193
580	711	0.12226530412094369
581	659	0.11035595888576619
581	778	0.12086875336454077
581	799	0.14690226425716227
582	584	0.11681040113647188
582	857	0.10092092046648486
583	739	0.10401946732570151
583	761	0.10477999759644516
583	857	0.10642276368700675
587	626	0.11783136013474947
587	759	0.11033381757007123
587	765	0.10380258470176633
587	869	0.10411969683601294
588	595	0.18290275300543687
588	596	0.20164090011393718
588	635	0.15556035001328883
588	674	0.13363144716639788
588	709	0.11744355783121235
588	763	0.14363790419317762
588	867	0.1153696489712979
589	617	0.1231792569303386
589	648	0.13911270972916467
591	592	0.14195796334773836
591	593	0.11540138160703971
591	706	0.14578725682447458
591	789	0.1098621225913311
592	593	0.24052315712768454
592	596	0.3923793234329618
592	693	0.10145227674032645
592	703	0.15366945051616412
592	709	0.15147750850423033
592	739	0.10770331386657937
592	789	0.11621089835466174
593	712	0.1354481169478075
593	713	0.1241452876582143
593	861	0.15153344493210566
594	723	0.11120546876707375
595	596	0.1566262877590097
596	680	0.1060274976846474
596	693	0.15715216622020278
596	709	0.11414128676732344
596	713	0.10660015050361675
596	753	0.11099627304379801
596	789	0.1364034850320385
597	681	0.11726305116104167
597	871	0.1004796560336456
598	714	0.17859921188967648
599	624	0.15846951324193295
599	661	0.10893913987471163
599	730	0.11949579981772838
599	752	0.2916504338269565
599	754	0.2215495487097435
599	864	0.19517489611895059
600	603	0.10509674921482595
600	695	0.1267844727699782
600	767	0.1625184413584955
600	795	0.10148760663546177
600	843	0.1431426893684563
603	644	0.14675747645374357
603	720	0.10035905187190128
603	727	0.10193300834645203
603	758	0.10919787266508474
603	770	0.1126080983563566
603	843	0.15486583689166922
604	605	0.41159043338627144
604	606	0.39359992449446646
605	723	0.10685871000967191
605	812	0.11121872924120513
607	609	0.11044802107586278
607	612	0.16410933433424763
608	609	0.16953626750489056
608	612	0.13634670137594973
609	612	0.19227090730556362
610	657	0.1411192482066125
611	719	0.10566981081258241
611	729	0.1388071480827636
616	633	0.5745646268054115
616	673	0.12017324074913428
616	679	0.10990262167427299
616	770	0.12190282642342978
616	843	0.1166196400890155
617	696	0.12738931148430643
617	863	0.1339002208941966
619	714	0.10555945202640715
619	715	0.1133595027957821
619	805	0.10026260336116366
620	623	0.18689886584769
621	698	0.10851925768978446
621	851	0.1174196159273768
622	663	0.1022661618037875
623	758	0.15470658850015226
624	739	0.11135134419634114
624	752	0.12479387888441781
624	753	0.5014139334062517
624	776	0.11453347374505862
625	732	0.1093109100141691
626	631	0.2529924108841184
628	652	0.10492498930063872
628	780	0.18520085860652935
629	720	0.13968493341001048
630	675	0.13499576830165042
630	738	0.10345084780379349
630	855	0.26006568215967607
630	857	0.1716449717782978
631	671	0.1292325806550011
631	706	0.10361384533955588
631	788	0.1449340124333414
632	865	0.1041530088432688
633	697	0.11477628341396776
633	770	0.12956716677840105
633	783	0.10113453542395943
634	637	0.1692195363961317
634	645	0.1080982857935314
634	759	0.16461581053059035
634	760	0.12541639252867723
635	737	0.12360033410046882
636	851	0.11648119000492181
637	719	0.10452416414762135
637	734	0.10795223899523583
637	770	0.12952628619237394
638	761	0.14314091409333213
640	644	0.10187453873085194
640	718	0.10543531305582264
640	731	0.11984749419582666
640	771	0.11092485097974206
641	643	0.15982800952404178
641	714	0.11353966064340287
642	872	0.10239729385195782
644	771	0.12024313483565204
644	781	0.13425043796247865
645	718	0.1365308489501085
645	845	0.13368693806990423
645	847	0.1497966259702947
645	859	0.10911071214400846
646	779	0.13369551989349263
646	847	0.5070934331605186
646	877	0.18136858191689162
647	648	0.14377175965943156
647	875	0.1178028100534881
648	700	0.1196046568965338
648	730	0.10161888325212266
651	841	0.10303403527569575
652	653	0.41120019949486697
652	655	0.19038182476264404
652	656	0.11575055673295125
652	820	0.1003651883956025
653	655	0.23974182477316805
653	656	0.13448517280760347
654	656	0.23450580622513426
654	779	0.10976836251144205
656	696	0.12032662890322435
656	845	0.1224271122871956
657	858	0.11551157257297516
657	860	0.20706818796736967
658	732	0.10740656675803933
658	767	0.1250635032161408
659	665	0.11172412369289089
659	705	0.10136303234126849
659	738	0.11962695527964204
659	768	0.10623387383323137
659	842	0.10326419688201004
660	712	0.10067121412359695
660	774	0.11579078036930385
660	857	0.14073467487347013
662	829	0.1198983093932758
663	667	0.24972229550262717
663	788	0.10182891193305067
665	855	0.11276739205302685
665	857	0.14678771464193133
665	869	0.10368984298181376
668	677	0.3636419178567399
668	816	0.10354862812143802
669	682	0.3637646419326736
669	686	0.14007512674928743
669	856	0.10922598522901943
670	716	0.10069742871998705
670	829	0.1434136402642644
671	674	0.3824354521508163
672	851	0.11057069055580829
674	679	0.17900921983960486
674	747	0.10017897877558866
675	676	0.13650510019451753
675	677	0.2015526646670237
675	804	0.1186006049355995
675	816	0.155850776757574
676	801	0.16977128904579583
676	807	0.11680732688998514
676	808	0.1992625870798662
677	801	0.20687621979980636
677	815	0.1098908688488841
677	816	0.1694694140932977
678	734	0.1321026268768347
678	748	0.11044981922331308
679	759	0.11067498024211431
679	770	0.11113793981660836
679	851	0.13447511265270667
680	755	0.1154853170635848
682	735	0.11401406875388731
683	704	0.12871514871938916
685	745	0.10024988556893308
688	840	0.13223452457510967
691	793	0.11666415806759069
691	860	0.10916386461389838
694	825	0.11882510959544292
694	873	0.10508515672474013
695	795	0.11399188984411533
696	845	0.13205007931130736
697	783	0.11748776109541766
697	791	0.14651005104486933
698	707	0.1029621055996363
698	735	0.10594283810279051
699	707	0.10711386290060462
699	716	0.16818591357263932
699	720	0.23921375462350172
699	724	0.21445127316868295
699	735	0.23363771439040085
700	708	0.12667118040333472
700	730	0.12619149090558238
701	729	0.1060438149341317
701	873	0.13419613696464364
702	705	0.41397959531385586
702	730	0.28853878861335447
702	731	0.2373932634904073
703	709	0.3645802492694057
703	715	0.19167572402813737
703	786	0.1440234735105808
703	862	0.10512512553108087
704	707	0.22176141055099935
704	715	0.10515885354719051
704	716	0.4448214765667709
705	708	0.32099271390726464
705	731	0.14726872527528187
705	754	0.11010661010607402
706	707	0.12410966830676219
706	713	0.14765435017001682
706	792	0.10867309963576367
707	717	0.1457971058361256
707	841	0.12831373994420417
708	730	0.4241176936196675
708	731	0.3441062900039692
708	752	0.11910843800347688
708	776	0.11801050340403722
709	712	0.20566911204726418
709	789	0.10957412514189828
710	717	0.17261315859263138
710	724	0.3274849060448087
710	727	0.283257572985873
710	735	0.28615164238868007
711	713	0.32011160962067714
711	717	0.10556587014490791
711	724	0.1251398926018116
711	785	0.11295979428072123
711	786	0.15225891958138774
711	851	0.15068267745827463
712	713	0.11456418076141567
712	735	0.11450429934882733
712	784	0.1222703545608111
712	855	0.10377591231365145
712	857	0.19222871994035423
714	806	0.15714319873561408
715	863	0.1303141426144858
716	717	0.14871864650610647
716	724	0.41463560778784747
716	774	0.10938208337953102
717	720	0.31614417340811846
717	727	0.18904586156642533
718	723	0.19270779252408707
719	729	0.1270812789565523
720	727	0.16786308372137004
720	735	0.2184243005483196
721	725	0.14478758499971342
721	736	0.1712384722865946
721	812	0.1096693147760466
721	841	0.17214801036401595
721	868	0.1922627713306697
722	863	0.11027033216676523
722	876	0.10181358655590364
723	726	0.42225345921837715
724	735	0.20372785565303758
727	735	0.17871951030780908
729	759	0.1308175331564162
729	760	0.10386955150460071
730	731	0.38683541318598225
731	750	0.12275606983961126
731	752	0.11703427474616672
732	873	0.11247026382001397
734	740	0.12760605119283883
734	744	0.10451240413581346
734	838	0.11902484669780714
737	841	0.14038749767037279
739	761	0.11707956904716958
739	780	0.21560732567620666
739	792	0.11810506993203003
739	861	0.10056917749386507
740	812	0.11750882394832445
740	870	0.10230888196327761
743	814	0.10448902158865346
743	839	0.14296682878924802
744	811	0.12410477037451878
745	761	0.10671857305293879
750	752	0.15623097310551173
750	753	0.10942227522390272
750	754	0.20297104480874412
750	776	0.15679931012643541
750	837	0.10109342817346449
750	866	0.21372905960909075
752	754	0.22259740700343028
752	776	0.28842360716757576
752	837	0.16484840876295975
752	864	0.10696536615887398
752	866	0.16204477744979293
753	754	0.12405278979510581
754	776	0.23021197399531743
754	866	0.32140313359070904
758	786	0.10459518626773265
758	843	0.10248406301274507
759	760	0.1523364455815665
759	769	0.22481814239642006
760	771	0.33915097300926744
760	773	0.1885370921072142
760	829	0.1117109995886136
761	780	0.1174419172021604
761	811	0.1227169295908227
761	857	0.10781776295582
761	859	0.11072084117219742
761	862	0.1223706130483043
764	766	0.10272990155592988
764	824	0.2000095008203449
766	823	0.1574893407428071
766	824	0.13652970406875914
768	774	0.1316124224901286
769	868	0.12470671028734742
770	831	0.1696755645801031
770	843	0.10927121688084358
771	773	0.13321484185727644
776	778	0.18584281582262796
776	818	0.1956285025025841
776	837	0.11974520997214606
776	866	0.2380359866218204
778	837	0.1250998015259981
778	869	0.13541093439578492
779	780	0.4578263998711894
779	847	0.1250737090034995
779	866	0.1010874635438203
782	787	0.15968927587576218
782	793	0.20999606661578732
782	798	0.18420464952071622
784	794	0.27848773629431894
785	792	0.12259634396209784
785	794	0.23456790524700846
786	792	0.14764984323535624
786	823	0.10505037718257398
787	793	0.3423280579652838
787	798	0.1268765357171468
787	800	0.12620485819738086
789	818	0.13032120053249402
789	846	0.17731642406292614
789	866	0.11218149022541953
797	823	0.23903116112361877
797	824	0.1712604728774557
799	828	0.16499317819006235
799	830	0.1496320694534442
799	837	0.20890577517567963
799	848	0.10057576619499976
799	866	0.12665293097662278
799	872	0.11679637562895341
799	879	0.2879529433740724
800	814	0.15848837443265737
801	807	0.21299012892160094
801	808	0.3607608118658023
801	816	0.2707375792721847
802	806	0.24388104762592214
802	814	0.252617371392717
803	811	0.11306734674166628
804	813	0.3290125555572332
806	814	0.18960957561444297
807	808	0.10526788386085113
807	815	0.12768573719511134
807	816	0.47189926551646
808	815	0.17322488606635267
810	825	0.2768070498773204
811	856	0.13412405038127212
812	851	0.2898064554605395
812	862	0.10806231989356055
812	870	0.13826430951697616
813	815	0.11328833576882044
818	828	0.17286036036742525
818	830	0.38904195602405933
818	864	0.19418456354762817
818	879	0.1447742995669633
819	831	0.10073973293649921
820	826	0.20972211027607388
821	826	0.41624271606199614
823	824	0.4163390025177048
828	830	0.6600415219986658
829	844	0.10314117341352261
830	837	0.17398735762999565
830	848	0.13956008931410524
830	879	0.11639631785902976
832	839	0.10461971517928462
833	834	0.12942157784150035
833	835	0.28757347010892276
833	836	0.16608618053835372
834	836	0.16602531347813515
837	842	0.31021791537633675
837	848	0.5099153937375451
837	866	0.1838867727556336
838	875	0.13411713634089495
841	868	0.17772936469264047
842	848	0.5130293763578376
842	872	0.14577663606646057
842	879	0.1518522487000818
848	872	0.132881655927136
849	853	0.2982126075204169
851	862	0.2184431530412687
855	856	0.2915965312391934
855	857	0.5598620927095946
855	860	0.1664527070231014
855	862	0.17072111550992444
855	869	0.11767203857152027
856	857	0.41849923768042036
856	858	0.11919457924921584
856	862	0.4618270254855546
857	860	0.12132838261825041
857	862	0.1727985849660732
858	860	0.4967952800330363
858	862	0.2711197175362953
860	862	0.1111062416484409
864	872	0.22961466264673167
874	877	0.13730532796354694
