0	651	0.12286560361849569
3	529	0.17435373029716103
3	537	0.10894676605561876
7	51	0.14177647489617234
13	60	0.12817540179780237
13	569	0.1113530549223171
14	100	0.10337340843375056
14	275	0.14428067182372842
15	664	0.11973238064814248
17	656	0.11977702145115969
20	66	0.10719832385483379
23	670	0.13647855980503723
23	755	0.10222344927018012
24	679	0.1157311984991231
28	141	0.1176989187884819
28	549	0.11405018330175422
29	585	0.10612214638228412
31	254	0.10779380967683606
31	266	0.10543064992981353
31	344	0.16500546371025396
35	37	0.14035653923235805
43	639	0.1285235242178438
43	749	0.10674223025671772
43	784	0.10716087430139071
44	48	0.12938169056195148
45	91	0.13394906962697686
45	201	0.11055934712583299
45	788	0.11732311033574064
47	163	0.10543707453482186
47	961	0.11337215767911771
49	155	0.10422624714328739
49	279	0.12253038864719652
49	993	0.11119355456235695
52	515	0.11429968711386343
53	961	0.1336104829141515
54	519	0.23230948930630813
54	525	0.2164531457567568
56	58	0.11337338006899444
56	110	0.11294332107548519
57	159	0.10989570059897286
59	69	0.12126306316493883
59	793	0.15604953972916788
60	66	0.10867200175632923
61	300	0.16338622117410456
61	310	0.1409752247755163
62	64	0.2155667668883304
63	733	0.10354999523134487
65	215	0.10306090033051925
66	70	0.1682370640993738
73	543	0.1380092499449514
74	861	0.10190144739301812
75	307	0.10663117529461129
76	84	0.10995254242157904
76	262	0.133055076379269
76	503	0.1306158404929759
78	82	0.10448473831711615
79	173	0.11485952459598209
81	123	0.10138721444321117
81	659	0.10102371637904259
81	802	0.11897487026465299
82	209	0.10295304217511707
83	557	0.13056681751953392
83	669	0.1028246919309913
83	788	0.11165967465290308
84	957	0.10621678411037906
87	385	0.1449050004033893
87	633	0.11141254491361843
88	90	0.11291307379357535
88	96	0.25203253445335844
88	98	0.17279109552427963
88	100	0.11395819892710332
88	108	0.2738552973703198
89	404	0.13422286700927846
89	414	0.1270895808046925
89	416	0.10414152505527213
90	92	0.1009863533129893
90	96	0.23812652027562597
90	98	0.16836459780601035
90	100	0.24256972335043608
90	106	0.27901244032390005
91	639	0.10911238538928363
92	100	0.24238486682816063
94	98	0.1859739977846532
94	104	0.1486894149274339
94	766	0.11506485991343819
96	98	0.2741046342835484
96	104	0.1306785296994248
98	106	0.1655618773320721
100	102	0.12892417957020777
102	104	0.1581290261406555
104	106	0.1260770014898706
107	340	0.10537598202466236
107	666	0.1128642898048891
108	759	0.12276733463122338
109	857	0.11107426017463494
111	428	0.11689601934420185
112	128	0.10206419275998133
112	168	0.11367604512469955
115	967	0.1066452768377139
118	124	0.1614788955211991
118	170	0.10270430644834122
119	303	0.13640162746181786
119	325	0.11366792352725254
124	226	0.10234118706070244
124	381	0.13435862362391618
127	786	0.10412282034015483
128	130	0.20454806622500765
130	146	0.13055050539990146
130	168	0.15408185315246867
130	194	0.10186675856412745
132	150	0.11674242819593832
132	302	0.10037653511348588
132	644	0.1734346095499622
134	146	0.12075126427969321
134	191	0.12036871099756556
136	613	0.15469448512892994
136	844	0.13319214233709975
139	917	0.1007656775667294
140	264	0.11225023564365237
141	839	0.15474099112955675
142	178	0.11241119226082515
143	192	0.10289609211881849
143	653	0.1106966945151605
144	667	0.15762603714062495
145	974	0.14019941276721315
146	783	0.10177074580127281
147	929	0.13239372470960814
151	406	0.10875540079153992
151	603	0.1084384268788237
151	723	0.10300518903444257
152	158	0.12721895951620077
154	279	0.11216203618126182
154	570	0.13443553809890701
154	863	0.14220561227091727
155	279	0.1255250981486504
155	496	0.1537180738327961
155	704	0.11135962892861491
155	755	0.12528985869610157
157	418	0.1063414983606954
159	531	0.12547500738064554
161	635	0.10914831832407836
162	196	0.16152467678198834
164	231	0.14915200419423882
166	174	0.12529578373940112
167	209	0.12799365388698586
168	196	0.10231616921070931
168	754	0.10352312972111095
169	723	0.11103667278157035
172	667	0.10876182810834249
174	461	0.13360883096025228
174	937	0.1054787893359625
177	448	0.1307237572350226
177	861	0.10235888824414892
178	587	0.11086243368541825
180	342	0.12265532474187299
180	585	0.1395084086289491
182	206	0.1031658953575819
182	227	0.10530296547782347
183	320	0.16034367152635862
183	685	0.11881443113166425
183	878	0.17564611905599975
184	258	0.10243390026740468
184	834	0.11872487236147503
186	196	0.11305502417600781
189	268	0.10312578141989315
191	193	0.22430813421737028
192	198	0.10886302295172676
192	379	0.11170683079861723
194	491	0.2771105706405792
195	623	0.11473230287805958
196	204	0.12763409300795475
196	873	0.10677500160749469
196	938	0.10809198465830763
199	611	0.17008381997817934
200	809	0.1003087522858681
201	327	0.11973818629117869
201	669	0.13991975511717905
203	298	0.10868279487586147
203	334	0.1701010197469308
203	463	0.3326875131664434
206	212	0.10661049088082243
212	214	0.12009137652565435
219	867	0.10046282391080293
229	519	0.14541432754434086
229	772	0.12130197131620243
230	232	0.18638687282021227
231	233	0.10566359060261457
231	360	0.12870295796114037
234	719	0.10330180668940186
236	238	0.1699901424668976
237	269	0.1018965232751113
242	244	0.12241205789401084
242	677	0.10868004792539589
243	771	0.10953538418818753
243	930	0.145481743352164
244	248	0.10060569900450492
245	662	0.12246737368686957
247	422	0.1255092358414765
247	681	0.10711629776590804
248	991	0.13286721290108316
250	636	0.12122947329712959
250	675	0.1028338100553474
254	423	0.10441109616571709
254	693	0.10080198179259518
257	359	0.10484650849624137
258	801	0.11758825016495618
259	712	0.10680039242575065
262	264	0.17183731526688334
262	422	0.11271916027482415
263	613	0.10157530148853271
263	871	0.12370519048732989
264	332	0.11079629341954353
266	292	0.10248520717253648
267	611	0.1051202517004715
268	536	0.10714944809331421
269	870	0.1118786715920811
269	921	0.11553907006939058
271	347	0.12796350802041406
271	862	0.10767630683715354
273	910	0.12242538586687583
275	418	0.20909117169390248
275	420	0.10551233090982859
275	657	0.1952140063780441
278	811	0.11408783333286841
279	993	0.11745258168020409
280	348	0.1303087791249386
281	697	0.10692998653570687
282	672	0.1030385504052138
283	323	0.1375248989914418
283	330	0.13340422888407263
286	342	0.13240652387954455
286	605	0.10826787998546401
288	298	0.1209044211022478
290	328	0.10723994286180363
292	294	0.12481340443511178
292	304	0.13254768463835734
298	326	0.11841274210572988
298	474	0.1130900219113953
298	633	0.15524870449303055
298	716	0.1260728208576188
300	306	0.11523602621716138
300	963	0.10012781695392764
301	909	0.15828227736244654
302	306	0.24895472108428277
303	325	0.1374751316956593
304	318	0.11141425462262979
306	312	0.13598225477568648
306	329	0.13590339409598845
308	981	0.1006513086053585
310	356	0.10050099297317346
310	995	0.1055315383003388
314	364	0.13179748549892933
316	318	0.1033488059611507
316	328	0.13079941655729782
316	370	0.11151002743202641
319	944	0.11525532357516416
319	956	0.132581415729049
319	966	0.1399326666967566
319	980	0.17699830719622586
320	778	0.11293533516390532
321	927	0.10169227502978644
323	941	0.10647075238095606
325	554	0.20742756256268127
327	759	0.12967347877292998
329	348	0.13596249595413568
330	439	0.11328811317791707
332	605	0.10585102817019619
334	463	0.22477038392901497
335	624	0.10615275257913381
336	991	0.12805996457021793
338	340	0.10234843370756108
338	344	0.12017851393109594
340	342	0.19942838516914865
340	514	0.10601927323241739
343	973	0.30249025941880825
349	489	0.2062107284883374
349	648	0.20437366377638935
353	497	0.11954969445349525
353	653	0.12305238044913071
354	662	0.12573867698770103
356	433	0.15991942471962176
356	535	0.13220827243621003
359	575	0.1258471509767326
359	852	0.1017989548107243
361	393	0.10407166715471139
361	404	0.10626431398540345
361	879	0.10115582585949677
362	401	0.10045762805222398
364	423	0.13852733345854923
364	693	0.13155164867025754
365	632	0.13512880917874612
366	535	0.115710068682836
367	849	0.15769952225981912
368	374	0.1904956220898903
368	677	0.12614411402327716
369	991	0.12330970244585562
370	995	0.13551245014947078
373	675	0.26792165941718993
374	991	0.11711512922856139
378	693	0.11865646760940311
384	430	0.11701318403066045
384	458	0.11332861275864417
386	390	0.102893598429816
387	848	0.1205690587749352
387	938	0.12644696181191908
388	392	0.11738552158598475
389	391	0.1382460216753432
389	553	0.11814445044453316
389	786	0.1385543714400274
389	790	0.1190673140938373
389	909	0.1167881533920774
390	392	0.1736369245591614
391	393	0.15205405442493092
391	711	0.10132969881638769
396	705	0.11264657264151903
398	627	0.10670670168695777
400	495	0.11426009373899652
402	906	0.10140209145211534
404	481	0.10075244117738866
406	678	0.10721449675144505
410	945	0.12107185380717991
411	972	0.10081670751545267
411	990	0.10037249710530817
412	416	0.13901080824510675
412	679	0.11541499967975727
413	815	0.1037137300220202
416	647	0.11234359300370046
417	851	0.11477081841509788
418	657	0.1090623667342375
419	908	0.18166236694438348
421	735	0.10422229108502616
422	657	0.11186213379014963
423	726	0.11294201090584073
425	459	0.10048452379996847
425	948	0.16297178568227177
425	954	0.2181641039185989
426	450	0.10236153654812752
426	822	0.11233134657493397
430	438	0.19673163459635895
430	440	0.11928229827170256
430	460	0.10455720000320644
431	971	0.12443573083755032
432	891	0.11481458317587818
433	464	0.10293187485760198
434	442	0.11695799535046875
436	442	0.1041231274269204
437	439	0.11739752484503374
437	811	0.10126421185464524
437	880	0.11265165023737397
439	651	0.12432725459442309
441	980	0.12729404417050386
444	448	0.20884651941486843
444	450	0.21817620844127217
444	769	0.14323091382828798
446	448	0.1869893364324822
446	528	0.12142518136846707
447	451	0.12491334642368113
447	460	0.1348295762550183
451	460	0.12273686851809691
451	527	0.11224461749758162
451	793	0.10988660997254214
455	726	0.11094712920256743
455	732	0.10581704896998677
457	459	0.11276133314114489
457	948	0.12538407158595397
457	972	0.16517470776727436
460	972	0.10495923373223788
462	464	0.15390100390800238
465	841	0.10610257723874095
466	470	0.15470385554916
466	603	0.10458812798267127
470	937	0.10420216214292087
471	571	0.13768556482437222
473	513	0.14656123914061467
477	601	0.11169245788966342
478	904	0.11916331588201147
481	976	0.1924678629742039
484	495	0.1005625886209783
484	674	0.11485367519239226
484	968	0.10868266072971147
484	976	0.10007089309829152
485	891	0.10499780181090775
491	771	0.13374855765237958
491	809	0.12258145288555393
492	512	0.11419513635338882
493	814	0.178390002860591
496	530	0.10437056181587895
496	858	0.1277345044424255
497	764	0.12484802940669855
501	617	0.24989426083544386
502	573	0.10988334237815281
503	771	0.10638883380407997
506	514	0.12978831497312918
506	550	0.10179163780997155
507	534	0.11611864007043113
508	662	0.10814964960674654
510	979	0.12029244455228602
513	773	0.13860482914144812
514	548	0.10404752538473946
515	519	0.2141365067405976
516	518	0.21308875584638262
516	520	0.1728586090756761
518	593	0.10982565482281118
519	957	0.10153522952917604
520	524	0.16891613027164826
520	917	0.11253428190979026
521	760	0.1002197789741559
523	561	0.12192925879344577
523	962	0.1093801250161762
527	581	0.10612043732841984
528	831	0.12116329831090693
530	532	0.21745482671423536
530	536	0.11415997520222548
537	688	0.10394892363771238
537	938	0.14555239333389758
542	776	0.10708122498681232
546	675	0.10136578484545214
552	558	0.14007920703442914
552	560	0.11580494727573981
552	584	0.12102024470196684
556	558	0.21297992441870325
556	586	0.1036660201006832
558	779	0.12173574167916253
560	584	0.10342583535440195
560	590	0.11378807956830539
560	608	0.10499733682596864
564	566	0.2586836428065972
565	567	0.10512103063315689
570	863	0.10830959534858592
571	605	0.10268501178209188
571	705	0.10138042117146312
574	704	0.10731639186200101
577	704	0.12017323654514935
578	787	0.12510634300265777
584	602	0.10330599070916215
587	593	0.12064429938893624
589	646	0.10840441520197946
589	755	0.13219093131914875
590	602	0.14293420676974702
591	799	0.11033674433760828
596	915	0.10408718910381475
599	731	0.1731605297855553
599	808	0.11611632590182493
602	608	0.10725441616349214
603	657	0.1707496812957459
604	608	0.11776598049677828
605	693	0.1468456905449291
605	775	0.1144135027022522
606	608	0.16881836715328552
608	610	0.12952997911881162
620	626	0.20708219185867913
620	628	0.1283260380214673
620	666	0.10310685122105025
621	627	0.14610681085632835
622	628	0.15048072073925356
623	625	0.19382810511099885
623	627	0.1517936896023227
624	626	0.13674058066859943
624	650	0.13746954798347497
626	628	0.12852302645108626
629	812	0.10509766892645168
632	636	0.18730251623071292
632	803	0.10878307348368253
633	877	0.10361136786076432
634	848	0.1300007320415774
635	918	0.11005535561642366
635	961	0.10354389381877015
638	787	0.10203358625734084
639	794	0.11642421183113565
641	834	0.11764384647111664
650	652	0.1582131474699769
658	803	0.10728190176221508
659	818	0.11592632505819489
663	937	0.10931455842563793
669	909	0.19606573433135566
670	786	0.11627229988491126
671	785	0.12539235638063156
673	692	0.11809618689504128
674	796	0.10744103484369077
680	684	0.12428527317694539
681	785	0.13733303119829013
683	854	0.10266884231964259
694	984	0.12851946884409202
698	704	0.11821356513748967
702	834	0.11205254852904216
712	714	0.13570216955541545
718	951	0.13343133595225645
724	726	0.11671928918124998
724	736	0.12751330916114914
725	727	0.3292299231322075
731	850	0.11525240784958334
733	828	0.11446741546922845
754	760	0.13189864385687708
755	798	0.12391321906686448
757	943	0.22086928306660494
761	988	0.1137591469751863
771	930	0.18289389846534526
771	938	0.12792317878425694
772	805	0.10404879100421893
780	785	0.11049548300227738
784	794	0.11814530145203453
784	910	0.10644492433276559
785	942	0.10780487678850977
786	912	0.12906010300086138
790	792	0.18484645469245414
791	793	0.38095617129783677
795	962	0.12042200209365737
799	989	0.14173491680060743
802	812	0.10520315483135265
802	987	0.10002337249038705
810	828	0.10735456915153009
812	814	0.10844512498022925
812	818	0.12806016977990914
814	820	0.12884476842020715
816	818	0.13609091310592009
839	953	0.10701972284872803
852	955	0.11531990654604365
855	984	0.1621102080330351
856	955	0.1041176091824077
862	893	0.11574841620998211
864	867	0.24501458492242123
865	868	0.15571454100318427
868	880	0.10259257612102486
880	882	0.12488361314272159
883	893	0.10284505056616321
887	916	0.12186641094532982
887	942	0.10291628912207741
890	892	0.2784206896206246
893	895	0.20707569009777366
900	906	0.10360783290958371
901	971	0.11127442682002066
908	918	0.10328963905461759
909	987	0.17359297154905706
914	979	0.17253295384243428
916	942	0.14807414237976063
918	941	0.11402461861440426
921	964	0.11741984984224925
922	995	0.10710811025096673
923	975	0.11427176730456808
945	982	0.19846503997841713
946	966	0.10454342013450697
953	987	0.11494298343888447
956	968	0.15090889110765346
958	982	0.10582226331953205
968	972	0.17691684259218915
968	976	0.17539509263234573
968	990	0.11268946423908113
970	978	0.10102035846970615
972	976	0.15112428665602554
972	978	0.11951495330017603
974	982	0.11206719032961043
980	982	0.13040949594417667
982	984	0.10281118186180221
