0	4	0.1039331602037817
2	651	0.13514290322695932
3	685	0.10062879331484326
6	437	0.10436059418694718
13	28	0.10205935080929782
13	957	0.10296807728590819
16	300	0.11802358534512478
25	715	0.1001960771575099
29	191	0.12875895180928834
35	37	0.29016173648472454
45	125	0.10973520466497794
45	639	0.1057076637587846
45	788	0.1271773370648951
49	321	0.1196172063679603
53	998	0.10641101724996473
59	791	0.10926758694580892
61	296	0.12181277300689258
61	963	0.10507894998400173
63	213	0.13476209100639885
71	921	0.1183766462878492
77	902	0.12253432719288271
78	80	0.11490607846418892
79	81	0.1773478450482461
79	245	0.10012895263302372
79	812	0.10704170874423252
88	94	0.11628888808547617
88	98	0.20642228965147158
88	106	0.1625646542929
88	108	0.1625681721292322
89	157	0.10234943903726162
90	108	0.10356161009155178
92	94	0.12582993048648394
94	104	0.18401365760490412
94	106	0.16022478410067867
95	739	0.11172052154042605
96	104	0.16002087775168478
96	106	0.11392043177532339
98	108	0.22138576729783294
100	106	0.1061408044603946
103	548	0.10214247684848851
110	977	0.14418104771948329
112	128	0.10166546230377163
128	198	0.11604404412074595
134	142	0.11246807360220856
139	491	0.11258334135387425
140	144	0.11879980850859623
140	917	0.11502670831697799
142	711	0.11026716153217016
145	978	0.11664062194769446
149	636	0.14916235880651482
150	436	0.15309038539072908
150	693	0.10759745877159665
151	647	0.11195542785255826
166	174	0.11095688679901893
168	202	0.10234599767790431
169	559	0.13242857271830932
172	188	0.10110539714061333
176	178	0.10360486595877934
177	259	0.10874218291453043
183	320	0.10227370095051812
183	878	0.1014789673187361
188	200	0.1262696623898779
188	747	0.10698019745399202
191	197	0.11207049844410495
194	196	0.10935247384027222
194	200	0.1294859356614762
194	771	0.10508509584872863
196	200	0.28409522397396547
198	491	0.2349421544610276
200	204	0.10218909046127164
202	204	0.1426831150452167
207	741	0.10564813818638535
207	786	0.10028309783472526
212	497	0.2037465993169275
220	747	0.10160845073113438
221	439	0.11540289702436712
229	517	0.10428803867950248
234	242	0.10162860432175694
234	743	0.15417717712771165
239	663	0.10416483512443547
239	868	0.10403186951588793
242	244	0.12486159908968028
242	246	0.1691870056812747
243	932	0.13646660557824108
244	246	0.1286173750125282
248	535	0.11277010016337813
248	677	0.10923237298083592
248	743	0.11459490109924675
261	455	0.10486919417066602
262	264	0.1778761088534096
263	601	0.123456405009774
263	862	0.1377290554372317
264	266	0.16807665748618297
268	441	0.10923995574035816
268	714	0.10226508014874935
270	272	0.11952125788236065
283	288	0.1387045638273966
283	290	0.1488277590635425
283	298	0.1301004633463001
288	294	0.14505609065517033
288	338	0.10690988230530524
297	894	0.1166224003520522
300	302	0.10318378847689082
302	963	0.1632901837612305
312	963	0.11869480608951438
316	320	0.10643073090977294
325	554	0.10896574689682836
328	397	0.13479025966027067
341	539	0.10386256560417934
343	973	0.13385680788040977
345	463	0.17339933931377713
348	675	0.11797462510522497
353	497	0.10595188422785003
359	638	0.11151039846808236
360	374	0.1023705734855308
369	991	0.11316390376616649
373	909	0.10011354462223161
384	438	0.10709227908928655
384	458	0.14211307711423732
390	392	0.120553246083805
391	393	0.1347232819789544
398	839	0.11060500749952146
401	535	0.1032588970219692
402	864	0.10168207080413788
410	850	0.10509150418344204
414	416	0.13470085622477004
425	954	0.12581237093392278
426	456	0.10356109520331881
432	978	0.1017236564222286
436	693	0.12066885660178764
437	439	0.20940593259447213
444	446	0.142133483868468
444	448	0.18875499372059168
444	769	0.10803855270878661
445	451	0.11303515490098195
456	815	0.19507031774546596
459	842	0.10253081972477542
459	982	0.10969074149903203
460	603	0.1263036033420466
461	951	0.11398338632707275
469	951	0.10303461340864027
474	478	0.10507497144852072
491	587	0.11401837416803036
492	494	0.14835893766258024
493	525	0.11248442066226526
493	814	0.11305306964982867
501	617	0.17020427303210478
503	926	0.11286045536654442
513	773	0.1010968506982495
514	524	0.13436628292581493
518	875	0.10036857880840303
520	593	0.12202637508218504
521	525	0.13008446954814798
523	962	0.2732356916545696
546	571	0.11247770991459463
560	602	0.1318881326972276
564	566	0.15262213539671476
570	572	0.11249691230897295
570	574	0.12835778711401455
573	575	0.1361685880968501
574	577	0.1051118202777622
575	856	0.1222475342435847
576	705	0.11907551982814982
585	587	0.27518692104567166
603	839	0.10376934635023508
606	610	0.21337507246851758
608	610	0.1590741998416922
615	787	0.10232038648291222
620	624	0.12199731372242473
621	625	0.17294560928474295
622	626	0.2218828986125357
623	627	0.16302304787566652
649	736	0.10689788665553769
650	654	0.1450798840034423
663	935	0.10776363861822687
688	738	0.1021354823642475
725	727	0.1749651988273213
754	756	0.132071185677079
794	826	0.10451734601719331
810	821	0.11391654881097225
842	843	0.10703537788825208
859	986	0.10067533917387302
862	868	0.12366965309399089
864	867	0.14937571393958
872	874	0.1573426818426981
890	892	0.1801899458024399
891	893	0.18772439676760155
892	894	0.11832647987136423
945	974	0.11545319662147821
961	970	0.1171779142774951
976	982	0.1191570248499934
