0	4	0.32136185283741076
0	112	0.12250777353177532
1	38	0.13213901925672625
1	59	0.10182210889450043
1	97	0.1616485255407407
1	262	0.1165020185466034
1	400	0.1316789278318141
1	569	0.10545304376505021
1	690	0.1006628322476872
1	699	0.12189072717140327
1	705	0.17673805589491284
1	867	0.11148648238716934
2	4	0.20982550288882615
2	18	0.10116816965338606
2	70	0.10502031004816698
2	549	0.17995580297422084
3	51	0.1364926288338239
3	527	0.12996723675900154
3	537	0.1146031613871146
3	595	0.12838100700979033
3	633	0.16960943301533138
3	857	0.11534215347546106
3	942	0.13234256474013045
3	972	0.11925177771921676
4	39	0.1738021711559281
4	549	0.16086395132206113
5	57	0.10813722419014055
5	268	0.17403477559029257
5	274	0.35334717260918463
5	283	0.15126449686830631
5	298	0.20280327869890194
5	320	0.1758343142001541
5	323	0.12566740423325945
5	358	0.13790065186905917
5	359	0.12660749416423286
5	630	0.142890383403466
5	939	0.14892473791048075
6	8	0.15577375525757714
6	39	0.15674135906721537
6	42	0.11543368511437893
6	811	0.10854442340995282
7	51	0.16602295676423376
7	53	0.10864800489205026
7	88	0.10133850261124722
7	135	0.13119135323422604
7	385	0.10758316078841738
7	495	0.11451006803590232
7	527	0.10817184691602695
7	561	0.2032878797189499
7	575	0.13631694523896687
7	581	0.14210327313128018
7	589	0.10324331768072488
7	655	0.12888785089045596
8	68	0.1119886680913508
9	349	0.10163664623062221
9	489	0.1029382723889066
9	929	0.10240057286960767
10	60	0.11107550113261169
10	163	0.12877566227286552
10	253	0.15065796292566216
10	515	0.12091232180288541
10	587	0.11205708509840358
10	639	0.10889292100660641
10	852	0.10624963247992858
10	957	0.1113415378810528
11	543	0.10972033763059649
12	58	0.11341709394365794
12	86	0.1380700448548972
12	98	0.11067581465056342
12	102	0.11268137006702318
12	108	0.10231598867649429
12	515	0.12178808987098327
12	519	0.10391889771674674
12	597	0.10099651061429417
13	36	0.1180141797862513
13	40	0.14051896800728014
13	638	0.11378418995654078
13	748	0.1326057215268193
13	903	0.10998319368942136
13	942	0.12489377476583209
14	16	0.10277956649606335
14	18	0.1257535597644915
14	32	0.12606704028753657
14	88	0.1084187171386849
14	218	0.12043932668557858
14	413	0.1272371490203637
14	460	0.12409956195981976
14	549	0.11067752567005507
14	567	0.11332233164479934
15	101	0.10580835547090987
15	243	0.11547357369425086
15	668	0.10655482664725101
15	690	0.11862793577162135
15	955	0.11486668400337689
16	54	0.11016831969025122
16	72	0.11995153972891033
16	164	0.13681883197712236
16	402	0.11290056999288477
16	412	0.1377004909332209
16	549	0.12799345195934625
16	963	0.13279145000665155
16	977	0.1387007999719213
17	411	0.1623296118363796
17	459	0.15187330769718144
17	956	0.12231910864150788
17	988	0.16769652390573908
17	990	0.10387484702078628
17	994	0.10324865073229864
18	20	0.1470653894279251
18	88	0.12211702818511627
18	89	0.11856522646721122
18	98	0.10544434488316795
18	110	0.15670092546906747
18	431	0.15606265993756915
18	502	0.1038393432960456
18	515	0.12972043220299928
18	760	0.13092640926400861
18	794	0.10847985970870325
19	37	0.13782925852011058
20	98	0.11945298983604212
21	544	0.11062982325318425
21	608	0.10701427750349794
21	850	0.13322792799380875
22	578	0.12501576497586275
22	651	0.12001382725406384
23	185	0.1096734659122069
23	319	0.10250271238908917
23	541	0.12607930301649908
23	693	0.12884183911468133
23	757	0.12238738212904683
23	793	0.11098699689276961
23	820	0.11831916898369309
23	823	0.10907332075738362
23	853	0.1094083393909046
24	94	0.15884706174588403
24	571	0.10033905730787053
24	598	0.10412659056322858
24	810	0.11378177919854142
26	28	0.13095392908414344
27	189	0.14332516087713357
27	273	0.12468414238166238
27	425	0.10519915597990798
27	524	0.13709835953706118
27	828	0.10851376225133462
28	39	0.12827995120541635
28	44	0.13734286668941284
28	110	0.15060698923120938
28	585	0.14232541675166036
29	118	0.11850001843108318
29	152	0.12059503154290381
29	166	0.10645074073480287
29	180	0.16980195059840586
29	193	0.17404688083507366
29	233	0.24037563052215932
29	353	0.13214079471155363
29	659	0.10608537874617543
30	32	0.15581552051962197
30	117	0.15663916591727925
30	141	0.22021361600927847
30	214	0.10636374305256607
30	431	0.15500104814086416
30	439	0.11856511643053212
31	128	0.1319129130367451
31	232	0.10602598939483449
31	246	0.11129297979195102
31	262	0.14221815357441467
31	264	0.1257232682382966
31	284	0.14115270030187949
31	310	0.1054246529887985
31	323	0.19723694634136643
31	336	0.1608427520498126
31	356	0.10299398541767842
31	376	0.11176192387767385
31	423	0.1390115380341951
31	654	0.17378814573608625
31	679	0.2001588340146825
31	877	0.12700275456186783
32	141	0.23370110040861977
32	229	0.10243052940859537
32	396	0.10651645443794837
32	489	0.11150500466104035
33	418	0.15425759417157367
33	434	0.12006139357482426
33	630	0.10692384268907792
33	822	0.10292679913553984
33	841	0.11469249965227366
34	36	0.10085143814828776
34	789	0.10222556997381374
35	331	0.301258840332594
36	40	0.15507579293313886
36	49	0.1061142589711466
36	573	0.109160198267403
36	597	0.10175619799574613
36	638	0.10904615955994426
36	957	0.13618943402862244
36	997	0.1372020669430745
36	998	0.10104931699364054
37	331	0.20435476459050933
37	479	0.20690554825157614
38	56	0.15352601097463825
38	550	0.11620894396803033
39	44	0.10035510928456062
39	70	0.14734909388009026
39	651	0.1224549964180425
39	880	0.10379372794122822
40	46	0.1005604871664885
40	50	0.10971129854074813
40	72	0.10475845494962326
40	96	0.11510133225461552
40	439	0.10118620858050499
40	521	0.11103976780397483
40	807	0.12264275057345678
41	143	0.10405110764918149
41	297	0.1240451546323419
41	537	0.13946601554942084
41	771	0.12407868853193695
41	906	0.10430915044127519
41	943	0.15833245664593468
42	48	0.11439562579420573
43	109	0.10601917593840132
43	301	0.11423431321660059
43	548	0.12046866905457
43	794	0.139321562852746
43	798	0.21130030396477748
43	812	0.11778512504224231
43	871	0.1338405550210498
44	69	0.11498377051464911
44	284	0.12814522492042588
45	207	0.12622405127599554
45	799	0.11922320411197762
45	838	0.10254800012087663
46	100	0.11877125738333
46	136	0.10998951319262626
46	503	0.10147699925447871
46	956	0.11964354605050218
47	97	0.1676481115360701
47	142	0.10854872695949677
47	158	0.14349257572471452
47	259	0.14851802218259225
47	431	0.13049076111534452
47	440	0.1002304519141238
47	573	0.12835901281265016
47	575	0.20202670634083264
47	588	0.10562671445136547
47	621	0.13451097031971362
47	635	0.11430555243157733
47	970	0.15667892241856876
47	982	0.1263297264896879
47	984	0.14008328986367025
48	549	0.1670550039333595
48	960	0.12377915222666597
49	155	0.16689061336263422
49	379	0.15917703793981894
49	521	0.10769995785699626
49	557	0.1279483087413542
49	613	0.11976952979486416
49	723	0.11910770585987186
49	749	0.10478269175247418
49	856	0.12134663121820756
49	916	0.10228874383296138
49	957	0.10672999292637049
50	106	0.10833690398325072
50	406	0.10785173132643891
50	609	0.10731454652003374
50	807	0.10474132897856388
50	823	0.10330828039566696
50	997	0.1173666760597403
51	159	0.10034690551912898
51	206	0.11771058230872002
51	334	0.10487640883935768
51	595	0.13270548138387478
51	753	0.11944017060522252
51	976	0.14220262833720407
52	229	0.16257629483672398
52	521	0.15395708543929967
52	525	0.11529568420193724
52	784	0.12749120101298092
52	807	0.11070605559542464
53	192	0.102984080430704
53	571	0.12946541705294273
53	844	0.11261556304150472
54	515	0.14927987697029155
54	519	0.10113989965224561
54	609	0.10276677261290311
54	702	0.10297892098805242
54	805	0.14839192828521655
55	332	0.10560608506605489
55	361	0.11491235144703382
55	675	0.11956588873307553
55	889	0.10292060180573265
55	953	0.10312359179612667
56	62	0.11607204099866543
56	210	0.11719719257567626
56	302	0.10239171646862158
56	493	0.10662939142748432
56	515	0.11115037024854552
56	523	0.11962142770138545
56	811	0.11929026403388975
56	822	0.12931107600241484
57	582	0.1465244828662516
58	434	0.11009116983141515
58	796	0.11003014886757814
59	97	0.13247731482513422
59	155	0.12778750803668834
59	227	0.12765021231675405
59	249	0.10352455248325995
59	321	0.11892876382884501
59	341	0.10131841375729504
59	451	0.12994473343512986
59	664	0.12282270179402574
59	731	0.12494930580812987
59	799	0.1181200621563278
60	253	0.1245835631439981
60	319	0.10267990076546277
60	515	0.10687522410252606
61	238	0.14411237136809654
61	244	0.12140793931901046
61	278	0.1034950709584734
61	286	0.1331439892507524
61	300	0.19772712458538874
61	302	0.10121243320639371
61	370	0.10104875045941551
61	963	0.14155412227411526
62	126	0.11642248977697343
62	255	0.10116352496907682
62	409	0.12277622323057809
62	681	0.10537826390739875
63	207	0.10680654909476797
63	376	0.10522809349985901
63	574	0.13560824637007252
63	675	0.10893321794186148
63	804	0.12804130204442604
64	66	0.11634414319234936
64	835	0.1266462155139119
65	213	0.11231008090892854
65	775	0.11091131826578422
66	70	0.2458294683238294
66	74	0.11215816343971863
66	110	0.14671913754889063
66	235	0.10030127003910878
66	942	0.10694205686387383
67	113	0.10208908814827969
67	730	0.10447152045577887
68	72	0.18536090566901328
69	235	0.10770758583414745
69	621	0.1036412680991706
69	808	0.1078969459490671
70	651	0.10065069807534466
71	99	0.12868122694642659
71	269	0.11141907584377575
71	271	0.11707577337946991
71	347	0.1331172617448565
71	377	0.15868129771204362
71	575	0.12188208459901245
71	697	0.10582029786497697
71	819	0.11524239401490084
72	439	0.11568564954869806
72	651	0.11029279684000298
72	691	0.10582038035148886
72	977	0.11230053546750386
73	140	0.10849595270751937
73	228	0.14874799772225877
73	657	0.10578357341506796
73	718	0.11055263190254459
74	139	0.10056352098599998
74	206	0.10432127355379792
74	644	0.11332609801071983
74	942	0.13241185873584754
75	94	0.13593088775525247
75	106	0.11472241244743135
75	192	0.10702995904398094
75	480	0.10533034360665576
75	740	0.17610549107616574
75	836	0.11121481160970471
76	82	0.16945371397086692
76	225	0.11047215465649247
76	262	0.1121870127967266
76	264	0.11843914788535011
76	299	0.11713559012235297
76	341	0.105170797657273
76	697	0.12788383509769724
76	793	0.15288844937821738
77	205	0.16477847697806625
77	529	0.10726836145164977
77	902	0.23062778343892854
78	80	0.3227135704168392
78	215	0.11583497903810613
78	695	0.1269006149420678
78	861	0.10107935629564549
78	957	0.11065872642196588
79	81	0.16586440972969207
79	182	0.11529624119324997
79	308	0.13551493674254822
79	808	0.14458342496590293
79	812	0.12108742643233028
79	818	0.11249030092582502
79	828	0.12816272496463477
80	955	0.12528908271476402
80	970	0.14113928639212558
81	125	0.13473554484093864
81	134	0.10901754449550158
81	156	0.10255671531869127
81	299	0.12001056905256706
81	391	0.10789853393037115
81	553	0.10059530272347664
81	669	0.17310035010378091
81	788	0.10775386798563616
81	793	0.10875841321023193
81	987	0.16391745492961035
82	772	0.10544791131447738
83	98	0.11276705056559126
83	301	0.16612851003531215
83	314	0.13494722878763962
83	759	0.10149121541486478
83	793	0.13231168721739547
83	814	0.1565674056579071
83	820	0.10483808699137973
83	828	0.1259644535279668
84	253	0.11093068944563826
84	272	0.137386192723848
84	274	0.10774715212156243
84	439	0.13868587087464396
84	493	0.10287162539873836
84	833	0.15648898581095919
84	852	0.10064514732494055
85	600	0.11254245672784616
86	223	0.10343513660654495
87	260	0.14560864687744254
87	316	0.13811304544747133
87	725	0.20960027620954397
87	775	0.11021145962375785
87	970	0.13471399530049782
88	90	0.29318640194950474
88	94	0.4053974912475514
88	102	0.154852480421058
88	801	0.12306674996470648
89	361	0.11500769638578598
89	418	0.12662407967366823
89	420	0.17737695876622991
89	484	0.11736548912313917
89	495	0.1151112742727775
89	614	0.10560249903765423
89	839	0.12376057502229344
89	947	0.1394863873141108
90	94	0.17758650292357095
90	104	0.2897027274335463
90	190	0.10166483262865386
90	561	0.109936943048752
90	671	0.12445266241872974
90	766	0.1000228431953371
90	986	0.10364983396567291
90	988	0.10659566144409148
91	253	0.10587247157807692
91	557	0.11373761538939875
91	573	0.20648283468053472
91	617	0.11382846729153367
91	639	0.17541946701005126
91	798	0.14063587849619016
91	822	0.18719141136530357
91	824	0.10235742024379345
91	841	0.10563608685486366
91	990	0.10311813860603627
92	98	0.11566798005690956
92	100	0.47135424943396714
92	101	0.11130005305729065
92	104	0.4279383665192254
92	223	0.12893189910954406
92	352	0.1197982995752256
92	422	0.11826090314848117
93	115	0.10696982168694058
93	572	0.11584847027909954
93	573	0.10437898213007298
93	614	0.10698915633324739
93	739	0.12551234038262907
93	784	0.2180469680649185
93	796	0.14026050935024967
93	814	0.14040892278914466
93	822	0.14442280080081377
93	830	0.10974604582787391
93	860	0.10423845149472473
94	96	0.21685982135837534
94	106	0.18241293831425792
94	192	0.12575842604313864
94	359	0.11247031788019825
94	654	0.11397065835416148
94	986	0.11400568233095572
95	189	0.14899535548681117
95	309	0.10707806755427456
95	333	0.10552340474426103
95	347	0.12520690628555747
95	406	0.11113493315371888
95	481	0.10582298137599566
95	601	0.12227391975420104
95	634	0.10293730153495666
95	838	0.11308409486567514
95	884	0.14294585912485544
95	914	0.1010494407780361
95	961	0.10552718918188875
95	998	0.10376240390284767
96	98	0.17688791811087237
96	102	0.4016067501547514
96	521	0.11175060537005216
96	528	0.11828415944542267
96	970	0.10864057096332802
97	181	0.1031235691330459
97	400	0.12746771042846405
97	933	0.11600719299715907
98	102	0.11321012073416864
98	209	0.11652419499412177
98	759	0.14272567415332024
98	766	0.17136940612794205
98	970	0.1260878623192644
99	237	0.12141358307315608
99	533	0.11393170284544434
99	891	0.1226563363003464
99	935	0.1037899041962781
99	959	0.11545855047162693
100	104	0.4188284090823308
100	106	0.31985435908224186
100	985	0.11119239863711704
101	519	0.10706617893369026
101	691	0.110045503974411
102	106	0.13992990857562407
102	521	0.10603210619020577
102	559	0.10055865235372007
102	861	0.169149811921015
103	125	0.10804003022482994
103	216	0.10801044275147431
103	279	0.12974026380554263
103	469	0.15109968899657686
103	508	0.20425852270807512
103	530	0.1632446305992508
104	106	0.20696511295811665
104	422	0.1289811278634613
105	353	0.1206368783065194
105	559	0.101838158372837
105	610	0.15846866966847117
105	751	0.10732305370567594
105	942	0.13095928552470984
105	961	0.12951640379466542
106	359	0.10507424911657298
107	152	0.10925285003066496
107	172	0.10694424599089913
107	340	0.11726736848277976
107	400	0.18128678607761547
107	414	0.11136148601924167
107	634	0.1506847179864171
107	640	0.1248924328458013
107	670	0.10053778720776008
107	724	0.1228933759327407
107	797	0.12829766925156666
108	358	0.15016988149620586
108	500	0.1006401877777656
109	165	0.10333984205368832
109	169	0.1184939707730108
109	239	0.10121031552857936
109	279	0.12527788410544757
109	456	0.10844647680896233
110	252	0.1478340238768679
110	497	0.10003013461281061
110	604	0.10885147601057411
110	608	0.10264675671506165
111	313	0.1358479572865162
111	400	0.10996111666641048
111	428	0.11833111362069043
111	696	0.10454799975153979
111	798	0.10786286997106406
112	168	0.10774809715926996
113	219	0.11966725571189527
113	260	0.10527987521888903
113	716	0.11122559506430255
113	806	0.11103693356142333
113	808	0.15059964213372992
114	989	0.11443014574099931
115	140	0.11396108131301251
115	371	0.11051856866876157
115	690	0.10126178695802476
116	120	0.10116977620594109
116	128	0.1465041529711528
116	130	0.13447546948820868
116	144	0.11406067598782095
116	168	0.13453897051720276
116	204	0.20237931520106212
116	747	0.10091501740601293
117	122	0.10684372641435234
117	375	0.11902189207735546
117	429	0.10286019799000279
117	740	0.104511342525356
117	962	0.10131433612085593
118	152	0.13672796048282665
118	359	0.10471152758170668
118	569	0.13264959101085605
118	958	0.10292484055525848
118	967	0.14163162371437843
119	146	0.12931526374860322
119	367	0.1184310802488364
119	457	0.12275245612799104
119	568	0.1479590796566578
119	584	0.2287840873523387
119	604	0.17285585609772816
119	787	0.12229675638236491
120	128	0.20151186528238987
120	143	0.16404809973633822
120	144	0.19485971954373665
120	168	0.10377324306366507
120	202	0.11281349931119003
120	569	0.11647466182887266
120	799	0.10352565688172992
121	264	0.10962069723500889
121	333	0.10765162026721138
121	402	0.10499069478725895
121	688	0.19872747966900467
121	982	0.11115153809115298
122	149	0.10508504126786775
122	667	0.1131980648258936
123	125	0.26935275281407894
123	245	0.10556988164213604
123	279	0.11014683439606815
123	456	0.19263128444901473
123	507	0.10521389388659015
123	513	0.1058805600037945
123	639	0.14730780392544987
123	659	0.10528239885436579
123	729	0.11788850739717878
123	733	0.22696796007070372
123	792	0.11233336132160582
123	800	0.11500708844660748
123	826	0.11686516006924699
123	937	0.11318775470239692
123	949	0.17455605548809175
123	982	0.1080686834177013
124	126	0.4172154434646908
124	143	0.11637164232819354
124	353	0.13104662706040587
124	613	0.14910551887789347
124	667	0.10117527428276608
125	279	0.10223753156162023
125	301	0.10626945137145331
125	391	0.1784631574071137
125	553	0.10515348511637976
125	659	0.10378778047354904
125	669	0.13791490031202874
125	730	0.12220801225031563
125	733	0.27349641512141815
125	828	0.10023505238330539
125	987	0.2069008726296331
126	143	0.1250444499849752
126	224	0.12116394356133557
126	839	0.1077590322119882
127	496	0.11056698263534788
127	603	0.1045631099799374
127	834	0.13710360045805045
127	937	0.11202836551032264
128	130	0.14967233764308457
128	138	0.11655014190875412
128	162	0.10501645374141844
128	168	0.10575893109234293
128	367	0.13268483094266972
128	398	0.10762059802372673
128	497	0.10240652503192336
128	989	0.11216565128093207
129	421	0.12131162570631827
129	482	0.1451378067941636
129	857	0.13168431054398305
130	144	0.14715042271155057
130	146	0.11278219350057929
130	150	0.11226318048364892
130	194	0.19223800681744288
130	349	0.12259523865957593
130	363	0.11386806079014083
130	391	0.12612063502201343
130	488	0.10178974808608816
130	497	0.10130768790175758
130	506	0.1413794919911844
130	653	0.11931874813742638
130	745	0.14106070147653615
130	997	0.100076771818536
130	998	0.11857823556642288
131	251	0.10620795145460037
131	845	0.10024813981778832
131	847	0.10516519332014697
132	265	0.10628618266866939
132	398	0.10275115574970661
132	426	0.12011721917368656
132	438	0.4246608311023544
132	468	0.13375984285165124
132	484	0.10017746797319502
132	679	0.10733319965470915
132	790	0.10943855404015808
132	797	0.10110984637743711
133	400	0.10090682576550036
133	673	0.13707153626088345
133	785	0.10520761082095727
134	136	0.1531805729619616
134	176	0.11973962677313257
134	259	0.1125539353708614
134	383	0.11013165192443639
134	422	0.11415049470563249
134	470	0.11110876246324358
134	667	0.1336449862664276
134	690	0.11613160522971087
134	902	0.23220297587261038
134	982	0.10305055897135502
135	769	0.10156931989050101
136	347	0.12697136148990304
136	383	0.13728269327545653
136	452	0.10971914555511243
136	481	0.1419745266296717
136	569	0.1499409829555829
136	613	0.14245466866680231
136	828	0.1284515887204895
136	887	0.10764998247448612
136	969	0.100440643121208
136	992	0.16175026903785172
138	264	0.13607505831457625
138	649	0.13744421505838014
138	682	0.10103262782131639
138	747	0.16813761715705863
138	945	0.1237685059107962
139	159	0.10159034724019561
139	200	0.10891690056080439
139	206	0.16710681721027423
139	264	0.1015497035665426
139	318	0.10277273813530008
139	353	0.1014884971885618
139	397	0.12901606744632685
139	497	0.18061413682643251
139	907	0.16698866619919434
139	969	0.10779030501115876
140	205	0.10658118263383091
140	221	0.10529993494843205
140	228	0.1178015612332559
140	262	0.10675526308761256
140	408	0.12513875859558338
140	855	0.10527867391227133
140	873	0.13387258714145467
140	889	0.13078222661251215
141	229	0.20207497305680872
141	681	0.11022660473099172
141	805	0.12948648239804836
141	862	0.10276559628756946
141	912	0.10182311391536567
142	144	0.14761876558039505
142	172	0.11915168250315854
142	176	0.12780922102717143
142	197	0.12050290431768335
142	206	0.12015079532370326
142	218	0.11396149056106751
142	224	0.13989551160538674
142	361	0.10550093231550874
142	465	0.1017636755057652
142	597	0.1169743664487594
142	989	0.1347095895208449
143	200	0.1405367912117623
143	212	0.10988654665367856
143	220	0.11837161608712855
143	224	0.11736819361977989
143	272	0.10159025109748628
143	665	0.10587561354079791
143	677	0.13023118529866948
143	712	0.13043186287514272
143	850	0.139893025307194
143	868	0.13011318093426538
143	976	0.127517848977814
143	982	0.12602050686093283
144	150	0.14962669287777897
144	162	0.10041655671570127
144	204	0.12064214117411207
144	284	0.1057347154430506
144	420	0.13580398262221025
144	457	0.10610138337149624
144	684	0.10941487159412291
144	780	0.13846265079027206
145	687	0.10520418260814879
145	850	0.1079833951176127
145	944	0.11189784087781728
145	961	0.10000914434624175
145	972	0.15637402588835053
145	998	0.15272557458920583
146	148	0.13190536763437363
146	222	0.10289490283999722
146	338	0.10537570427202385
146	404	0.10265576556704155
146	406	0.1979881610708456
146	428	0.10046004107890541
146	508	0.10532245769731582
146	572	0.18612251354594336
146	607	0.10272051665367331
146	700	0.12686114310372387
146	747	0.1343301376792342
146	791	0.13303527759266293
146	793	0.11673399084140189
146	862	0.14683472192571106
147	153	0.11392665461918772
147	177	0.10342557392384481
147	214	0.10306166953532682
147	865	0.10672387797936525
147	870	0.10165776600692807
147	929	0.10271397794619942
147	958	0.10003961061420592
148	150	0.12044539128019065
148	156	0.10307113842379848
148	666	0.1330944400349259
148	969	0.1548397171852579
149	461	0.1332566114026206
149	489	0.10757333553652816
149	650	0.14622408967203873
149	763	0.2541339456162751
149	803	0.1477572923392316
150	162	0.12139384631148421
150	166	0.10016310993092196
150	198	0.1021603525709074
150	204	0.12419753786825734
150	214	0.12242887081715655
150	323	0.12646218676669077
150	438	0.11269133124684091
150	468	0.1131151444701709
150	569	0.11081149248957792
150	587	0.14770744439439015
151	319	0.10681107966399775
151	396	0.10166015334964056
151	406	0.18167785190113325
151	412	0.15898644559687752
151	422	0.13303897552356897
151	436	0.23337248789058418
151	459	0.10681911536256533
151	460	0.11053478957139833
151	603	0.15140504102101326
151	688	0.11918727223992087
151	704	0.1406684792609115
151	712	0.15469643835202926
151	786	0.1255637428571962
151	844	0.10239743705693256
151	859	0.11614503626823255
151	908	0.15050773144065116
151	974	0.10397178049409994
151	976	0.1378875297158286
152	275	0.11070905877076177
152	283	0.1273530233644741
152	309	0.1616896856312314
152	569	0.13593446378384577
152	835	0.11704700647845355
152	967	0.10135291362774322
153	212	0.12339220970200525
153	497	0.12469315059733534
153	716	0.11365684154508497
154	155	0.12504553604723476
154	475	0.1126045642539947
154	528	0.11184092824727701
154	609	0.12282646118154948
155	199	0.12794219550639807
155	404	0.11807683381931283
155	557	0.15855912441154676
155	663	0.10223965627330503
155	799	0.12283448052733761
155	916	0.12469060981436215
155	995	0.12358683854913878
156	161	0.13172826140429425
156	345	0.11024097366563357
156	791	0.11865133406727524
157	316	0.10848696406064524
157	351	0.13339022074821363
157	431	0.10957230730013413
157	653	0.11340435606280717
158	172	0.12427770811574458
158	713	0.11512321025953326
159	353	0.10334661890746381
159	796	0.10071564071569902
160	585	0.10080768772083508
160	716	0.10349248107423106
161	623	0.10821515208336009
161	625	0.12644239126911108
161	627	0.1742505611520378
161	656	0.11686401171751037
161	988	0.11787946953531407
162	194	0.10796391687382888
162	204	0.13129810336207987
162	587	0.18774113951182914
162	655	0.15570621677364374
162	711	0.10849189191316552
163	387	0.11578818794978694
163	483	0.10160877238188307
163	875	0.11021253314392745
164	170	0.1525597672914142
164	174	0.19084196446599586
164	176	0.11873582036297559
164	200	0.1087734462885732
164	220	0.11920747343166958
164	808	0.10579057466062686
165	283	0.14750397210143532
165	500	0.11657977368034336
165	707	0.11530792421517469
165	897	0.11798172953239149
165	934	0.13626086296599346
166	178	0.14155094364184775
166	180	0.16213717816860906
166	193	0.11751053953567553
166	353	0.13260205541410877
166	373	0.10184056564206347
166	655	0.10988650106053428
166	751	0.1256162496374934
166	953	0.11977282113145114
166	987	0.1021569749957722
167	209	0.1155485303003041
167	365	0.10681961718517924
167	806	0.13389765459698874
168	198	0.11787550767855323
168	202	0.10168766222275427
168	216	0.1917775440353562
169	400	0.11263784536963714
169	643	0.12669868282741825
169	670	0.10689999126277325
169	712	0.11099913809997689
169	904	0.11163346657639729
170	172	0.15541120698092775
170	174	0.28110914760015204
170	182	0.10997754035860086
170	259	0.11088600206418854
170	468	0.1123941496224353
170	493	0.11667211075497545
170	589	0.13172354540989054
171	276	0.10207886199861714
171	523	0.11388985701829142
171	531	0.10655475995944705
171	572	0.10253762610473868
172	176	0.21240792994139596
172	182	0.14825177951938007
172	186	0.13964839439252685
172	191	0.12131378243774113
172	222	0.11939078450143367
172	298	0.1874347526328793
172	461	0.13307844661145968
172	463	0.12557235629513605
172	753	0.10790287019821582
172	942	0.1026299702820646
173	404	0.10235909138304049
174	198	0.10124287484010508
174	209	0.10363843766098049
174	356	0.1086462671849568
174	373	0.13914302382942223
174	534	0.10311916158967273
174	810	0.13873828783603848
174	910	0.10582812769849523
174	955	0.105227950217716
175	322	0.1001817337355657
176	186	0.1819793057744204
176	191	0.28376991252681266
176	197	0.11156752359241438
176	206	0.19143216906946597
176	259	0.1017839578399531
176	379	0.10443482223928575
177	444	0.17977942914382647
177	450	0.23135055537428784
177	627	0.10876682145141281
177	740	0.1517357394794639
177	861	0.15451965687061625
178	192	0.11112875485784059
178	193	0.1870428098244441
178	197	0.19432181389247
178	198	0.10496095949855075
178	341	0.1136819623077008
178	352	0.11485217171418072
178	353	0.1486775180729763
178	466	0.10477677828126915
178	470	0.10652615805455558
178	491	0.1266763512194461
178	816	0.1461605742496767
178	969	0.10320172760627842
179	780	0.1170816008344773
180	186	0.14836343906403296
180	194	0.10478214899450562
180	568	0.14778010629062896
181	219	0.11535268407136616
181	503	0.10169962376464958
181	569	0.1155640162780946
181	761	0.11416586741729494
181	904	0.1131069044276724
181	998	0.12683381180805914
182	301	0.1201253064597117
182	503	0.10293309446787176
182	740	0.21702717095441068
182	812	0.10741810853518484
182	953	0.11347317923619427
183	214	0.11156422647304534
183	318	0.16387370828199013
183	322	0.15800310872033113
183	324	0.12059456804646321
183	330	0.11168531440254507
183	370	0.10939933680177222
183	380	0.14732725700961102
183	421	0.11360484237729009
183	485	0.13502932371036908
183	535	0.10141573225532181
183	853	0.12114227007036768
184	321	0.15843186894854436
184	401	0.13425523863907488
184	502	0.15539151614198787
184	641	0.13211445878243167
184	675	0.12817485868376863
184	815	0.10998200019819089
184	834	0.17438660205237172
184	913	0.12671265224875178
185	476	0.14421999150465914
185	615	0.10873235780852888
186	191	0.10616743631378757
186	222	0.11719784405691169
186	363	0.10957844184652854
186	747	0.1256715425152863
187	281	0.12115511532992611
187	290	0.10438439195281318
187	292	0.15903297317425316
187	717	0.11874113184832401
188	192	0.10146239495003845
188	198	0.20654051143329882
188	202	0.18291305679337927
188	768	0.1102604022177344
189	245	0.1001584267973658
189	556	0.11506420512602984
189	872	0.22641713769010163
189	874	0.29189105581649
189	876	0.1717634146842259
189	908	0.12656346144389022
189	956	0.14855267461243535
190	204	0.14476896394198935
190	322	0.10432349616029223
190	587	0.10992909214619426
190	662	0.10054789106180917
190	711	0.13032741333871148
190	720	0.1081516869582646
191	193	0.23764683395290762
191	206	0.14204623774932185
191	275	0.10211560453591995
191	364	0.13234848020490655
191	465	0.10898408642742842
191	497	0.1093597218564822
191	528	0.10202082930778694
191	619	0.1018527948895742
191	673	0.10995420792945952
191	711	0.11106497454483197
192	198	0.11350864403142137
192	324	0.10023938764527139
192	327	0.12323888460821442
192	353	0.10861505646212155
192	491	0.10401628897719196
192	497	0.12982762859678446
192	585	0.11877909082375396
192	722	0.10895701436841088
192	816	0.10071218764486065
193	194	0.10203770441310853
193	198	0.13826269205711392
193	214	0.10172001125043323
193	261	0.10415226190134363
193	816	0.13097828472364184
193	871	0.10553464632135466
194	217	0.13603784651470305
194	222	0.10627484687183118
194	228	0.2723661942105674
194	363	0.19267690591215786
194	590	0.10557105957844072
194	873	0.17674245512639877
195	239	0.15179785156255254
195	319	0.12806199034723018
195	335	0.10342929269570224
195	457	0.10441123806934847
195	523	0.1704303635533923
195	597	0.11545418398658791
195	623	0.12162796298593709
195	815	0.12239374467501979
195	946	0.19855662972001623
195	974	0.14034919591757988
196	200	0.24614495673432976
196	226	0.10191186427762051
196	228	0.1085006848558947
196	333	0.10828758030820257
196	374	0.15034944468227934
196	378	0.11610898600285689
196	711	0.10340810004766758
196	809	0.13898463202331515
196	907	0.14608799392997512
197	224	0.12056065346236944
197	370	0.11194524478270225
197	470	0.10134865003561094
197	481	0.12268807415308532
197	507	0.13787249459308074
197	821	0.15120572351565417
197	912	0.10702334048771903
197	969	0.11197078203087213
198	202	0.2222918098757034
198	228	0.12223263566970913
198	360	0.11025280238460136
198	969	0.12424222146672609
199	503	0.12777405600131253
199	786	0.12620885236013746
199	900	0.10307744667997604
199	926	0.13009822485002165
199	943	0.10760577206900815
200	202	0.1261020172031884
200	218	0.10115880829342211
200	221	0.10958456803626185
200	809	0.11932054905157645
200	836	0.1021709350024253
201	299	0.14472659622026382
201	404	0.14749644258725395
201	557	0.11606851352959237
201	909	0.32109140225693467
202	491	0.11723080016627371
202	585	0.1093848204544548
202	969	0.11925016821618607
203	235	0.12230405636931245
203	280	0.1756394260773973
203	283	0.10644556387280686
203	284	0.22352505645345538
203	298	0.20368752746189941
203	326	0.13033870573960463
203	591	0.23653016138125071
203	621	0.12503186885480916
203	821	0.1303146390639615
204	587	0.12908799022985812
205	311	0.11203929610901857
205	387	0.18284927392468409
205	564	0.1150118056714841
205	637	0.10314523148454409
206	216	0.10974831836366614
206	218	0.14604157416872743
206	353	0.1547684630278056
206	409	0.12047579076505785
206	441	0.10214328005297806
206	484	0.12484053959835746
206	497	0.18187653418631827
206	606	0.10869671048335314
206	653	0.15413599316955182
207	245	0.11044322433476968
207	283	0.10124686434328858
207	530	0.10170910706084384
207	574	0.10325770637936449
209	797	0.11461082486768523
209	975	0.18458438749848824
210	428	0.10935894021106149
210	664	0.11626808131038477
210	768	0.10068858324786191
212	594	0.1143264465786041
213	215	0.18549900793392549
213	454	0.13336594466268586
214	343	0.13242779847011754
214	353	0.10989088176744576
214	612	0.10134739632153464
214	655	0.10976792794671947
214	899	0.1275385731940722
214	991	0.11229047486854811
215	241	0.10577654559575445
215	318	0.11829205037439734
215	399	0.11324436394960606
215	646	0.22025343320956375
215	795	0.11592702037638067
215	857	0.10439605816021341
216	606	0.11503687744761361
216	747	0.13485696068523984
216	932	0.10629813072463412
217	227	0.11580274251173793
217	449	0.15051852142784136
217	711	0.11115313320980673
217	963	0.12458480343756893
218	366	0.10670339759835311
218	434	0.13916852457948406
218	497	0.10483178481718734
218	804	0.1188293527400961
219	295	0.10572539174254109
219	408	0.10635117143642871
219	679	0.10283181875651357
219	761	0.12536478563362857
219	788	0.16585083057024702
219	806	0.10423499958614121
219	956	0.10210186796064369
219	962	0.1241244057484176
219	966	0.17936108521103428
220	655	0.14239377297118955
220	799	0.1071221038478058
220	943	0.10390685062519545
220	976	0.10573566499844081
221	969	0.10205454759960987
222	338	0.1271968979947304
222	491	0.10063433610725735
222	759	0.12019867248004015
222	945	0.11371955439311371
223	517	0.10725712497493341
224	418	0.1005675903119262
224	799	0.22051601803642318
224	832	0.1012893802476492
225	593	0.14881036334490497
225	704	0.10573217446233094
225	875	0.11922623591270473
226	228	0.11129474917159207
226	939	0.10696467176852038
227	321	0.11781832390197285
227	451	0.10959316648976536
227	563	0.1086464068167629
227	733	0.11701488318356659
228	491	0.1899889002110102
228	809	0.18975362854198835
229	612	0.10325146039851871
230	266	0.1063486894024264
230	330	0.10337292022691744
230	423	0.1497058329470151
230	685	0.13824103663405085
230	693	0.10087521953886947
231	233	0.3534111456782288
231	261	0.1029721250977283
232	316	0.10729469577485325
232	702	0.1068570440761525
232	719	0.21913643033876457
232	740	0.12394536474401473
232	995	0.1169714140680652
233	267	0.10825685653015468
233	341	0.10329076871447353
233	353	0.1421400720525954
233	410	0.1002478904996726
233	700	0.10033450185438701
234	236	0.18494937014247115
234	248	0.22788572747164174
234	303	0.10337745959583991
234	336	0.11900846096426802
234	340	0.11306123887499345
234	368	0.11003521197572179
234	397	0.10409992997339663
234	691	0.15162918467650116
234	719	0.14276296352518048
235	345	0.1571282110896372
235	543	0.1150702531557147
235	546	0.10143740728804505
235	575	0.15496259583117164
235	589	0.10815189434869271
235	775	0.14999295445308333
235	776	0.11861801827091228
235	803	0.10834063519298053
235	893	0.14254781764569427
235	910	0.10602686413268668
235	920	0.10662690569081038
235	934	0.13724385341195222
235	941	0.10026994434647124
236	238	0.2305109556971159
236	240	0.25147782857842477
236	248	0.16619202800873553
236	296	0.11186239244265299
236	479	0.10754980588775416
236	743	0.10086659744737378
237	347	0.10439716199013467
237	412	0.1384225215010131
237	575	0.11425906527478415
237	581	0.1404878430842294
237	921	0.17208382544147208
238	240	0.18002212549330673
238	248	0.15835653696993895
238	743	0.14423003652775357
239	359	0.10007978993155839
239	533	0.10473736517047849
239	646	0.10903170248142544
239	663	0.1426805465162163
239	817	0.13059089689950198
240	248	0.13037353422927514
240	369	0.22718598504416246
240	479	0.11028669364745984
240	743	0.252267427434522
241	304	0.12079785223275451
241	341	0.10138510540471318
241	431	0.11863619609218713
241	442	0.13126961535414322
241	571	0.11314018305991232
241	573	0.16086370001141875
241	609	0.11294265459420841
241	632	0.11706121424829866
241	648	0.126973338384891
241	658	0.10073447475480929
241	739	0.13022109381222285
242	244	0.32031050057431043
242	246	0.15790774714685257
242	314	0.10095857798745947
242	963	0.11577601688504753
243	895	0.10977608608118876
243	922	0.10211944526979741
244	344	0.1447959276559076
244	719	0.1415694397641612
245	307	0.1158050236256356
245	327	0.13050252362702577
245	460	0.10296228932691182
245	468	0.11989330174477195
245	513	0.1328870978164668
245	788	0.11879914118280044
245	814	0.1185361412628299
245	816	0.1231133668910902
245	862	0.1651077951021903
245	930	0.10285271961073064
245	936	0.10305733935448963
245	949	0.12390654274805069
246	293	0.11658309281318836
246	368	0.10174067055124193
246	677	0.10699379923501412
246	991	0.1999779334225453
247	249	0.1394805286515116
247	267	0.11227672310135628
247	317	0.11583037556885556
247	387	0.10817163863286654
247	400	0.12203706163291755
247	524	0.11508735151302331
247	896	0.1067243994117668
248	254	0.16923832966819988
248	340	0.11597956375468486
248	368	0.11850966616959821
248	369	0.12481750849713272
248	743	0.11831599333196813
248	763	0.1506159178205116
248	991	0.10693695821676145
250	535	0.15856904429467597
251	879	0.11629035730498777
252	262	0.11927796861404122
252	302	0.12809835956660606
252	310	0.13554020954810836
252	336	0.1256159557715167
252	345	0.11034163142314846
252	401	0.12327909736184184
252	768	0.1466729014441175
252	889	0.10580546298743453
252	963	0.12303203731150418
253	280	0.13371114481289392
253	427	0.10679746818830174
253	435	0.1031651993545612
253	461	0.11510776328234491
253	515	0.1238670369287212
253	810	0.11705385707702347
253	941	0.11147829698465918
254	312	0.13926698246028182
254	342	0.10932115045662362
254	356	0.20225590941601404
254	368	0.10236188155146628
254	374	0.16951329631909134
254	535	0.10825029503769029
254	743	0.10198263341192812
254	889	0.11326799953010003
255	589	0.10970194083895136
255	695	0.13628677656389074
255	702	0.11771633297859374
255	961	0.12654537453818188
256	267	0.11578358666690602
256	295	0.10960647920699187
256	362	0.10319480422196241
256	697	0.10268309178982679
256	785	0.14218160058858875
256	853	0.13285473013249197
257	379	0.10326200805979505
257	406	0.11842313813351861
257	470	0.1043941599600952
257	505	0.14691944157846165
257	513	0.15777532228506944
257	537	0.12416972965643686
257	596	0.15442949506728348
257	659	0.1349238151462215
257	669	0.14044447667934878
257	723	0.11660115955183976
257	873	0.1041121712615494
257	893	0.1252300970097993
257	987	0.10416419221839221
258	260	0.11360013036767364
258	272	0.13302552294669504
258	605	0.14423128573297037
259	261	0.10015958969555645
259	354	0.1197362096314629
259	410	0.12107186647252227
259	589	0.10635066890508621
259	666	0.11709761464636816
259	675	0.16303132068552365
259	684	0.11336716406286165
259	821	0.12325277502591146
259	893	0.1269904334331946
259	902	0.1646026084810656
260	314	0.12455324009768046
260	402	0.10407323180968388
260	665	0.1084340434428008
260	725	0.10231722495881346
260	833	0.13120846434256592
260	983	0.11979623107625362
260	995	0.12323428760664983
261	270	0.10364968837733579
261	589	0.12817413113571563
261	594	0.12189119902044106
262	264	0.12339355043070686
262	266	0.11914012081284839
262	270	0.21481332268448647
262	274	0.13205041366486836
262	284	0.10131694525238978
262	306	0.10805591320217627
262	310	0.16249023207600038
262	323	0.19423245211280285
262	360	0.10596181422446962
262	705	0.10108623918070943
262	877	0.13581350348093224
262	889	0.11344072250940898
262	972	0.10592612256890512
263	601	0.10433776439823461
263	862	0.18788819264627757
263	871	0.10526702874828546
264	268	0.20182908561576043
264	270	0.1145086581587108
264	318	0.10216325224774919
264	322	0.11277062297069419
264	323	0.14972312216776723
264	344	0.13306494371783584
264	349	0.10102838708073447
264	421	0.10582296411495697
264	976	0.10809293325363395
265	406	0.12872812653024093
265	424	0.10402168637073804
265	438	0.10559785060134318
265	474	0.11862708318133536
265	484	0.1987283747583128
265	688	0.10201115529851987
265	797	0.10893796436346648
266	302	0.12935241770310466
266	330	0.11017480166689811
266	368	0.13600721303387397
266	423	0.1123856928125506
266	613	0.10846118894499
266	633	0.10322644739766224
266	640	0.10168354615020408
266	678	0.1033163407249896
266	735	0.1053158915683619
266	767	0.10040659219310905
267	328	0.10904519429759374
267	523	0.10968647524403266
267	739	0.12980287341291025
268	298	0.1311819850442133
268	300	0.13383684019766026
268	314	0.113262046903691
268	441	0.10281649255763461
268	459	0.19102745247786948
268	463	0.11965150742365993
268	875	0.11613418252040754
268	904	0.11327292220534058
268	976	0.12293687106945529
269	353	0.15797285077600806
269	571	0.13911996390070916
269	705	0.10951974964007458
270	272	0.11155637251821145
270	282	0.14377593553679827
270	373	0.10220192372472482
270	594	0.11633432727685161
270	729	0.1328046844945669
270	775	0.15896447603875183
270	900	0.10969043947038107
270	914	0.12593007302940748
270	915	0.11293729284552897
271	370	0.10604888944451292
271	575	0.13886786272788865
271	830	0.13052634683995437
271	931	0.11117718544856368
272	300	0.1118233869234841
272	304	0.1272607952734926
272	632	0.11810304998117954
272	803	0.10698818495174822
272	864	0.11468982899303343
273	485	0.11947947012011949
273	495	0.11578983557531852
273	541	0.1037107020339006
273	603	0.11619429278424911
273	625	0.11753784933517308
274	292	0.11293238121725804
274	306	0.10226756342275593
274	359	0.1580251515143287
274	557	0.16377690073785503
274	596	0.10919282561626088
274	615	0.10394158833975455
274	735	0.10361873365126467
274	906	0.12347036221926036
274	939	0.13424416892707147
275	292	0.10449709019738702
275	400	0.11969770817999334
275	410	0.1056328413714241
275	456	0.1212619428311776
275	667	0.10109768973088012
275	679	0.12756620158698684
275	723	0.11679698762178399
275	833	0.10443541407980557
276	347	0.10745587599656654
276	470	0.10686456802406032
276	580	0.10407071922180548
276	685	0.10769036207403135
276	805	0.11789328178818162
277	631	0.14190003466075848
278	315	0.10927037258929395
278	369	0.13967849791100517
278	787	0.15583643773710715
278	792	0.1143561814136576
278	868	0.18059504653515368
278	937	0.12259305442454699
279	470	0.1479335116612083
279	507	0.10358989297134966
279	725	0.11250086214439908
279	775	0.1321880168697944
279	835	0.12826514712058262
280	282	0.13554492244416508
280	283	0.17538885285483602
280	288	0.17251502469329488
280	298	0.2037952130924439
280	320	0.1552337304963763
280	348	0.10029310181405686
280	719	0.13968298121454187
280	759	0.12145060996218861
281	396	0.1309452340661741
281	471	0.10046094442175003
281	553	0.12448537062811571
281	897	0.1573830103854985
282	319	0.11412911670300972
282	396	0.10943018839677521
282	469	0.18015786859189156
282	759	0.10011409738221105
282	765	0.10024126870532168
282	775	0.17272791222001968
282	827	0.11412605974622893
282	990	0.14553636172971968
283	288	0.2811281094908264
283	298	0.2886215982925087
283	320	0.12411749712102002
283	348	0.11169773671261764
283	408	0.10297856871418654
283	446	0.11604285252181584
283	463	0.10833890207365979
283	542	0.1377400152620053
284	296	0.12445166932859178
284	302	0.10336397109785783
284	314	0.108509526617238
284	323	0.11224555173092854
284	326	0.1125520064717329
284	725	0.13867013854592547
284	899	0.10591904400061644
285	337	0.10986719855249542
285	511	0.13184293849796005
285	665	0.10726718435178163
285	732	0.1034059844925145
285	825	0.1054084104913253
286	294	0.11291087381586365
286	296	0.11037222442115448
286	300	0.11183457243783787
286	326	0.24808884178544438
286	368	0.10686645861882288
286	463	0.11212370114024972
286	654	0.10098560633026402
286	991	0.13000106741749623
288	292	0.10895770602625404
288	296	0.11330214681719802
288	298	0.15658249272377922
288	318	0.1002649603956464
288	320	0.12802501313229409
288	397	0.14035236069191928
288	535	0.11147820717016088
288	967	0.10000803372289899
289	622	0.10588413177620033
289	624	0.10874764675924871
289	654	0.15614907320605864
289	656	0.11036037058818232
289	919	0.11250205057874475
290	294	0.12328677936823224
290	304	0.10607447201201467
290	316	0.2193047367730895
290	633	0.10623535482059426
290	698	0.10042549601570343
290	850	0.10882611484714297
290	963	0.1271372409622159
291	755	0.116574235952167
291	769	0.11421387348415216
291	785	0.12834857036579994
291	800	0.11129685475463999
292	310	0.12202751247757539
292	316	0.13513627459371483
292	542	0.10169818380529778
292	640	0.1340403336529917
292	833	0.10372824147338096
294	370	0.16428433591488134
294	970	0.1016405153771474
295	962	0.10039722436856172
296	304	0.10613913118671052
296	314	0.10263440542942523
296	336	0.1457627849266429
296	397	0.208366294432929
296	995	0.19425294903453322
297	750	0.1615010909911388
297	771	0.11524581772829806
297	890	0.10980277612812747
298	320	0.15496814216015728
298	348	0.12302199971450616
298	463	0.1838959892672911
298	621	0.10692007532965069
298	719	0.11208543251322105
298	753	0.11066153899375755
299	301	0.11036162815431318
299	327	0.10641893382909239
299	385	0.11592322199120232
299	404	0.1479963563084716
299	830	0.10930604543024083
299	909	0.11634338911926609
300	302	0.26487189817618945
300	306	0.13793284999680422
300	338	0.16167263418928893
300	374	0.10905345350332486
300	963	0.19678515260863985
301	603	0.10939399733282676
301	629	0.11560623590605695
301	669	0.18945582961532464
301	675	0.110287078476409
301	759	0.11607266229335284
301	808	0.12509806517494176
301	812	0.3802607659112672
301	883	0.10988705616183497
302	310	0.17550581792549955
302	338	0.1250839564250808
302	360	0.10193555978677424
302	376	0.11072767728456837
302	426	0.10427857200581003
302	735	0.10535206603501293
302	822	0.1173273829955823
303	414	0.1163714471424279
303	577	0.10930912874439183
303	604	0.18603871415952378
303	788	0.10609528802669026
304	314	0.11078040645252522
304	316	0.12311514032706403
304	318	0.14497647284753146
304	397	0.10280488631993241
304	589	0.11906188432364542
304	721	0.11924855745768359
304	784	0.12945262528282878
305	645	0.11545148940911101
305	710	0.14478994017968058
305	816	0.11396629092809438
305	901	0.10503552721910804
306	310	0.19732784433598727
306	336	0.10643633641300931
306	340	0.13520328228139716
306	358	0.12246240611091651
306	991	0.19404629121564015
307	501	0.11050930182129652
307	536	0.12990806787287779
307	809	0.20216060625500276
307	811	0.10610072729063567
307	814	0.10734079042340201
307	836	0.16819639949059434
308	712	0.13378916589992285
309	891	0.17064956568456804
309	959	0.10409913382057909
310	316	0.14056897474762722
310	336	0.11185992895295647
310	358	0.1011555088939694
310	368	0.1515831064059893
310	369	0.10732411614141302
310	397	0.13458864792735592
310	735	0.15432881630720022
311	387	0.14492830943360827
311	906	0.1220845789863602
312	330	0.2244458470056825
312	340	0.11164335387197129
312	535	0.14984639030544566
312	889	0.12722841015702746
312	972	0.10015820455039982
312	991	0.11068243543074563
312	992	0.10638204349391281
313	392	0.11015180237432606
313	432	0.10255266550810158
313	487	0.12173115293534223
313	488	0.10117083994428447
313	656	0.1189176753179428
313	657	0.1354134779451728
313	774	0.10623131465722051
314	316	0.1883375423910607
314	344	0.1317377397343497
314	364	0.15426061273704295
314	373	0.10561765467838279
314	385	0.12312302592514882
314	397	0.12419638298245463
314	483	0.10722126671979514
314	543	0.10579376275213638
314	605	0.16813882690506002
314	725	0.1819701672121656
314	791	0.13739963855510293
314	963	0.12716445333513876
314	970	0.10042975991952785
314	981	0.13881243880126584
314	989	0.13275013761430554
315	428	0.12140094832462733
315	434	0.18948976034914006
315	488	0.10545840036404927
315	613	0.13198032684451064
315	708	0.15579881200119733
315	761	0.11740921282950773
316	318	0.14458072361525612
316	373	0.12646820526556057
316	397	0.25319800642871176
316	553	0.11626039989540553
316	725	0.11481655999619954
316	735	0.11320437844024045
316	995	0.17471987046264426
317	414	0.10458921616670804
317	562	0.10532716607040987
317	634	0.10437885329418022
318	320	0.10087244778423458
318	345	0.12099745442514592
318	385	0.11933957810434799
318	729	0.1283303906205051
318	958	0.11158774019944005
319	441	0.2485643850586694
319	459	0.23641604520154172
319	481	0.1374849093178121
319	968	0.10661894062441529
319	974	0.11626575414933481
319	990	0.11330804897284887
320	342	0.12079589460531218
320	360	0.10504285443310775
320	364	0.10524862104028974
320	532	0.11818326710665379
320	535	0.12327422103573481
320	571	0.11192543415474465
320	719	0.10574385731430463
320	766	0.10364750398645518
320	815	0.12938511073889983
321	324	0.10586710277825846
321	401	0.14988626548320708
321	502	0.12888688912322446
321	545	0.1154722482030576
321	816	0.10172669373247978
321	834	0.1442029625301273
321	913	0.10707424663020318
322	324	0.2592633006566684
322	345	0.10700149748524218
322	923	0.137781750405749
323	342	0.14328293449753232
323	364	0.13880889309388658
323	373	0.17410995249774228
323	374	0.1058405557880615
323	423	0.14841817096691812
323	676	0.13470256438982645
323	728	0.1462896361535648
323	753	0.12016930926380352
323	824	0.14120810961497995
323	889	0.10697100236595787
323	941	0.13277532909097678
324	354	0.146835904788222
324	376	0.1129743106862043
324	415	0.10089677224969114
324	567	0.10773109766381982
324	573	0.11356130085009394
326	963	0.14177358531536915
327	391	0.10905337235677394
327	449	0.10412773229030291
327	599	0.11632409717256034
327	669	0.14920441422831102
327	749	0.12999409023543612
327	765	0.10032247293903332
327	790	0.13098526408270647
327	808	0.10409622738048899
327	814	0.10566697755992559
327	949	0.1754840305817219
328	329	0.15443745122354366
328	348	0.14679542950528593
328	958	0.13236859816227395
329	348	0.17199374013932836
329	370	0.11104739018069054
329	577	0.11255013227403683
329	742	0.12792746232263896
329	992	0.11405325894998977
330	423	0.10321549366926132
330	535	0.12712827887046613
330	675	0.1233829286046877
332	338	0.11197872533686623
332	397	0.11101085193331806
332	708	0.12280563267796037
333	551	0.11790138254637647
333	688	0.10195014677965704
333	704	0.12367563697524919
333	744	0.10819563179007122
334	345	0.18656098905130603
334	537	0.10383910540120957
334	858	0.23655518297139078
335	364	0.1030829169193988
335	367	0.1398746293785021
335	457	0.13559257240853162
335	459	0.10082607538883295
335	497	0.1286220420423819
335	642	0.11775301361226409
335	676	0.11864396108392176
336	340	0.16862328127393517
336	362	0.11841216416108245
336	991	0.10016966588362204
337	357	0.11441729684456167
337	825	0.1369754913864841
338	344	0.111174540060476
338	436	0.11105934575288381
338	693	0.11794376170768057
338	861	0.1565069312401167
338	893	0.13035609509967327
339	697	0.13705375172030682
340	520	0.10911753096592972
340	579	0.12656084857079927
340	879	0.16483842084754716
340	889	0.10629065958835869
341	354	0.11116814643305628
341	361	0.11410283917041757
341	597	0.11686433667302375
341	899	0.17417812679123354
342	344	0.11285758739781367
342	356	0.11605326252385736
342	678	0.1244245605102427
342	710	0.1655335443267877
343	506	0.15321650393089642
343	530	0.24548613615228115
343	544	0.12092515237858927
343	546	0.10304693562624147
343	781	0.1436913706803298
343	856	0.13456176688798546
344	360	0.13173770521196804
344	364	0.10846505904413879
344	397	0.11731995324188349
344	421	0.11296780369711683
344	693	0.11012112909060849
344	719	0.14829764240446774
344	741	0.10246065722620294
344	756	0.17824722452717293
345	495	0.11631142477201036
345	530	0.17896334312927656
345	537	0.1646541564400912
345	614	0.11613971619490286
345	625	0.10028507859079855
345	675	0.1308300335310326
345	858	0.11226083573005596
347	412	0.12027346472543848
347	575	0.186674013341349
347	638	0.12228473239686274
347	806	0.10746354862330956
347	828	0.10706920615943087
348	378	0.14634482232981472
348	423	0.11565807604757504
348	463	0.11895125137937053
348	540	0.10090737877567231
348	607	0.10618126004641065
348	738	0.12038819502804131
348	797	0.10410542817189608
348	817	0.1121438345296413
348	887	0.10581924384314974
348	992	0.12570067116172023
349	489	0.10602886732426388
349	652	0.10524093392287119
349	931	0.10009465292005908
350	358	0.1008624925592651
350	662	0.10804882728140351
351	604	0.10475655780095153
351	653	0.16344714672677293
351	947	0.13435214179762073
352	360	0.1214085820290135
352	370	0.10405024788734499
352	401	0.12390093995674628
352	705	0.10054666621051073
353	497	0.12191761844952897
353	980	0.1076804711213736
354	358	0.12947004956819685
354	376	0.11037609524222741
354	380	0.14055323087336005
354	421	0.10837862049340813
354	537	0.10379730066611788
354	719	0.14070713897592643
354	753	0.12309283001755508
354	821	0.11435668714288984
354	889	0.13699268927335315
354	893	0.1253269230256359
354	945	0.11970873008519108
355	695	0.10234805862663168
356	374	0.12245612939205255
356	423	0.12675521804939852
356	675	0.13065305827485976
357	606	0.1167138160308651
358	471	0.24548695351550046
358	906	0.11616231876617152
359	396	0.11804621886538245
359	402	0.10689816747636845
359	413	0.12025415828032664
359	633	0.12419645985313697
359	891	0.15068515233713708
359	963	0.13258205112728147
359	995	0.23980848233284682
360	877	0.10366818277028016
361	400	0.10599064865722854
361	410	0.13856615742978926
361	422	0.15571520388293206
361	434	0.12049105996789594
361	461	0.25276690894756243
361	495	0.11292281609847744
361	523	0.10483337363248581
361	604	0.12212292193897076
361	776	0.11523849395548488
361	953	0.114034686442583
361	962	0.10248948386180738
361	992	0.13764608363045078
362	371	0.10460060531540116
362	409	0.18502594934242905
363	726	0.12883802223427696
363	891	0.11549631059624277
364	366	0.19055394854785257
364	423	0.11923466885656729
364	434	0.13164607413326349
364	461	0.11053229420523807
364	719	0.10984329167483826
364	724	0.13546855986852438
364	726	0.137832083397577
365	465	0.16014905308964447
365	676	0.1571432083952617
365	786	0.10888326839447526
365	803	0.13191827575465565
366	368	0.10544701167116213
366	397	0.17416887017918586
366	539	0.12170051418427398
367	849	0.26432808619012393
368	369	0.15656271251553996
368	397	0.10316049882032094
369	458	0.1297778188051032
369	538	0.10699584794077012
369	743	0.16848937925259008
370	493	0.10480221224720392
370	507	0.10258542400606609
370	596	0.10651553171484034
370	741	0.10270332632669082
370	814	0.10238192670042615
371	670	0.12526604696880042
371	673	0.12986017592964866
371	901	0.12006499115399497
372	484	0.16194219400438709
372	674	0.2111547325236036
373	374	0.15180879696082655
373	379	0.11457536102889952
373	401	0.14953199677171744
373	474	0.12036672275521111
373	588	0.1463352711029449
373	675	0.19315548275666825
373	725	0.11324595299691348
373	775	0.10980963606557102
375	717	0.10781597723737085
375	967	0.16145082629091173
376	491	0.10329820249146328
376	811	0.11047992524977966
376	893	0.130265288465666
377	529	0.12009027460971995
378	464	0.10270691349883072
379	470	0.15551118117054893
379	614	0.16284473872869576
379	623	0.11839162556636543
379	625	0.15034868352730493
379	797	0.10982297116997763
379	887	0.10531992213608313
379	930	0.12285354231265648
381	473	0.10559969955101232
381	642	0.1176931137251249
381	988	0.11419085976365381
384	388	0.15573100388641423
384	392	0.11120582604179727
384	458	0.13172613445909678
385	483	0.10057646980240496
385	976	0.10773715161006069
386	392	0.15145774317377095
386	420	0.16636499559087378
387	483	0.11007221526971296
387	495	0.11400322012976592
387	509	0.1252957681553782
387	784	0.1404928506010374
387	888	0.10316546898294598
387	906	0.10142739304659132
388	394	0.198415225500751
389	391	0.18293434192470484
389	393	0.1404600692789898
389	603	0.13108621817052618
389	682	0.13722256020135307
389	786	0.10812034572172366
389	909	0.10841273830765545
389	941	0.10048957238024994
390	420	0.18088060271337433
390	436	0.10430081567159126
390	460	0.10056618895112668
390	603	0.11032926557446997
391	429	0.1118444040046804
391	465	0.10108343401292913
391	537	0.11087395906356343
391	553	0.11939118631859168
391	669	0.12577679561671395
391	781	0.1092810067392085
391	808	0.11960521439076995
391	966	0.10510615780040648
391	987	0.17140852872115664
392	420	0.13227084089962035
392	432	0.1307323033125005
392	438	0.10245940852231686
393	400	0.12669180217026432
393	611	0.11363587896508433
393	697	0.1156438443206486
393	780	0.14937346336960075
393	968	0.10060208837999711
394	458	0.10291941333166563
395	759	0.10554440525612324
396	452	0.10841791554913435
396	480	0.12454814565688814
396	717	0.10221062879172713
397	535	0.10008008015550389
397	633	0.10688539736671973
397	735	0.11236789131914414
397	938	0.10643461988939998
397	995	0.26715699431742806
398	416	0.12723128300919118
398	478	0.21602901284928994
398	490	0.10320702292395241
398	647	0.14047021687708855
399	521	0.10894792015786053
400	402	0.12257788749396845
400	410	0.10603902192042057
400	414	0.2127688577563846
400	418	0.11663840670410434
400	443	0.12823520237511482
400	577	0.1265001658949876
400	603	0.1848774593906469
400	611	0.15549554533730428
400	741	0.12413501842581336
400	778	0.12602223592061262
400	839	0.13561308002733732
400	853	0.12459845268243504
400	867	0.19558361833286372
401	543	0.10858332912817045
401	836	0.11887726602093664
401	889	0.10438085455037018
401	927	0.11479477840709842
402	412	0.10601241447405287
402	443	0.1167798966997176
402	465	0.14900222189727536
402	542	0.10232380593110192
402	665	0.11506147766590086
402	723	0.11498721180777952
402	862	0.10081486693952585
403	983	0.10052991400555943
404	406	0.20013167345349225
404	424	0.10368181175602532
404	428	0.10504791825137537
404	452	0.10619898845048824
404	468	0.1548207905113489
404	599	0.12480953956698836
404	810	0.13919853679345223
404	871	0.1578368445260968
406	436	0.10748609562515901
406	448	0.11783533448009909
406	465	0.10401316821881058
406	468	0.12279246507370038
406	472	0.11378189280160718
406	483	0.10698796707144484
406	791	0.10529591014369925
406	797	0.11649987055375333
406	958	0.11510281084841192
408	410	0.2781495024960313
408	416	0.12935034393282574
408	614	0.1063953470186411
408	633	0.1045285082639355
408	788	0.13213490685437693
408	867	0.21633247361673116
408	889	0.13426051884471876
409	440	0.1114028618758608
409	465	0.109313527564957
409	649	0.10759888754459611
410	412	0.12904348804223348
410	414	0.18754454374641386
410	419	0.12613462568475264
410	465	0.16309131779975386
410	495	0.21194109895560362
410	496	0.13781465422455236
410	519	0.10093852179857586
410	537	0.17784810009458257
410	690	0.1036400305281261
410	711	0.10669153492832123
410	781	0.10198435731525807
410	884	0.14111192781339177
410	897	0.13666913352506194
410	902	0.11122585779251376
410	987	0.10918137980106771
411	944	0.11446853962591091
411	961	0.13507752652689095
411	990	0.10723655965492088
412	414	0.11915235002551106
412	422	0.11524586088899554
412	647	0.10104375890615945
412	703	0.1497246162626467
412	723	0.10657149596591244
412	850	0.11450283328370663
412	864	0.10405998246959838
412	884	0.17584309595735792
412	959	0.12325492653463997
412	992	0.13518940264438764
413	711	0.11534984240698616
413	739	0.10020611737460425
413	946	0.12050551540121772
414	443	0.1330231620677288
414	495	0.18888143788664685
414	577	0.10795923651007616
414	603	0.17553504692335262
415	798	0.14337783270093313
416	482	0.10896541905769677
418	427	0.1476438790188736
418	799	0.12906827064667098
418	834	0.10549660714864877
420	438	0.11490975758098429
420	484	0.11365202468187854
420	839	0.14514737019911145
420	841	0.11365060498724257
420	927	0.1365376119380127
420	960	0.10182446268240743
421	495	0.10918448530522595
421	795	0.12570247468175536
422	466	0.10058609947312908
422	470	0.10418145274501045
422	585	0.10568559734054543
422	690	0.13026069963714756
423	802	0.12140111191350951
423	812	0.1162860576781162
423	814	0.10237229885298206
423	877	0.15273169718186208
424	426	0.19681549494531592
424	432	0.17154787454553186
424	438	0.10477541916786856
425	944	0.19251831694188815
425	948	0.22768627417385093
425	984	0.167885039987267
426	438	0.13442347103553487
426	557	0.10982471130415358
426	679	0.12768646524128863
426	697	0.10456300341145695
426	822	0.11134500801995127
426	883	0.10493713872521683
426	906	0.10543266275634755
426	929	0.11128921379582049
426	957	0.10038912050582777
427	964	0.10522813180768631
428	444	0.11392389074905195
429	784	0.14140484115277582
429	791	0.11751045455750159
429	807	0.10853518118201262
429	826	0.11406211867703842
430	436	0.2344504657247523
430	487	0.1018410841903281
430	539	0.10478358804247012
430	647	0.10076003123858897
430	797	0.10330155703518028
431	768	0.12349365180968194
431	836	0.10193136114194551
431	949	0.10037155200397614
431	970	0.13105247690041036
432	438	0.14046651276303534
432	440	0.10766214298445115
432	458	0.13660022162991417
432	562	0.11681754297004145
432	706	0.10022370864744512
432	891	0.12833959669761494
432	927	0.11772772540910396
433	462	0.1037175141418562
433	468	0.13504263337222241
433	472	0.10105908576042674
433	520	0.13521857117624864
433	649	0.15007670762076677
433	696	0.15973553560257583
433	710	0.16057681097507945
433	746	0.11765197525406812
433	875	0.11686294546319781
433	917	0.10099061722434916
434	438	0.14449195683578725
434	839	0.11642335090816675
434	961	0.11178504130654535
436	460	0.1404119139746478
436	603	0.20589478820359655
436	647	0.11806545820986498
437	439	0.19992096096601294
437	519	0.11134708103752401
437	880	0.1260844142021186
437	957	0.11292326471827732
438	484	0.1333966917677645
438	841	0.11155454410665624
439	744	0.10702097628923304
440	446	0.11515981500859362
440	927	0.19845540355603697
441	459	0.1854466825010761
441	653	0.11204604923569322
441	970	0.10211754300787716
441	976	0.14905484828602805
441	982	0.122608154946096
441	984	0.20749889637047508
442	495	0.114142121242543
442	859	0.14574548673518273
443	495	0.13572245672651786
443	570	0.10531514979085166
443	603	0.11000352229083094
443	640	0.1559907853117814
443	657	0.1040417720761449
443	845	0.10800550103164294
444	450	0.161121203675555
444	664	0.10427633134288761
444	692	0.12582103751859683
444	831	0.1215948624545024
444	861	0.10074209733495584
445	451	0.33671549175420007
445	460	0.10748048367470146
445	791	0.10468222889956375
446	448	0.28306825656455753
446	450	0.13632811195047204
446	769	0.12461453121269031
447	449	0.11133715402920201
447	693	0.10972819616359265
447	793	0.12404465169590502
448	485	0.10115855192452765
449	451	0.4354985755450398
449	597	0.1047763348616976
450	487	0.10822884321206971
450	594	0.13148286361088454
450	861	0.11400471013034662
451	652	0.10570741422892008
452	672	0.11520178186182317
453	896	0.10176931421184678
453	934	0.13005468530803901
455	549	0.1088432159866003
455	684	0.13172103203754035
456	481	0.10941767625526433
456	815	0.13240122965761342
456	864	0.1100364730328174
457	459	0.4437485014156139
457	782	0.1048820364620724
457	960	0.16215415703780434
457	968	0.1500574414381401
457	984	0.17461624981654086
459	968	0.14437307592725396
459	976	0.12781405641185353
459	984	0.12905803795726867
459	990	0.10071617116729559
459	994	0.1116362404016211
460	462	0.12360720425722183
460	464	0.16002361738189483
460	468	0.17702484720867073
460	484	0.11050610714446592
460	547	0.10517488658503833
460	918	0.11804826057452925
461	462	0.1016519523073019
461	724	0.1027335330213614
461	815	0.12229871988614376
461	920	0.13337235736894082
461	927	0.11080210544914705
461	941	0.12681168343855465
461	953	0.16564007788329047
462	464	0.14571815979387184
462	468	0.12449359633455097
462	480	0.10174865005313095
462	790	0.10020327224446265
462	877	0.17225796866784537
463	629	0.10680927057191168
463	638	0.10128950295493805
463	786	0.10794234998837336
463	924	0.10084664920917663
464	571	0.10065659993821897
465	488	0.1262819490805933
465	670	0.10092142684077737
465	681	0.10233455789966966
465	703	0.11647105408834413
465	723	0.10739552054988978
465	776	0.1427005463457654
465	786	0.10544291839077075
465	852	0.11234748904176942
465	862	0.11865756695421106
465	898	0.12516690776696987
466	733	0.11917006998758235
466	816	0.16719806589929812
466	933	0.12495861368849767
466	951	0.10662917145475292
467	513	0.1139160959571379
468	472	0.17233687545115586
468	474	0.1099037791598459
468	810	0.12012942274992851
468	875	0.10259796302995419
469	508	0.11458466626852293
469	590	0.10311012201095364
469	670	0.10179289503694885
469	862	0.11552023574279593
470	720	0.14874865564485795
470	723	0.10413914652185799
470	887	0.1306816300846334
470	949	0.11736126085309793
471	664	0.10026005846965032
471	870	0.10850418960085582
472	478	0.15088679613964992
472	864	0.10774342445509567
472	875	0.13806416704985708
473	539	0.22091110961411184
473	913	0.10656226055189971
474	484	0.15073288611050287
474	675	0.10646290105394209
474	847	0.1365852548532721
475	841	0.10161244473008102
475	934	0.11413956818746306
477	603	0.12121682628315061
477	761	0.1278710556366874
477	842	0.11571416327011261
477	852	0.15262242883089994
477	868	0.11559848364408323
477	876	0.1343925916152117
478	480	0.10659625883559379
478	679	0.10719068689306223
478	815	0.10188176424194532
478	976	0.10413959759092124
480	486	0.116172796135869
480	490	0.14158202193651842
480	571	0.1133567240945078
480	844	0.1081347977010073
481	507	0.100214708660952
481	523	0.1008361330752112
481	534	0.11103662135882539
481	565	0.10635777944412368
481	638	0.1448232500242048
481	693	0.11983455667693056
481	699	0.1045028296381811
481	761	0.12011684025590554
481	855	0.1274093414396256
481	947	0.11048056227322164
481	961	0.1310893116605569
481	973	0.10660544162025384
481	992	0.13703485817797958
483	784	0.1016763027215969
483	974	0.10397014851111633
483	993	0.15181507772237496
484	488	0.12179546174659821
484	578	0.111726278040945
484	606	0.12786880012650964
484	610	0.15833726703635223
484	839	0.11598551491778657
484	927	0.12665976580087115
485	662	0.11710239705888925
485	791	0.13059118519267587
486	641	0.10598870255729496
486	832	0.1020575120035505
487	656	0.17207365001381572
487	919	0.10214956768135877
488	649	0.11435095881411741
488	726	0.11687492699245994
488	839	0.13966415352295417
489	931	0.12843284702851882
491	771	0.11790166341416744
492	494	0.20353402043847202
493	521	0.15856462786997536
493	525	0.10869148262156533
494	514	0.12333723091100013
494	526	0.12900411718229424
495	496	0.10607874385531352
495	537	0.1398452343107751
495	603	0.17692821751204807
495	784	0.16979345652852956
495	793	0.13699654459095947
495	867	0.1321818705449297
495	896	0.10788796133269672
495	981	0.10192807437905135
496	537	0.19585373507056994
496	544	0.10048669656433411
496	852	0.12559744001555412
496	909	0.10828698418394002
496	961	0.1312144576280059
496	964	0.12473476416049384
497	727	0.1052437271360867
497	969	0.1467029787445723
500	831	0.1014570114098329
501	555	0.10633682550917961
501	617	0.17180892282414634
502	504	0.2054928177489507
502	573	0.19622190294597933
502	836	0.13731324688737503
503	627	0.10046775465092202
503	902	0.11560231507624799
503	924	0.11397279943548745
504	898	0.10984820320165871
506	516	0.10772492398131221
506	518	0.10854776915505093
506	530	0.11313138811464268
506	544	0.18060299806594218
506	678	0.10515414830915755
507	662	0.1007352921771503
507	673	0.1121445881648265
508	596	0.14371958169537002
508	704	0.1055103744474717
509	896	0.11580406882626174
510	544	0.11517531946261625
510	979	0.15996946287266928
511	790	0.1121650969328936
511	825	0.16578162905035637
511	875	0.10605277480966141
512	881	0.13599890102221848
513	665	0.11628671014412964
513	909	0.13545482639078565
514	516	0.1753017070915952
514	518	0.18004173698457857
514	524	0.1400223883437978
514	536	0.2110251322352732
514	548	0.14137627376979045
514	745	0.10521495614612787
514	820	0.13350882133423114
514	997	0.16255573192550188
515	519	0.12127362581694806
515	573	0.10483131073248865
515	739	0.12409028399812405
515	794	0.11483818594963523
515	805	0.1823339277846907
515	957	0.10208677227393669
516	518	0.3615223152357803
516	710	0.1506750925742451
516	917	0.1636900780732216
517	519	0.19291412388739512
517	725	0.11098237202801127
517	811	0.12216092890383377
518	520	0.26622045191384175
518	526	0.13276468416607715
518	544	0.1043911225293751
518	875	0.1395869635360349
519	521	0.19931788791077246
519	807	0.1386424550791287
519	897	0.13182445843901716
519	957	0.11944567910889288
520	530	0.1048923450941072
520	879	0.134951439910395
521	596	0.12336906989587595
521	772	0.10079440636953238
521	776	0.11410015244681802
521	807	0.17110226204800488
521	957	0.19017484019437267
522	833	0.10944753780338717
523	962	0.208075920530668
524	957	0.10494764025041169
525	526	0.105975259222023
525	589	0.11492001625717257
525	672	0.12093969340571094
525	841	0.15546393187188592
526	920	0.11504249975124081
527	595	0.13261335667036564
527	972	0.11584727640388888
530	702	0.11427410829782839
530	973	0.16226144264742223
532	597	0.13669122093959618
532	815	0.14073821067343245
533	663	0.10584306287911796
533	749	0.10579558167713016
533	807	0.11503636560219666
533	844	0.10570182671139187
533	852	0.16207339874805643
534	599	0.10943077186249604
534	926	0.2071513912598668
534	973	0.13373953792934076
535	559	0.12861530367967652
535	570	0.15465825163998645
535	633	0.19632800736634032
535	756	0.17363515588660638
535	889	0.10940984109985587
536	907	0.11634204255289579
537	613	0.10495869753144903
537	623	0.11158454699123084
537	640	0.13352870296986974
537	781	0.11044484581387742
537	893	0.11937116762911974
537	943	0.11115592324555024
537	972	0.10052921449005554
539	665	0.22270250234929845
540	542	0.22310540342527174
540	582	0.12160982940242963
540	681	0.13690764593093918
540	786	0.14216571163079264
540	806	0.1246037528967376
540	925	0.11566512228128115
540	930	0.10837861101603823
542	545	0.16915097107875773
542	670	0.16362177008938245
542	916	0.10733114694884514
544	546	0.11667164189372457
544	737	0.11989004475992954
544	745	0.10542421891528649
545	601	0.13786728952849006
545	634	0.11398205606392055
545	904	0.1479562855499099
546	571	0.11182387148415357
546	575	0.11440269854711002
546	612	0.11536983842002844
546	972	0.131760768266913
547	594	0.11416971435775256
547	603	0.10857135008375265
547	667	0.17487131108829262
547	679	0.109597764948925
547	738	0.10244056637278934
547	846	0.1009360754524762
548	791	0.1398818395370905
548	973	0.10086822483141558
549	977	0.10439960535388779
549	988	0.10201242906702539
550	893	0.12334327613977582
551	744	0.13628257341762076
552	556	0.10476103238856271
552	586	0.1313081736583254
553	998	0.11195199907003113
554	590	0.12371236133369057
554	592	0.10310360805446109
555	830	0.14690221107875265
556	586	0.22397250012388528
556	668	0.15507804806615627
556	715	0.10815322545456771
557	613	0.11254666700510875
557	615	0.10785123036724109
557	639	0.10857749742148598
557	812	0.11002749392950772
558	602	0.1790178069054567
558	988	0.10174809302593422
559	961	0.15561414535667095
559	964	0.10798735573232807
560	608	0.19171762723146046
561	671	0.13781640719849034
561	899	0.19310306344695083
561	945	0.1422135352914481
561	971	0.1780601769749328
562	576	0.10690774642812215
562	865	0.10322569209324821
563	634	0.14692094491579547
564	566	0.24875775265443859
565	803	0.12905584508406293
565	873	0.109876161282062
566	631	0.1171141827584392
566	975	0.11809144484485828
567	593	0.12270194233025548
568	586	0.11591061370556614
568	590	0.10996876842217897
568	606	0.14711238019333342
568	787	0.1655907241118954
568	927	0.10496155858085998
569	904	0.13198481301135626
570	751	0.14538777565927852
571	573	0.2088996064690395
571	627	0.1308711398001814
571	705	0.17134843632741245
571	739	0.10051648487864752
571	756	0.11338898771805361
571	796	0.10120029689438542
571	834	0.11718115990018475
571	857	0.10669370102318888
571	858	0.11289280457371029
571	895	0.10146920252766192
572	577	0.25222623486756884
572	607	0.10123265360961724
573	739	0.21826812175028543
573	784	0.1028586657147918
573	789	0.1260419048593953
573	794	0.10171143824337346
573	796	0.10321414680018837
573	822	0.1433435677950549
573	841	0.12028305623539087
574	577	0.3824700690038062
575	581	0.10609403118755364
575	589	0.17900985816886866
575	690	0.10328698528446173
575	789	0.17590112836075975
575	850	0.10542065055081425
575	853	0.10993054757305223
575	970	0.12700654593257152
575	989	0.10197001838784207
576	893	0.11947998951731724
577	637	0.11216970236107095
577	703	0.10871784547978862
578	610	0.11724104088995872
579	632	0.12682662817602075
579	636	0.14710089660741324
579	663	0.10056764397329147
579	666	0.10844734419760015
580	598	0.1059999906804416
583	746	0.19714401907350315
584	592	0.35565748434249417
584	919	0.1108026098809247
585	751	0.1048013780346137
585	799	0.16846860282621803
585	863	0.1281333175051229
585	879	0.10513020091795985
585	938	0.10693542531580291
585	969	0.11854655516950871
586	590	0.13503509547972736
586	869	0.10518374827123775
587	873	0.1309869041840582
587	937	0.1028362855780666
588	594	0.10573696434915192
588	614	0.12771994350991597
588	617	0.11101305248216047
588	675	0.16422576579812534
589	638	0.14053814804122527
589	778	0.10564344975532575
589	863	0.15491565444855843
589	955	0.14904739948346543
589	998	0.10999250074243304
590	604	0.1213004653713146
591	619	0.12378287917018937
591	759	0.16634817938240246
591	909	0.12427591005630113
592	602	0.12701896979439944
592	875	0.12520153440431875
593	722	0.10486529161852172
593	917	0.1712916207655789
594	740	0.10052463400165379
595	658	0.1109849588151055
595	796	0.11819247923152314
596	646	0.12407264405657129
596	723	0.10009981403329855
596	823	0.10531990761665441
598	945	0.10282029950731235
599	699	0.10997349218748158
599	731	0.10864977929680991
599	802	0.10206724022899226
599	808	0.14484548353730983
599	858	0.1394934059094145
600	734	0.13824110318062804
600	846	0.10387489452306393
601	634	0.1072215788495969
601	850	0.13504977390318343
601	854	0.12241121485261294
601	904	0.1189139960952735
602	779	0.1161845866232308
603	647	0.15719170986705636
603	667	0.1232523315502015
603	776	0.14658982637574072
603	867	0.15686392282024722
604	606	0.11548306050979566
604	652	0.10187286872024501
605	720	0.10071363603292334
606	615	0.10603878182595813
606	670	0.11245991690011467
606	903	0.10953207738564107
607	609	0.42606084209454287
607	665	0.1512087507643493
608	610	0.34980265567590546
608	704	0.10792159170638226
609	623	0.11482736197423743
609	953	0.10332872130063886
610	650	0.108326824956207
610	745	0.12318837231907855
610	751	0.1128995016870899
610	906	0.11427300387794231
611	904	0.11205039150112599
611	946	0.10443248895364522
613	615	0.11322813268125757
613	640	0.1566199459607899
613	708	0.10422577250286227
613	799	0.12937162735317095
614	625	0.13545143402794574
614	655	0.1490333164011922
614	867	0.1062389220544722
615	787	0.10956313556280549
616	624	0.1012645454904802
617	675	0.11154451557879685
617	784	0.14957061606645383
617	794	0.14465238456718663
619	726	0.10541914773732014
619	839	0.13499989981332866
620	624	0.11348002474889411
620	626	0.10680797351212837
620	650	0.11085566830685298
621	625	0.2317871421232114
621	627	0.19101696825150036
621	681	0.1446442626192543
621	910	0.13717689775357816
622	624	0.132519160875932
622	642	0.11751496356594059
623	625	0.339065934006105
623	627	0.38675189743887717
623	793	0.12025219951163578
623	795	0.10211742604409373
623	858	0.10883715869692237
623	916	0.11905042271596247
623	954	0.10832369749083137
623	992	0.1617589166647027
624	668	0.10513553982865913
625	627	0.18495572454052506
625	643	0.10886552700119001
625	795	0.11299617732841062
625	858	0.15821688814881568
625	916	0.11000696770800013
625	960	0.11330836371827502
625	971	0.1255720081269138
625	978	0.11333097226508827
626	656	0.13700964289963116
626	763	0.11037523650517256
627	858	0.1967525757856948
627	988	0.10899345866603719
627	990	0.13039858561333384
627	994	0.11160503263671409
628	650	0.10930154101106036
628	763	0.103008163280342
629	812	0.11719365452624535
630	638	0.10871120500059482
630	685	0.1344625223896084
631	769	0.10806946822531437
631	817	0.10545474346478073
632	636	0.18661411624531515
632	649	0.10984466219082575
633	647	0.10785404598900063
633	698	0.1319987370668909
633	729	0.10702154829885112
633	785	0.11364933757781671
633	900	0.12253567371154175
634	640	0.14022859228265422
634	642	0.11105241036760827
634	672	0.10499908389720956
634	674	0.12252783777444173
634	884	0.11542622648789795
634	904	0.14090466867195625
634	992	0.10269121689231647
635	984	0.11722978666679534
636	927	0.10744875427726755
637	916	0.11642958565653609
638	761	0.1086466738781344
638	942	0.1614895076576441
639	659	0.15394973491700673
639	786	0.16394368887508495
639	788	0.11189630079870244
639	794	0.13887979671366757
639	847	0.1002525342485337
640	904	0.10057614618180366
642	674	0.139607681172575
643	660	0.12000154602752568
643	673	0.11850661292774528
643	777	0.10944333396613859
643	863	0.10496427035121063
644	662	0.11844938064038006
645	655	0.1282540253074104
645	858	0.1009323839867402
647	664	0.1250455188239525
647	723	0.1076598781180886
647	733	0.11218233163551009
647	799	0.12270440785160394
648	671	0.1550062734522779
648	705	0.1583912106696547
648	821	0.10257531899732786
648	851	0.10233240381146856
649	726	0.17997552654291932
649	746	0.10386518342830149
650	668	0.13020855765702702
650	745	0.15708775878194123
650	763	0.12395985509588521
650	803	0.10792035113814381
652	654	0.24335996116971406
652	668	0.15872314154353193
652	997	0.12068512687691554
653	761	0.10390651331215145
653	820	0.12117150229275384
653	853	0.1505126893597745
654	656	0.15201473815911484
654	668	0.16181751147834356
655	799	0.1154389528382478
655	863	0.10698239278752726
655	867	0.1040865660302207
655	905	0.10257496213173495
655	906	0.15730288655328978
655	907	0.14433777283284127
655	942	0.12392974876737112
657	867	0.18289403678495272
658	662	0.1326695086799756
658	716	0.1433592792222893
658	942	0.11977411399664513
659	669	0.11393786651077842
659	670	0.10956693875297599
660	662	0.11442340860443619
661	751	0.10185694681357736
661	803	0.11183605012326342
661	919	0.10485158648601477
661	943	0.1001586587264419
662	862	0.12400889157806545
663	714	0.10529934948071334
663	777	0.13092288162360308
663	852	0.10728384935269905
663	979	0.10429891841644497
663	985	0.11327457376106065
664	877	0.14239920167025516
664	932	0.10694005279800084
665	797	0.10523507991377705
665	875	0.10220894151351205
666	824	0.1115597693312022
667	990	0.10091791197432314
668	763	0.12516571011179875
668	803	0.11176005086052788
669	733	0.11401213883471875
669	792	0.11512280871537495
669	816	0.11461152509982335
669	869	0.16837784784444443
669	909	0.14653242243598263
669	987	0.20682072758991937
670	673	0.1599913065437186
670	679	0.13926601525692978
670	697	0.1022064047832924
670	703	0.1143416050577475
670	711	0.11630012936366411
670	760	0.13458614776105446
670	786	0.11020174543206737
670	814	0.11706147617096152
670	887	0.17663369065261628
670	994	0.10433234658510843
671	705	0.11559836318970755
671	994	0.14318990011889898
672	674	0.12554542933244464
672	841	0.17727335202347266
673	887	0.10073069066739396
673	962	0.11082639618659401
673	990	0.13304423438913351
673	994	0.10604899363086352
675	776	0.11239557351310904
675	846	0.14276343777933054
675	848	0.1002359740268158
676	763	0.14029707076590445
676	939	0.10542000353685053
677	984	0.12900411585121618
678	686	0.12149269493350742
678	720	0.11688836031604304
679	797	0.15134218993146736
679	887	0.10125020553243474
680	684	0.21964973208806712
681	862	0.1366633572776865
681	998	0.16363160820195477
682	690	0.10723740878216094
682	716	0.10366145495089508
682	728	0.10546855493758671
682	820	0.13591188038422075
683	840	0.16287801774531452
683	874	0.12805903332439425
684	850	0.1017603266239007
686	722	0.12811343124926822
686	975	0.10559601848627789
688	704	0.17107519493243903
688	817	0.12598927023584341
688	995	0.10994619045312828
689	895	0.11948144529445136
690	694	0.10043111131018893
690	716	0.12639206063134859
690	738	0.16150808416473364
690	767	0.10396949159430306
690	889	0.10726477248958775
690	930	0.1065082860460943
690	964	0.15532611697792204
692	861	0.11131214768167702
693	868	0.10470662087937614
693	945	0.14656438386100484
693	963	0.10841104543513158
694	710	0.11386860217137079
694	716	0.10945369642253434
694	742	0.14885613035380463
694	746	0.11173524849197838
695	986	0.10559736317032273
696	747	0.11426790935899778
697	772	0.1675864437826818
697	788	0.10155544771439351
699	945	0.13013700406410664
700	883	0.10446892849699714
700	947	0.11783731073561472
701	837	0.1010275099639508
701	975	0.11016535078460495
702	740	0.1631043149421649
703	910	0.10222391941454835
704	710	0.15258343063461538
704	775	0.13295966677494062
704	794	0.10197780009183186
704	847	0.15290053340417606
704	862	0.10357401623294965
704	967	0.1062843265241303
705	834	0.14240789666953166
705	856	0.10097117071396235
705	910	0.1275396044443904
705	929	0.10980409160145044
705	989	0.10514473766997655
707	974	0.10580681538141198
707	981	0.10513882942919146
710	847	0.11225791087778318
710	875	0.185357902767727
710	917	0.14745762692121378
711	907	0.13473103334347092
712	821	0.10911202508643102
712	850	0.14777854858029185
712	855	0.10667781293751288
712	979	0.14756520682097216
713	817	0.14723629162839247
713	887	0.11332896928983327
714	839	0.1098901578014529
714	871	0.10375413584230639
714	982	0.10845780625053927
716	777	0.10965928404093732
717	915	0.1264131763097416
718	726	0.13731398172618559
718	730	0.12071158536743104
718	732	0.10019143149749946
718	771	0.10423308926277405
719	815	0.10939189481731026
719	889	0.12929199056738966
722	947	0.11810450151489686
723	741	0.12647184252938387
723	864	0.13850415876082955
724	726	0.14418469343223822
724	732	0.11608341823241984
724	736	0.164906706458593
724	932	0.11310661201512698
724	967	0.13005689290719438
725	775	0.10669998532679323
725	951	0.16538806857096586
726	728	0.1685936090092569
726	824	0.1301948876059027
728	732	0.14868178765098886
728	746	0.14048765595894752
728	824	0.12229789273025525
728	941	0.112657158576562
728	951	0.10353989238758957
728	987	0.1100447052746971
729	791	0.12454511292636712
729	937	0.11981673380854345
729	963	0.10814428525715075
729	979	0.10249818921902892
730	732	0.23071222873306296
731	870	0.2167781171804759
732	824	0.11081894027187879
732	907	0.10839112246840177
733	792	0.11377761313121362
734	787	0.12028958885320135
734	818	0.12454717526459366
734	851	0.10085191571164619
735	877	0.14849163504267637
736	951	0.1501934763852673
739	822	0.11452308834541312
739	854	0.12449830576050547
739	860	0.13257516660676297
739	864	0.12894554044248516
739	870	0.17065022765583532
739	916	0.12785781143851171
739	962	0.10742822006273894
741	929	0.10324851440275168
741	942	0.1073435441528211
741	976	0.10747868207969567
742	746	0.1047776569844725
745	782	0.11351198821209164
745	869	0.1921682408642397
746	987	0.11349658242540829
749	790	0.11717433918831587
749	810	0.12594903189784978
750	758	0.12850442666322712
750	760	0.12195563457487917
750	762	0.17451114750163182
750	764	0.1314994736309885
750	770	0.15156165787400083
750	890	0.10985747724094058
751	863	0.1152028808620944
754	997	0.16707697130746524
755	784	0.11296921814975378
755	796	0.13202404061449338
755	798	0.10401571460489946
758	844	0.10698715720996374
759	815	0.10527710533150424
759	822	0.13518254141440844
760	762	0.26812022303352434
760	814	0.1227673730121266
761	964	0.11886792897332389
761	966	0.11251197622147652
761	980	0.10329935366959135
763	782	0.11100959161633636
764	770	0.10163933672017092
764	776	0.11815690297291881
768	970	0.13003917030665404
771	890	0.15041318548853996
771	904	0.10365587085366376
773	921	0.10114285308569661
773	932	0.10365526188658887
773	933	0.12144439348573735
775	978	0.11031322294592252
776	897	0.10616712875038155
776	987	0.10411389203022524
777	826	0.11398641799633165
778	896	0.11085018790253047
778	964	0.12801266030953337
781	884	0.1003885360275982
781	897	0.12838536450647187
782	966	0.1268554742860016
782	987	0.10494866259398053
783	799	0.10261516516559145
783	843	0.11567016033411372
783	866	0.10455813335258916
783	931	0.14759552280044916
784	791	0.12615772598941677
785	814	0.1304750891685177
785	853	0.1116779159752537
785	887	0.1770874668259055
785	942	0.10894626832863007
786	788	0.12125107831785993
787	821	0.10170226024589653
787	832	0.10774244306809368
787	919	0.1264085660386884
789	942	0.10720695789460576
790	865	0.12840637406789646
791	981	0.12480988169931062
791	993	0.15741596889899684
792	809	0.16259560022448338
792	869	0.1613632231687721
792	987	0.16980827587045078
793	922	0.10068439734330487
794	796	0.13176064926076664
794	798	0.136839211841183
794	822	0.10828058367145897
794	836	0.10149282638251002
794	847	0.1308707724833366
794	947	0.11115407412772478
796	814	0.10438956097989442
796	836	0.11197130025924802
797	887	0.13920423724215678
797	930	0.10121938687626995
799	861	0.11413331768000753
799	969	0.133654181259118
799	985	0.1039599098211594
800	809	0.10178667321070067
802	808	0.10364305431306893
802	812	0.16762751969617828
802	869	0.10413481490812321
804	819	0.16515940824102524
804	867	0.11104949387937602
804	929	0.11159567558802055
805	865	0.10256660675603958
806	813	0.10493859693673561
806	935	0.1173115250712281
807	833	0.10158787782454232
807	861	0.1278662182589234
808	818	0.14233680044993272
808	821	0.24120356784976707
808	828	0.1268537507281205
808	947	0.10911046704440601
808	953	0.1361862947344987
809	811	0.11383467155280244
809	869	0.1291609573133353
809	882	0.14669471312342022
810	812	0.16642206106606908
810	949	0.11096083384786931
812	814	0.11935997642969572
812	828	0.10038366906589138
812	936	0.1046338322208612
813	961	0.10853264890533117
814	828	0.10851033470991232
814	930	0.10338329601036368
814	949	0.21842819360077065
815	858	0.11624909635859436
815	860	0.11045107132289005
815	920	0.11380659408201452
816	913	0.1390374213356601
817	889	0.12441205387449572
818	821	0.18933389418843624
818	839	0.10659460165593335
820	832	0.1122443260919504
820	853	0.13220882213244345
820	909	0.14395499194470474
821	828	0.11453386094647083
821	832	0.10584243231422699
821	841	0.12740289138683816
821	852	0.10531722642916488
821	899	0.10352175923714316
822	834	0.15752481746717342
822	836	0.1046558403380446
822	936	0.12563964095560115
826	835	0.1338863897315527
826	949	0.13671998712611472
827	964	0.12292215200180268
828	878	0.11147473128286799
830	856	0.10315154513571467
834	836	0.2507280105821458
834	878	0.11419685029800843
835	993	0.21061264097309396
836	878	0.10939851081563437
838	856	0.12631815102378147
838	874	0.1294778365377273
839	841	0.10047954289375806
839	998	0.11393679851397784
840	843	0.2095441711940224
841	899	0.10399969788822414
842	854	0.10497197682107717
842	996	0.1048888956992816
843	862	0.10963327600285871
843	866	0.19603566822274113
843	871	0.10159885751588847
844	913	0.12207941243616863
844	964	0.11222131022025598
846	848	0.1351858204044849
846	885	0.1030350823197587
847	989	0.12600053031303576
848	990	0.13662010329530708
850	854	0.10609817100679442
850	855	0.10088273507069619
850	961	0.14520598750246266
851	923	0.15688434818891878
852	857	0.10378649209758116
852	937	0.14907661012642412
852	955	0.10137701817264426
852	961	0.12078904708226089
853	887	0.10384387033749927
855	908	0.1010862613290344
855	961	0.16719854679700497
855	978	0.10139465580846134
856	920	0.10534607263074801
856	967	0.10686398558880034
858	860	0.14620476713038555
858	884	0.1341982226858797
858	916	0.12107256865770269
862	866	0.1235659653117404
862	880	0.13454926916753257
862	884	0.11513161676955362
862	939	0.10033212198963125
862	949	0.12402439370952142
865	866	0.16364989968672577
867	900	0.10658367493408046
870	872	0.11860261374115118
872	874	0.2345245408742547
874	880	0.10299237826638222
874	884	0.12128575511851973
876	886	0.14075540209355644
879	951	0.12253017766293195
880	882	0.16538834982667136
880	886	0.16566777231681165
883	895	0.11651387072250682
884	937	0.12314255096089077
887	916	0.1946611415062711
887	992	0.12401020354747344
891	895	0.21759262265664214
891	896	0.12129549457745635
891	918	0.12310630240787271
891	926	0.12202817916139705
891	961	0.10160564752828445
892	894	0.23344603644530795
893	934	0.11056794752234297
893	941	0.10115501351990636
899	964	0.10217427988426982
899	988	0.10514396341287097
900	904	0.26325889199768615
904	913	0.10016178588387707
906	908	0.11378161036870073
906	936	0.11331334673831178
908	926	0.13421864282585688
909	945	0.16374369789116797
909	949	0.16284889363303262
909	987	0.24273860130773506
910	936	0.10512787514232412
910	943	0.11271821036598624
910	955	0.10772759282900994
913	937	0.10076955484305294
914	924	0.10139993532886074
914	939	0.10071480061324799
914	940	0.1121044544148381
914	998	0.1541381206535007
917	963	0.1882184740199898
918	941	0.14691875618291017
921	958	0.11663630099936456
921	959	0.10039890259236312
925	926	0.10940791401722509
927	935	0.10908161819304883
930	932	0.1671681030671744
930	938	0.1061995085595591
932	938	0.128600915324231
933	951	0.12171286771816446
934	936	0.13245448842354568
934	938	0.11807133829539623
934	951	0.10709575832344925
938	995	0.15035003321888152
940	941	0.10015937691080884
941	943	0.11765081058912084
941	947	0.101424509266408
942	964	0.1018657850247713
943	979	0.13548727255178522
944	984	0.12001405729325923
945	946	0.1157959877945615
945	971	0.1291691914857349
948	980	0.15513103549716467
950	954	0.1020469138430764
956	968	0.25194080668714663
956	978	0.1662723337558007
956	980	0.20024992362550817
956	994	0.11156793470924914
958	966	0.12142996869334077
958	978	0.13821762171077065
960	988	0.1725760767311773
960	996	0.13140741907044554
961	964	0.11026480450312891
961	972	0.12215370271093161
961	979	0.11284580351611648
961	998	0.12168804191257102
962	964	0.11020123866422911
962	990	0.10615085350300081
963	974	0.10907890647280795
963	995	0.17489617337004557
966	980	0.10463248156620734
966	982	0.1255651276815356
966	992	0.13005674676404527
967	973	0.11875982665062866
968	978	0.11450256010596384
968	994	0.20358661850972898
970	982	0.10395530404172494
972	978	0.1067485849995404
974	990	0.10397289980278453
980	992	0.17148187286241945
988	996	0.14120949240081032
992	996	0.11448807636179585
994	996	0.1280329606462923
