0	8	0.14790388770980378
0	68	0.10014882414046096
1	130	0.10420794523657317
1	414	0.11671017197855536
1	964	0.10778787262631154
2	39	0.15061991312669754
2	48	0.10290525598801853
3	109	0.11911750413486852
3	141	0.10142800442123723
3	271	0.10456141842151646
3	995	0.10821231048941958
4	437	0.12112332021827
4	549	0.10661550557578467
5	274	0.4283123316744966
5	322	0.10547742106658539
5	605	0.10533712806097444
6	72	0.19420782985277182
7	30	0.13919500564850346
7	237	0.10716704639908504
7	253	0.10207719776164154
7	471	0.10526175425540782
7	679	0.18595417810677822
7	738	0.10258749752144938
7	863	0.11324582517599624
7	870	0.10455438075820693
8	39	0.11999824110002856
9	349	0.12419428560986234
9	991	0.11054430924044381
10	897	0.11646307801478106
11	156	0.12049377905807412
11	489	0.13595548437537985
12	14	0.12852489458897076
12	42	0.1017516350524631
13	54	0.1609343664507954
13	58	0.12136517312448224
13	225	0.10257404610513546
14	94	0.10984420385034521
14	442	0.24977529956663883
14	460	0.11713114208713597
14	502	0.10075619932523946
14	833	0.11184986556821835
14	838	0.10665283282719468
14	853	0.11145411093101093
15	30	0.14207309286946784
15	776	0.1491889265098521
16	39	0.1035844639015218
16	66	0.13507272461283956
16	68	0.12139186994824969
16	164	0.20125073423204506
16	255	0.10017516327370293
16	963	0.17720660679590794
17	161	0.12285779476447203
17	968	0.10025748853643127
18	60	0.11331300162131866
18	74	0.14014854312145902
18	88	0.11409976628063151
18	92	0.101382567094134
18	98	0.10846538642144168
18	100	0.11406805059556792
18	313	0.10153363374702729
18	519	0.11854128273658153
18	897	0.11183348367717405
18	916	0.1218082565192957
19	331	0.1301511397659356
20	106	0.10539502529427351
20	255	0.11991529710941239
20	428	0.10487891347304493
21	143	0.11568833529278204
21	286	0.11078157596781461
21	494	0.13881482345455723
21	538	0.15127528118028732
21	763	0.13041760850138795
22	442	0.10504870224253235
23	149	0.11724685785748734
23	273	0.12613853952373436
23	625	0.11019154216673051
24	34	0.11735784930362826
24	90	0.10307513018945556
24	102	0.1829037319325756
24	401	0.10358409762389345
24	409	0.108644554608399
25	317	0.1208104501098953
25	715	0.1675514267094339
26	28	0.1084194356860883
27	524	0.10835260557844703
27	563	0.20180145038227015
27	988	0.11234724406106829
28	44	0.10371765208818473
29	166	0.1301616087253079
29	170	0.16303591203659767
29	174	0.10981125505173334
29	176	0.1715609642359961
29	196	0.1008786891438136
29	751	0.13285433948261027
30	34	0.13724426115771216
30	36	0.12373587981041015
30	38	0.14987620288883532
30	110	0.11049491572831065
30	279	0.10306062788968319
30	836	0.11553299454698862
30	930	0.10019046490668554
31	236	0.14030578807338887
31	280	0.13581901646546085
33	657	0.11266582626832056
33	817	0.11127049366186084
34	36	0.3347540160313164
34	253	0.1005780752437625
34	546	0.11429995590990077
34	638	0.11675761806831336
36	38	0.1257136823619777
36	84	0.10455825691231796
36	210	0.11841781230089277
38	50	0.10118058706955384
38	670	0.10189156976931885
40	60	0.14671842489541978
41	894	0.10121907169515826
42	70	0.10978138522944259
42	439	0.14045168870112207
43	45	0.2593342823943821
43	91	0.13906437357232393
43	790	0.10525165127258922
44	484	0.13353478170676616
45	91	0.2994147249062666
45	151	0.13583046990921147
45	201	0.11068327076752617
45	224	0.10947711359005276
45	818	0.12826298600738195
45	888	0.15950569453137464
45	973	0.10744246258920266
46	100	0.10625890277197879
46	104	0.10077601359235053
47	167	0.12737825107985312
47	385	0.13897605240113747
47	507	0.16754886930001395
47	803	0.10090809116700684
47	900	0.10117872765881833
47	956	0.11336053605933544
48	149	0.10496744549341148
48	312	0.1285569342132759
49	270	0.13820061354783816
49	569	0.11195429433401947
49	998	0.10098064416094522
50	183	0.12824876071214586
50	572	0.11671190049494702
50	787	0.1079736975746982
51	571	0.1193839616448087
51	915	0.11091919509826181
51	978	0.10206468256816782
52	525	0.10420233371690464
52	702	0.12358358271513635
53	497	0.11715221660582333
54	517	0.24643917334592966
54	519	0.1579975192048705
54	525	0.20953265282656752
54	702	0.10129325420569454
54	772	0.15160963675244796
55	187	0.13723650671714283
55	232	0.1508441712352947
55	878	0.11601638149801682
57	582	0.11403034717008788
58	104	0.11052720524929009
58	283	0.10586953109192118
58	426	0.11699730077132572
58	777	0.11549357250082153
59	69	0.17020661765567963
59	451	0.1215168219344715
59	619	0.11213583073845679
59	793	0.16527672479265784
59	844	0.10029667031861066
60	519	0.1276608804620146
61	234	0.15083717108260758
61	312	0.16245487087158403
61	336	0.1077343682268966
61	963	0.1236895018615507
62	440	0.10375436293555207
63	215	0.10077094356608063
63	910	0.12627776967523832
64	102	0.14227256098001217
65	349	0.1215813855120803
65	839	0.13113750947385697
66	68	0.23113319892152273
69	235	0.11898453535620779
69	451	0.12960640291636435
69	698	0.11324909134464647
69	791	0.11884352478847444
69	800	0.11016953731943588
70	72	0.18645204629449014
73	128	0.10031883862164925
73	143	0.10701739965713333
73	491	0.1189274201887156
74	86	0.1023958822985356
74	278	0.14012216366360972
74	364	0.1133020768608064
74	648	0.11641901773722639
76	78	0.12487490902559426
76	147	0.11378638159990855
76	404	0.1113927431770462
76	844	0.12401954963363104
77	601	0.10271740378484395
77	634	0.14086918115570785
77	649	0.10491085402869951
77	667	0.1101128085906689
77	813	0.12277261672489688
77	848	0.12517996466373185
77	902	0.13245204591339146
79	176	0.1036911193901785
79	260	0.10824090424803878
79	307	0.12042061508542663
79	639	0.12128543004971837
79	669	0.10351266728300443
79	729	0.10939845462262333
80	147	0.10806349321655254
80	930	0.10362394402420096
81	364	0.13726264498251523
81	780	0.10338973046013053
81	820	0.10626378006454679
83	201	0.14954548408294088
83	314	0.17050640316309035
83	341	0.1262232848728563
83	792	0.12498450002881772
83	793	0.15763821315883778
84	113	0.1098971527472292
85	154	0.10500328049613988
88	92	0.4057722181403798
88	98	0.2161341016643405
88	100	0.2676716766559173
89	398	0.10514536718347767
89	400	0.12294988896160043
89	406	0.11554102401077498
89	410	0.11368218922198409
89	416	0.13875746080550871
89	495	0.10215514398802993
89	797	0.1985781860432685
90	94	0.18680514899958464
90	766	0.11844078836531889
90	958	0.10886598719565085
90	986	0.1028065245325193
91	127	0.12068248923587752
91	301	0.13417927215911613
91	790	0.1242189879704142
91	987	0.13356365487817273
92	98	0.2696161346355678
92	100	0.28460877897180326
92	102	0.1591219634670876
92	104	0.18000724408667965
92	108	0.3530323554598983
93	557	0.13505134087773576
93	589	0.1093775938725739
93	635	0.11554921810166896
93	749	0.11629001580111258
93	979	0.13026259490016157
94	100	0.2550751602496602
95	121	0.11876324433218774
95	321	0.10310532432721524
95	477	0.12788890009919354
95	611	0.12189885642998853
95	964	0.10987237032288273
96	102	0.27492845940624344
96	106	0.17477666823627278
96	811	0.10009317834412583
97	155	0.10405481048472962
97	288	0.12378662951505541
97	864	0.11755259973520564
98	100	0.3722789089195608
98	102	0.1060870781883239
98	104	0.11228686222173992
98	106	0.18959405589603923
98	108	0.1252249580668253
98	190	0.13134216703383925
98	339	0.10753408001343759
99	921	0.1372122180797401
100	102	0.29180666973262653
100	104	0.23650169840593208
100	192	0.16271955606526503
101	742	0.11809292344788021
103	259	0.10061845046028846
103	530	0.10091264877410668
103	821	0.1410374134376355
104	106	0.13823845405731322
104	108	0.12060605325544346
104	936	0.10454395092449943
105	579	0.12434147546545835
105	610	0.23147462436262115
105	612	0.10886690960854024
105	614	0.12983551095428583
106	561	0.10403590439801427
107	726	0.12249692220575653
108	223	0.1396446008597007
108	766	0.12494817181538381
108	914	0.10364284359125857
109	377	0.10451051233173175
109	573	0.13730940981514217
110	608	0.10035302272723634
110	691	0.13103414989406667
111	132	0.10191231612566623
111	410	0.11487122257671616
111	428	0.1313888655671962
111	436	0.11623332830485407
111	438	0.24545764139500503
111	488	0.10859625951935821
112	168	0.12878980076357024
112	198	0.11539360335566365
113	170	0.10932645345091273
113	324	0.11155394424168968
113	565	0.1545699080015927
113	607	0.1701325316597433
113	804	0.11422640453123688
113	971	0.13063389180262375
114	178	0.11072843600595571
115	167	0.10755676402382332
115	305	0.12416623878513731
115	730	0.11004982059071125
115	739	0.11460557394626378
115	995	0.11306243928293239
116	226	0.11497061483787849
117	282	0.12647389720112667
117	365	0.14278220973258648
117	705	0.12898012422422178
117	945	0.11943197658817496
118	122	0.1246160392541361
118	139	0.1036799938108085
118	380	0.12264006779214398
118	497	0.10349346230941907
118	777	0.10086634060582848
119	325	0.10788119396230304
119	554	0.1015533861444911
119	584	0.10806071767594036
119	652	0.10771522173292325
119	779	0.1301745782766081
119	942	0.1231389350184624
120	198	0.10522572684704044
121	149	0.12212279947576984
121	603	0.12033793565650358
121	763	0.10925905887203599
122	156	0.10661223704244836
122	184	0.10700045858378927
122	190	0.13424577754540273
123	142	0.10357025838599476
123	733	0.24637496186888327
123	828	0.12298959605875728
123	979	0.11007207505283154
124	142	0.10543637166089914
124	144	0.14701963449900968
124	192	0.10571998124078366
124	194	0.16510610072633589
124	198	0.1189404741167062
124	224	0.10801811957515932
124	461	0.10234229024434716
124	586	0.10987534150157943
124	754	0.12252653947666552
124	966	0.11525771703098285
125	255	0.11362918129086015
125	389	0.10381541723310073
125	393	0.12496095866730933
125	603	0.12709181843722397
125	785	0.12650405729315634
125	810	0.1307103593159145
125	812	0.10918541083192604
125	816	0.16529453975422087
126	130	0.1912479361037851
126	141	0.10011383245947515
126	162	0.1006304248024846
126	656	0.11311557118568955
127	151	0.10226652244180294
127	176	0.10276505945683084
127	301	0.1164634509203882
127	733	0.19953296547841298
127	810	0.11809342906833324
127	816	0.17104199132684098
127	818	0.10757206526145695
127	949	0.10182766121827339
128	133	0.12333579841537548
128	143	0.12089187463714166
128	196	0.11366536431008115
128	198	0.15487782071599646
128	247	0.10765197504223711
128	367	0.11999046890583125
128	989	0.10110488056295233
129	131	0.20369278428865828
129	482	0.10015105876152708
129	957	0.14094359550641894
130	168	0.1001668904188561
130	200	0.1013715723138197
130	653	0.10413283347926275
130	745	0.12676601980195853
130	751	0.1033646761720348
130	942	0.11892758956006545
131	847	0.11322438999719564
132	386	0.10071031491064213
132	420	0.10877832834662318
132	438	0.12442322544222775
132	488	0.12684397453127078
132	693	0.14189629385230604
133	180	0.11727856874744777
133	216	0.11345367691043713
133	218	0.10891077742052663
133	519	0.11094402085638042
133	525	0.14789617984452147
133	573	0.10547008013467843
134	224	0.1233790728564436
134	495	0.12035262855948918
135	857	0.11104169513561289
136	197	0.11725567234645916
136	268	0.11943291292819859
136	347	0.10206408800593082
136	678	0.10458680252443563
136	974	0.11427362298675596
138	143	0.21291106401225057
138	221	0.15973644062441816
138	228	0.12203242477357586
138	799	0.13576816299582073
138	875	0.10274965859349769
139	148	0.14683677066905867
139	216	0.13546364523569884
139	221	0.10141757375717109
139	650	0.10768751744947141
139	711	0.13445503637815517
139	774	0.1279152599290381
140	422	0.12017159890161003
140	485	0.10326399179944774
140	587	0.10384854999392668
140	747	0.1427052750556054
140	968	0.10936482454000315
140	972	0.14228988997197495
142	193	0.1455558916825261
142	206	0.15021205614520383
142	393	0.12146356767985128
142	408	0.1135335674253926
142	711	0.1398825819928674
142	799	0.21407634575943613
142	989	0.15138248481117209
143	496	0.13818505693644695
144	191	0.10442595310606281
144	202	0.11658080914554386
144	206	0.16516580480952148
144	221	0.10423109511162376
144	284	0.10084419273389728
144	988	0.10044689416699569
145	960	0.14201520894666314
145	968	0.117350794222535
145	974	0.1464927130204781
145	976	0.10979305847140802
145	978	0.11781035236223526
145	980	0.17432376643798797
145	984	0.16621014773308337
145	992	0.10718012296759176
146	438	0.1298331879607747
146	572	0.12570386755522522
146	751	0.12099390116410205
146	871	0.11008543492321722
147	214	0.1038225000761503
147	868	0.10579714093228546
148	150	0.23522869768792445
148	969	0.10090782848283407
149	320	0.10601222566461291
149	644	0.11399911389417403
149	658	0.10005610441008918
150	164	0.10929079177246771
150	202	0.10502514304469669
150	216	0.16313248155155918
150	222	0.12958819855763645
150	747	0.11500083172650168
150	799	0.10377522836248552
150	871	0.12056051471421894
150	989	0.10532241088664632
151	192	0.11927334172117124
151	224	0.13758653255375378
151	402	0.12555191851061573
151	456	0.13507770908790498
151	461	0.10244695328324324
151	490	0.10540182501091842
151	573	0.11605030368168198
151	603	0.18340852310685987
151	712	0.12135940947266327
151	945	0.138487899833893
151	973	0.10448363752307259
151	974	0.1563438840017325
152	158	0.1862084459419622
152	448	0.12803950908020809
152	450	0.10110520279763818
153	413	0.10268731421647039
153	711	0.12161449114095767
154	191	0.1646477209361838
154	197	0.10402903228666671
154	346	0.10320739778171326
154	481	0.10551855251182732
154	574	0.1048525501227584
154	577	0.1416238441573067
154	695	0.13507076071558285
155	321	0.15038366226566524
155	591	0.13042789695778081
155	648	0.11496705896546704
155	712	0.16003139804725386
155	817	0.10893656142347825
155	871	0.1227051663955012
156	260	0.11069754824587227
156	645	0.1064354566308628
157	191	0.10629715537515935
157	263	0.11145500170517159
157	625	0.10029738707885526
157	653	0.10369535443331104
157	995	0.12695669821472982
158	613	0.12974003400099837
158	675	0.1567546174255555
158	787	0.11696372674972914
158	995	0.10537481799170043
159	214	0.11189337976496266
159	503	0.1446275285810989
159	540	0.11325784070433041
159	751	0.12158744274459349
159	916	0.10995321405343798
159	962	0.10272111618532727
160	348	0.1019653972475323
161	459	0.1206592637039785
161	625	0.11998793944595312
162	585	0.11433790052491351
162	833	0.10292338038138034
163	387	0.13206474002268326
163	632	0.10374997537552244
163	811	0.11787877460921348
164	200	0.14387323858999604
164	433	0.13659924781454216
164	945	0.1267160106660824
164	989	0.10413386463158149
165	598	0.11223542393305591
165	785	0.11034851911144736
166	178	0.19906751397316236
166	363	0.10031995575310779
166	491	0.10475045846664746
166	751	0.10325762556411912
167	209	0.1515897725931163
167	598	0.10678040817971106
167	955	0.14520895558614064
168	228	0.11052068404764494
168	658	0.110881216970617
168	667	0.12137883697566136
168	969	0.15459708187717527
169	711	0.10498623971141115
169	899	0.12887920275997247
170	194	0.1613722306416231
170	197	0.10895531644745297
170	210	0.11236002915200821
170	282	0.10204644020400046
170	491	0.10662425730524117
170	585	0.12462741149618364
171	467	0.10426580406423551
171	697	0.10349019513001206
172	174	0.22104389392812998
172	191	0.1560581643855691
172	198	0.10255539123280846
172	202	0.14566180166324752
172	348	0.16109256026845425
172	413	0.12966180838063576
173	225	0.10109228799035515
173	364	0.1186869770075814
174	176	0.12017382957220941
174	184	0.11405499059756845
174	190	0.10214081035418654
174	231	0.1151671681490103
174	253	0.13276865755190656
174	461	0.11737781122287623
174	598	0.11186910316698771
176	193	0.15812496979733806
176	197	0.22379903204290877
176	231	0.12449500764149923
176	507	0.10112703304357029
176	937	0.12984155654187535
177	225	0.12197117178723482
178	193	0.17964127180125763
178	370	0.10227558699864739
178	831	0.10500310444821304
178	863	0.11067020666042644
178	937	0.142173271714117
179	189	0.1051149536539743
179	849	0.15437507050016935
180	192	0.10565321625318105
180	200	0.12043412584630815
180	585	0.10238026144477715
181	273	0.16424601219546964
181	413	0.10028565433990422
181	431	0.10020180410210001
181	485	0.11240056672198913
181	625	0.1742046133971792
182	200	0.1005261630817263
182	208	0.11345257918843688
182	653	0.16209849241064084
182	740	0.10301045363862574
182	748	0.1200555365259273
183	210	0.11754584793830511
183	270	0.1305457525839552
183	286	0.104155559373122
183	320	0.1927937413383958
183	355	0.10273902452389258
184	413	0.21194424090751968
184	502	0.13498301061828683
184	546	0.10140040667834575
184	853	0.15409933786439337
184	913	0.10078826145323977
185	199	0.11070099338102377
185	206	0.1433363792117221
186	188	0.19018594088422408
186	194	0.20249658217606756
186	198	0.15486563052085014
186	226	0.15774437312326353
187	675	0.10095750082742
188	202	0.22305760633994387
188	208	0.10399478642065836
188	216	0.11766455817517878
189	876	0.12091236719902235
190	192	0.10590814502316973
191	198	0.1066769920382943
191	202	0.11088503113782185
191	206	0.13958650002807244
191	299	0.14160573137966997
192	212	0.12959220049692177
192	224	0.11411433655687708
192	231	0.1142979205365729
193	197	0.2696869615846712
193	364	0.1007384802420546
193	989	0.11348832959050432
194	198	0.3837334992090795
194	233	0.10637482421055201
194	265	0.1139559880236706
194	491	0.14269751837545264
194	873	0.13031930408888415
195	445	0.13368387558905306
195	621	0.1047754832169019
195	741	0.14091833926569253
195	761	0.1821181399781925
196	228	0.10157968190296096
197	363	0.10824358864351533
197	507	0.10404487598564201
198	491	0.1291857048756787
198	873	0.10810550001116052
200	216	0.13203132364380027
200	491	0.14472859389104487
200	809	0.1613485582379564
201	314	0.12026206985787409
201	808	0.11486527592008304
201	909	0.10294400216400625
202	216	0.10010807166446904
202	586	0.10104255277790838
203	280	0.2260400553537385
203	294	0.12741864446643072
203	723	0.17900094671466368
205	383	0.11123773488540437
205	387	0.10936006508014898
205	465	0.11730720760762826
205	757	0.1597119872077464
205	900	0.17234488568604303
205	902	0.1198138599020024
206	711	0.11082752851954428
206	799	0.2374940900662825
206	839	0.10022760575950213
206	846	0.104137983152351
207	229	0.1537046439898966
207	429	0.11216525307400038
207	790	0.10489666952829174
207	796	0.18679263764524973
207	987	0.10465337154978745
208	926	0.10172749295654142
208	993	0.13029838242850256
209	975	0.18629644254796657
210	647	0.11118295058362894
210	964	0.10449295667700098
212	612	0.10325557168303273
214	393	0.12484813486802664
216	218	0.11091194212032704
216	969	0.13280809922564893
217	284	0.19618604776298335
217	884	0.11665493825589225
218	456	0.16619649391332958
218	768	0.10764951053850985
219	456	0.10199739663274815
219	523	0.10552472386998878
219	822	0.14671576179826895
219	867	0.10575182292900658
219	934	0.11655170753607431
219	962	0.1289683374122476
219	994	0.12806258891583203
220	221	0.18638856004991544
220	328	0.11222999633756815
220	643	0.12812524976335649
221	569	0.10950182160430096
221	880	0.13311360757206672
223	225	0.15174671208340995
225	305	0.12465499917963802
225	929	0.1259602810330719
226	587	0.13775933346116373
226	747	0.11708826445363776
228	333	0.21766481550016806
229	515	0.17866492470310222
229	525	0.1008020916978695
229	957	0.13210048273074335
230	344	0.10550227161488387
230	366	0.10043760634060778
230	605	0.11884526169748522
230	719	0.11168437260406527
231	360	0.11387487683894203
231	619	0.12117311445862239
231	810	0.15340775753364586
232	234	0.14647034008467572
232	345	0.10308432303059387
232	359	0.14821629441873427
232	740	0.10698680024621306
232	776	0.10042344920197441
233	585	0.1370415768492953
233	587	0.14621982228300748
233	933	0.11382818321171609
234	312	0.10786553622893723
235	577	0.14195627431091093
235	705	0.18925586181262377
235	755	0.10259852707248529
235	904	0.11296752661460818
235	914	0.1258946688741779
235	979	0.11370252222517198
237	340	0.10111272178553148
237	595	0.22857818098467883
237	959	0.21115592599159877
238	240	0.2480483212883787
238	248	0.10554778823876435
238	369	0.11354112175015837
238	963	0.11770124082486853
239	817	0.10596404881240129
239	858	0.12957368870663216
240	244	0.16115092593025535
240	254	0.11257389743811554
240	342	0.10812004999108407
240	344	0.15105486229761309
240	386	0.11353323180033494
240	991	0.10950875662623251
241	609	0.10008444825435256
242	326	0.10042998773129745
242	691	0.11415339857659886
242	693	0.10333090302439973
242	743	0.1322995737606575
243	387	0.10425862333506603
243	669	0.11043333256348686
243	904	0.13050140661386986
244	330	0.10399136713312224
244	368	0.11253034376005618
244	374	0.11076040056948898
245	327	0.10760118004917041
245	389	0.17148130085285665
245	617	0.162642844754802
245	666	0.13037849541775634
245	669	0.19422489421654257
245	759	0.10005156817321256
245	836	0.11580954652010016
245	909	0.10414638854441514
246	368	0.10173945859111706
246	369	0.10220110306485716
247	402	0.19510703486623024
247	891	0.11060766217164535
247	895	0.13529094717080517
247	896	0.14274308286504986
247	933	0.10218098638263307
248	312	0.1159035279042371
248	617	0.11905950584691793
250	348	0.1010579971327083
250	350	0.11949333163013816
250	358	0.14353287004318613
250	688	0.1218829301362001
250	693	0.10464636498509859
250	908	0.12468072042424629
251	342	0.10074102550089632
251	577	0.11268570645879959
251	678	0.15209680928503455
252	306	0.10464142870932955
252	318	0.10010096139447969
252	359	0.11387710426404922
252	366	0.10803229547739115
252	634	0.10880603877893953
252	889	0.12837943111000977
253	427	0.13528606343918637
253	428	0.1063182637446831
253	566	0.10160757549948915
253	612	0.12931511668645396
253	772	0.12818891768196064
253	985	0.10135281573382728
254	286	0.11770681644139963
254	336	0.1713515064314571
254	356	0.10133572163386939
254	361	0.11224096988211052
254	374	0.1073442097592177
254	389	0.13097916885136618
254	633	0.11800789423935915
255	791	0.11571400182541772
257	259	0.13214475105431706
257	359	0.11022146547209273
257	505	0.13458446435747226
257	873	0.12409326292025669
257	875	0.12458986839273346
257	891	0.1077235076986498
257	930	0.10714368115039982
258	401	0.11970539199287597
258	605	0.10401780640401628
258	721	0.10039942580253376
258	775	0.10281897451744611
258	964	0.10043236767060841
259	299	0.10957989219595389
259	473	0.10624330766781341
259	665	0.11152933317571843
259	821	0.11091811655259745
259	873	0.23253156737623698
259	879	0.10630999773120839
259	913	0.14104814626469905
260	320	0.1115751397853944
260	376	0.1274048921676006
260	572	0.1216144782423007
260	976	0.10145350877669011
261	363	0.11189552755601266
261	370	0.10742704398422978
261	812	0.22110185922167866
262	264	0.34038345866334374
262	266	0.2745954557493282
262	274	0.11804965915739468
262	312	0.11937639320922372
262	316	0.10586735705456332
262	338	0.1037388581908456
262	421	0.10647082459279045
262	677	0.1028946927670421
262	705	0.11309957488156708
262	727	0.10196948733274948
262	756	0.10143085451320459
262	775	0.10221347230914794
262	976	0.11654298473656839
263	647	0.10732636820801765
264	266	0.16774880401975567
264	332	0.19771933890675172
264	342	0.17131095395503196
264	756	0.12184234556313335
264	961	0.10775983036916906
265	313	0.13228504561541504
265	398	0.10591045327695107
265	402	0.10768770713527198
265	412	0.10608447179911332
265	441	0.1355529475497443
265	458	0.11140137486561773
265	465	0.11287502584412468
265	468	0.11748080407844451
265	537	0.1422613968397697
265	688	0.1301752371131988
265	854	0.12318281929239557
265	867	0.10803534272672413
265	992	0.10386552121441762
266	288	0.10200914800670967
266	373	0.10353547613128447
267	784	0.10468721882984905
268	320	0.10224377298388454
268	330	0.12475178407886879
268	332	0.103471448667242
268	489	0.11954690002176198
268	613	0.10986748669521444
268	633	0.11483516961035041
269	270	0.113094699722823
269	377	0.13002669193073624
269	643	0.11528461252373669
270	580	0.11353772077512378
270	685	0.12363798274384531
270	775	0.13870301549129394
270	900	0.10680634586390424
270	947	0.103353701960442
272	294	0.10370308068415036
272	304	0.16754153011513911
272	342	0.10357832923275122
272	359	0.12172083675577998
272	723	0.1854762605468066
272	739	0.1233751592499529
272	848	0.12903118837316213
274	366	0.1022452153894847
274	605	0.18148362033664328
274	633	0.15805022897462748
274	677	0.10747612984942069
274	778	0.11171137635601419
274	868	0.10469524805080746
275	280	0.10801166117612496
275	402	0.11950471482158068
275	406	0.1170708809135162
275	495	0.14822482654343216
275	580	0.11228464326365882
275	633	0.11617556611126054
275	947	0.10061000325117112
276	345	0.10600977734939804
276	382	0.1016677129661004
276	424	0.11398585726331559
276	575	0.11062750865410553
277	777	0.1191759883554735
278	286	0.1475791885354517
278	356	0.1936493278861822
278	438	0.16137782992481856
280	290	0.12181150306200171
280	336	0.11939547374166098
281	709	0.11274991148251261
282	288	0.12239989509916832
282	326	0.10766143183061787
282	329	0.18831837900953294
282	398	0.11954456781785781
282	729	0.11118287748769104
282	759	0.10415415491571192
282	991	0.12495433714167892
283	290	0.13734642282730897
283	302	0.14758364493307444
283	380	0.11369457387001339
283	573	0.11005321987307493
284	286	0.1814703882527582
284	298	0.12468885329603113
284	300	0.13921571133862803
284	306	0.11408890322949401
284	312	0.1250248238767209
284	397	0.10523092616696636
284	791	0.10001896459390379
285	881	0.12291930479489653
286	300	0.13431001700360143
286	312	0.15057944431057393
286	356	0.11071275965020176
286	397	0.12125483114457695
286	438	0.11856858263792236
286	762	0.16491597754807222
288	290	0.10124337495780589
288	292	0.153737750426948
288	326	0.10885515120566559
288	329	0.12709343080981866
288	370	0.13486274988345692
288	380	0.11857892493025195
288	729	0.1002312938611144
288	864	0.12501000345004848
289	694	0.12399773569613874
290	292	0.307668908469395
290	316	0.23167247316607648
290	401	0.10511864805729121
292	328	0.10659342802021221
292	366	0.10948161470625804
292	634	0.10278461256587662
292	647	0.10065132711999897
293	511	0.10296876418911982
293	825	0.14416303282117576
294	801	0.13460340546303187
295	498	0.1013724747745803
295	925	0.10387019478480279
295	958	0.10960227633660317
296	304	0.1486750070426666
296	306	0.11126708162304712
296	310	0.11874416854587408
296	509	0.10146453462571112
296	696	0.11504843737718026
296	963	0.15505937875191084
296	991	0.1281029431547719
297	892	0.11064310118403765
297	894	0.1341263196525773
298	312	0.1373083177459291
298	797	0.13329204108945109
298	916	0.10734926975728196
299	470	0.13598931726945357
299	675	0.1628369017303969
299	802	0.11543853400761041
299	821	0.2519821706750209
299	949	0.11910505038721235
300	306	0.17595270731469334
300	316	0.14005790303244062
300	318	0.11523726367480354
300	329	0.13785359022423874
300	397	0.1497447093947605
301	402	0.1052290968473287
301	513	0.1138312653334102
301	662	0.14704441071973318
301	790	0.10120545724690785
301	810	0.13060733690084536
301	949	0.11810614766088552
301	987	0.17885732133603915
302	991	0.11760757591239683
304	961	0.10364530040654475
305	371	0.17876364598444142
305	720	0.14187184925082028
305	998	0.12656885211560617
307	350	0.1146123025557036
307	637	0.10432323039288999
308	324	0.11772846344394743
308	463	0.12759435030687213
308	685	0.13156141233865218
309	793	0.13564898136434067
310	312	0.13995439754002104
310	649	0.11358149691184036
311	451	0.10054508056559006
312	323	0.11327174749702103
312	877	0.10332416671700298
312	969	0.11187728730075439
313	394	0.15241505043158743
313	468	0.12769399843741092
314	605	0.14975468725100502
314	749	0.15203163812191803
314	793	0.20823428927590198
315	361	0.10196162893119914
315	414	0.12190833934870403
315	482	0.1078193426816495
315	547	0.10518520951474343
315	792	0.1053414783502376
316	318	0.19551258690640588
316	358	0.10016414242596729
316	397	0.25853765538598045
316	416	0.10704373154512993
316	685	0.11373768781599825
316	981	0.10138565498197977
318	385	0.1025361147827906
318	945	0.10798936018578716
319	459	0.30832273716131897
320	332	0.11237543410008162
320	532	0.11133811907732866
320	658	0.10254109717973144
320	963	0.10391230310521728
321	502	0.11889097040752682
322	324	0.10380135088545911
322	373	0.11251830565895392
322	671	0.17458600960394718
322	995	0.11894583374763358
323	348	0.11668731127549463
323	364	0.17578443588806789
323	368	0.15364466361987875
323	374	0.15256185530987385
323	632	0.10315826620868614
323	877	0.12214166062410707
323	972	0.18279631207032934
324	575	0.10269322734600253
324	823	0.10683193769734797
324	859	0.12602078313953333
325	584	0.11355056631565331
325	602	0.1481300284800383
326	329	0.12159604906677729
326	385	0.14161566962313468
326	949	0.10454526846372973
327	345	0.11325988700523455
327	734	0.11530913643044416
327	759	0.15190008006709205
327	800	0.11887811265192205
327	802	0.14699295144584978
327	821	0.11294530785439763
328	373	0.11702864806246484
328	675	0.11633861616644675
329	385	0.17041433884940588
330	356	0.10408416321350326
330	374	0.11384855078937949
330	423	0.1484492646953047
330	995	0.12857142085623047
332	693	0.15926623278344337
333	746	0.1551913083689622
334	412	0.11503076842598436
334	423	0.10676813158348133
334	858	0.1744289934569452
335	457	0.11317756820997876
335	658	0.1309280370176294
336	369	0.13246426358106908
336	514	0.1122753567159716
336	585	0.1299360435716986
336	873	0.13691801607905724
338	362	0.12849759505730213
338	976	0.11053692812264683
339	845	0.1405001545344094
339	846	0.12567609466828586
340	570	0.1250346970568235
340	917	0.10584598767172272
341	348	0.12470565459524156
341	539	0.13766397574958752
341	542	0.10485419046907023
341	567	0.1608009324980056
341	597	0.14546776113943638
341	665	0.10805957427119511
341	775	0.10790836167460291
341	788	0.11074671626388141
342	344	0.1013164415412925
342	577	0.1174076461312735
342	991	0.13027919535234042
343	496	0.11336554151936347
343	813	0.11134953937673678
343	973	0.4284954075588709
344	491	0.10849940275381015
344	991	0.11438933367496125
345	638	0.10897933065524493
347	562	0.10575576105163073
347	571	0.10041551085987667
347	573	0.11620744403152128
348	378	0.12287593384073611
348	463	0.2018391020296368
348	535	0.1118736037934303
348	734	0.11991157203131796
348	775	0.1027348349585045
348	908	0.12117152985188401
349	441	0.10030262356238778
349	489	0.22090857528552776
350	358	0.11153910107877844
350	502	0.10083993296900211
351	393	0.10050143822126884
351	580	0.1018076445929807
351	610	0.12792231398398335
351	653	0.11966362306224533
353	615	0.16576744044079364
353	672	0.10699486744796392
353	711	0.12123481711114466
353	835	0.11172814723416469
354	358	0.11819245129591702
354	389	0.10122563509230595
354	393	0.10735671986138759
354	727	0.11316688142629211
355	413	0.11370207049301775
355	475	0.11627893211551471
355	695	0.1273543931106323
356	358	0.12363073844323404
356	364	0.10366863527259473
356	585	0.1173586132932642
356	593	0.10418427603340019
356	877	0.30056870791868184
357	783	0.10900480840543676
358	471	0.10258167970653055
358	571	0.12609737974035887
359	374	0.13560289429879546
359	739	0.10302357799882882
359	982	0.11991273856211924
359	995	0.1808197355744463
360	677	0.10360309004365341
360	685	0.1255624258874766
361	389	0.19882815021003164
361	406	0.1062766857707054
361	461	0.16648437006402594
361	490	0.13856693472355341
361	845	0.12184465519524917
362	409	0.1476516011204478
363	587	0.13590957251989555
363	891	0.14338444545718265
363	933	0.10317852167624063
364	368	0.11831160561463278
364	423	0.1344939618766206
365	541	0.10474385369531408
365	663	0.10285333205454827
365	705	0.1397635598391944
366	421	0.10604791565933162
366	605	0.10498269979961229
367	606	0.12201331134400127
367	745	0.17437971889916132
367	980	0.11053181137319527
368	374	0.21581211710175421
368	824	0.10982965208515147
369	877	0.11284555459327093
370	485	0.129041594902719
370	729	0.10082957089326502
371	575	0.14301062823468522
371	720	0.10154084649766013
372	672	0.13714744457189174
372	676	0.10531916338810138
373	404	0.11039723192430081
373	605	0.11092962596748888
373	719	0.1157087749225642
374	397	0.12109838999721188
374	824	0.10701577133777722
375	720	0.1194723822052498
375	860	0.12524641972421538
376	775	0.15449727532103094
377	474	0.14952449238399834
377	527	0.13751520299121486
377	575	0.11014087143604215
377	621	0.11675645277182647
377	768	0.10265862566803038
378	693	0.10839132965917028
379	395	0.1102127018701744
379	563	0.16802733044149426
379	675	0.1070060263467521
379	930	0.13567321144103406
380	671	0.10214889469298126
382	660	0.10380998606060612
383	641	0.12425731865472653
383	673	0.11155457943917754
384	392	0.11458470494689937
384	436	0.10987807635802155
385	543	0.1149771423330107
387	811	0.10165797076648969
387	904	0.10745386640087017
387	912	0.13065606193240945
389	391	0.3992642319786994
389	393	0.31125116737913205
389	516	0.12219287404015705
389	603	0.17111699271290629
389	617	0.12404548853545976
389	785	0.1327302285338314
389	845	0.12065004219881978
391	393	0.18317165976104116
391	477	0.11789175575698178
391	603	0.11749222184234229
391	639	0.11350217193565063
391	780	0.10760958309017996
391	820	0.1082118716943982
391	893	0.1195612297175729
391	968	0.1108549549957056
392	394	0.21898040302727342
393	567	0.17627848929785858
393	785	0.1605828039964618
393	820	0.16169251157276157
393	871	0.12676537940841953
395	445	0.13286137814830684
395	563	0.1258519603167588
396	475	0.11118992379582061
396	695	0.1300919196677833
397	416	0.11133355561351406
398	416	0.13266917084742338
398	438	0.1480368560602182
398	469	0.10219319200565574
398	627	0.10031448863889159
398	667	0.10759292485908298
398	951	0.19249827533686897
400	402	0.217339627354546
400	406	0.1701555466344954
400	422	0.1651423910058759
400	867	0.10123653080470206
400	915	0.10362940335263715
401	605	0.19329845293597048
401	853	0.1397752562210744
402	416	0.12320652771306526
402	436	0.118161014935123
404	611	0.10798306831084699
404	679	0.15922713940437483
405	597	0.11726919248377862
406	440	0.1074898904808779
406	647	0.13448141188655888
406	791	0.15101003722956496
406	852	0.10523138953299782
407	886	0.12111823124406437
408	444	0.11390780571543338
408	657	0.1058684176991761
408	741	0.11927761267114423
408	799	0.10507377529707426
408	867	0.36635114109354483
408	900	0.13594820896297297
410	571	0.10598275145086516
410	884	0.13420098764267965
411	425	0.12317192152000273
412	633	0.14546099993667508
412	839	0.1949630582288199
414	418	0.12716018591905043
414	424	0.12895957473316633
416	418	0.1082362230874839
416	867	0.12075424371134182
418	427	0.13959013745986784
418	444	0.10285526491773507
420	487	0.12121297564474191
420	647	0.10646153463914758
422	452	0.11860505128783204
422	465	0.1256629993145836
422	657	0.1181193186948413
422	887	0.11535305894435342
424	436	0.10959265429526766
425	881	0.10966502250777893
425	944	0.1543974996669896
425	948	0.10762104694610185
425	960	0.19451807757603012
426	452	0.11710006010648669
426	798	0.1186369090432384
427	638	0.11080104011707424
428	566	0.17581523261662355
428	705	0.10053668322900775
429	864	0.10678310255164376
429	885	0.13118511257066254
430	462	0.10006885901362582
430	487	0.10606607897838186
430	747	0.11204174854569375
431	593	0.11362399346192799
431	741	0.11475313399755681
432	440	0.11676540057533884
432	893	0.10889527373146887
433	708	0.11349977929049415
433	710	0.10741807311264433
433	718	0.16487188187542623
433	726	0.10839090249447018
433	730	0.12827099742927173
433	736	0.15189696955268275
434	466	0.14493762327247903
434	470	0.11259502401908666
434	679	0.17104943639097375
436	438	0.15047823028250096
436	704	0.11474521164519812
436	927	0.1159203074994453
437	549	0.13420891353126177
437	609	0.10600257640820275
440	487	0.16226802068344973
440	794	0.11841050296728732
441	459	0.11765701356382934
441	468	0.10724773083420522
441	535	0.13107628640954685
442	460	0.13344622922600238
442	464	0.10708956013065184
442	639	0.10323696802272371
442	864	0.13605354862907887
442	867	0.10552260291314564
443	834	0.10764576720502073
444	446	0.2602116406170373
444	486	0.11049382415210182
444	769	0.10492398335803577
444	867	0.11612640498362689
445	449	0.30176451782477715
445	460	0.17531822617616585
445	524	0.11651241997469412
445	584	0.10395975525587489
445	791	0.10138232308176862
446	722	0.14237306669398697
447	449	0.13429913374754401
448	450	0.18652293032843126
450	721	0.10072647185570982
450	769	0.13564439787310223
450	927	0.10884849312018054
451	654	0.10983170731192915
452	465	0.12296952595157898
452	573	0.1236519329028865
456	603	0.116034484775892
456	733	0.14599040578117456
457	459	0.18623040780223712
457	560	0.1000947319275618
458	488	0.12022495241462605
459	961	0.10546133336450222
459	988	0.10824452641819866
460	472	0.10352192381029476
460	478	0.1273537499251836
461	465	0.13390584192131869
461	547	0.12360516049168781
461	646	0.11728339555858543
461	929	0.12225245972112712
461	953	0.15602196951711966
462	464	0.15639844073502368
462	590	0.108854649470886
462	875	0.10371413952685613
462	927	0.1170040223255461
463	924	0.11200265208861017
464	465	0.1365598973216934
465	477	0.10759006696451902
465	487	0.10340881724287651
465	573	0.17406662771077558
465	657	0.11123760155154136
465	853	0.11580914160831954
465	867	0.1012650138951146
465	896	0.10965032828672852
465	957	0.10548079351819652
466	846	0.10030071436949538
466	848	0.1694939307913115
467	722	0.10879728758609587
468	724	0.13944335811727135
468	839	0.10077752877373256
470	547	0.1182061278483933
470	637	0.10746486704113288
471	486	0.12721431975596514
471	822	0.10105305306234387
471	858	0.10177817411926258
472	524	0.10392188259280181
473	529	0.10759634431803124
473	728	0.10753833117825733
474	647	0.13988271842437958
474	768	0.11006185022784547
474	797	0.1255560788560797
477	848	0.12969986638614706
477	866	0.10974929354863165
477	876	0.1267992002431179
477	968	0.13424638874101355
480	921	0.10868279155020073
481	739	0.1392610678004058
481	741	0.15399593580743684
481	759	0.11445311208479785
481	791	0.11604053148578262
481	833	0.14367560688558487
481	970	0.11031153368621223
483	686	0.11424638922051347
483	784	0.11181400761230449
483	844	0.10427016893258115
484	604	0.14854173969997017
484	657	0.10505236656831711
486	822	0.1301340548033896
487	953	0.12330321381145334
489	648	0.10898413539185565
489	690	0.11121110602094142
489	988	0.10120476924499029
492	494	0.15782557486035775
492	544	0.15438406142170474
493	691	0.10614391077489557
493	814	0.10541002868119095
494	536	0.1201117891880522
495	647	0.1763262876483263
495	739	0.11493467467404558
495	850	0.13089211281105623
496	506	0.12108887890548425
496	508	0.1141165751765517
496	536	0.10582292252359848
496	723	0.15628305451153876
497	594	0.10960145018220054
497	655	0.13262920170221257
501	617	0.2678168699810741
501	731	0.10031256215714003
501	812	0.11334566402966947
501	909	0.11124177085895821
502	546	0.11777980586764036
502	836	0.1550753700489154
503	922	0.12023845395382735
503	926	0.14767337496395383
503	943	0.1024372150340212
504	605	0.1215437247784866
504	789	0.10454381402409592
506	536	0.10207342022899622
506	542	0.11158620286108142
507	776	0.10937863010794088
508	793	0.13952001303544925
508	973	0.10093111928315003
509	637	0.1033982332945989
509	922	0.19078793225805815
510	979	0.11091482711383269
512	548	0.12008177760213425
513	949	0.10120516162815513
514	516	0.3169967375307423
514	520	0.31179189666339896
514	593	0.1130365951843035
514	728	0.10181380108099097
514	873	0.1916260892320668
514	979	0.10490979927938411
515	517	0.27684323767272745
515	521	0.34022666334143425
516	520	0.16211956772163463
516	530	0.11188983947666196
516	873	0.14224005383270383
516	959	0.10598488522610319
517	525	0.2105777143101776
518	528	0.11027277559050021
518	544	0.12111441199904908
518	905	0.11615720598477247
518	997	0.1051821467189401
519	525	0.13897156036867883
519	805	0.13713295198403982
519	807	0.13878085223173098
519	939	0.10232823127306852
520	593	0.12840653662839688
520	710	0.12713278774245543
520	793	0.10608041138986553
520	942	0.10372132975174264
520	977	0.10297925864928814
521	807	0.12863435728348818
521	921	0.12521196971922494
523	945	0.10030804737704334
523	961	0.14845832445774246
523	962	0.5887587216942637
524	728	0.10397159617395606
525	702	0.11190719231545476
525	805	0.12433767110947729
525	807	0.11847391526569463
525	811	0.1362562552464531
527	693	0.1330613182100733
528	831	0.1424805395226737
530	723	0.13172766426163587
530	813	0.1036472846223423
533	866	0.10493667528017926
533	868	0.1262871761302917
533	871	0.11267091229492544
534	941	0.11085069931895247
535	776	0.10452598974905353
536	674	0.10519818888804822
536	973	0.11503871437386821
537	621	0.10468239573584302
537	712	0.10532351094333371
537	858	0.15404756725679689
539	665	0.2332629165876545
539	937	0.12304834965132157
541	667	0.11265676174340976
541	945	0.10278893722994997
541	970	0.10631618562670515
541	988	0.10199314412763866
541	992	0.11387281286391741
542	832	0.10964080630902116
543	636	0.10853490592426909
543	716	0.10315138396960016
545	548	0.11583029320699594
546	571	0.1752869239574206
546	705	0.10942927852641517
546	794	0.11094297714569479
547	914	0.11402207000254189
550	905	0.11070974214134414
551	583	0.14685913218089292
551	744	0.24078283288660118
552	554	0.4656685752380181
552	592	0.14021940423908658
552	602	0.1565409408320497
552	604	0.12010354720716324
553	555	0.14859050671491017
553	798	0.122131525460439
554	584	0.12826035714157863
554	602	0.19274194353065197
556	558	0.10565057009048563
556	560	0.11628054034786311
556	584	0.12738387417483024
556	586	0.2283137700156134
556	590	0.17444261349771847
556	592	0.10096010724516839
556	677	0.11443805084542366
556	758	0.10323020385901009
557	716	0.11435238177044275
557	790	0.10347488578242015
557	802	0.10823908579227554
557	871	0.10435657490394024
558	608	0.10607113732931213
560	586	0.10334625414183868
560	608	0.13069585902353437
561	630	0.10146481174333064
562	642	0.163106971590009
563	591	0.1327281021908959
563	820	0.10600339905382182
563	828	0.1434931940330494
565	803	0.10973138797207102
565	895	0.11290313309344673
565	935	0.10234797125933988
566	612	0.10204688782099623
566	846	0.1426054401685608
567	785	0.10312497238623841
567	955	0.13552682302538102
568	739	0.11132128527101426
568	919	0.1259862934396466
569	747	0.10014330874273672
570	572	0.1071198490191734
570	577	0.31510743682396436
570	704	0.16004533470814106
571	573	0.15282237994318712
571	575	0.14020741487739874
571	705	0.29248129016784385
571	741	0.11670165942770405
571	834	0.12912948721536358
571	853	0.12108377047218064
572	588	0.11228673660699823
572	699	0.1604435533999613
572	704	0.15058310663976734
573	576	0.12807658673212322
573	646	0.11130164701190255
573	796	0.10765420056320794
573	931	0.10077903712542492
574	577	0.26286970770462137
574	688	0.11158635467994023
574	985	0.11035164055480498
575	595	0.12642583596511614
575	621	0.11576462834568477
575	627	0.12151253326162728
575	739	0.1152956717898769
577	614	0.10230750714531507
577	705	0.1220368959201429
577	765	0.10149935485972347
579	670	0.102278527634112
579	741	0.1059960908106542
581	595	0.1241359441220842
583	744	0.20337399677951856
584	586	0.1055298225001694
584	614	0.10821536772489003
585	587	0.1900149201073873
585	873	0.11971768310438245
586	590	0.10080779941089187
586	592	0.16165628773229973
587	655	0.12055017143789525
587	855	0.1335920158385246
588	615	0.11814165974163783
589	640	0.1137899982963339
589	755	0.10483435182574696
590	779	0.10113370057351197
591	799	0.1284689641331664
591	810	0.10242664334981838
591	858	0.1239194541768623
591	897	0.11370724886213256
592	730	0.16422837432599086
593	873	0.2995725489416752
593	875	0.12431054400111548
593	879	0.13835803738858984
594	646	0.11055313278633593
594	812	0.1076167376764696
595	959	0.1241683497501605
598	646	0.12654902498802564
599	617	0.1015596170495207
599	623	0.17798272719638142
599	627	0.1006663529788012
599	785	0.11652361369057176
599	810	0.12671376045787944
599	816	0.1649711189688153
600	727	0.11379945064352587
601	634	0.11286944580064119
602	610	0.12507157146444087
602	928	0.1380323551221818
603	634	0.11251885972227867
603	653	0.24301424816887393
603	680	0.11577274488966678
603	791	0.11320630303026348
603	841	0.1193589163218761
604	745	0.12063170045315831
604	908	0.14727673144995507
605	677	0.10245691586623284
605	778	0.10810333890969974
606	608	0.2716339367292362
606	704	0.11487743952791274
607	609	0.16074688985879387
608	654	0.15824068907203986
608	787	0.14130534597453184
611	964	0.11927569882980121
612	887	0.10146390805306663
613	751	0.12224024842035587
613	814	0.10599372039699113
615	674	0.11031023073576621
616	618	0.308559629829997
616	622	0.1454483217396364
617	786	0.10952313124441021
617	926	0.10692589161187321
619	858	0.1105532664080384
619	987	0.10621738791705597
620	622	0.44258523847247766
620	624	0.2132714391669702
620	626	0.11953921637929393
621	623	0.2768488779439683
621	627	0.4819127268868358
621	635	0.12185371739739718
621	858	0.17732153715876292
622	628	0.14487384470967918
622	674	0.1145908516301028
623	627	0.3092640097755351
623	823	0.10990769481790412
623	858	0.10758211624353702
624	626	0.2608054610262875
624	628	0.32403821723838533
624	636	0.11333515825650961
624	668	0.11297404811206807
625	671	0.12530655115318073
625	681	0.1829402604932294
625	795	0.12410961631561276
625	845	0.10137127211928487
625	982	0.11103200158420404
626	644	0.11682162462797391
627	858	0.12516661385991498
627	985	0.11677613165406661
627	988	0.13634797693103862
629	643	0.10482875036791074
629	858	0.1131822548736532
630	646	0.1154570416249769
630	655	0.21618703817584312
630	658	0.1512502552081607
630	979	0.11910078614441942
632	988	0.10229377901218538
633	974	0.11902604106773103
634	652	0.13533106527788047
634	670	0.1491095899327743
634	968	0.12740304297831534
637	645	0.37287471054640026
637	878	0.11779301616314704
638	897	0.10132714296672624
638	961	0.12528973203151028
639	798	0.10471929783988156
640	739	0.10129777376608949
640	847	0.21958559418537654
640	848	0.11341407477953831
640	982	0.12961803212752582
643	765	0.12565943607461982
644	650	0.14223677025128112
644	658	0.10515677728574387
647	953	0.15027191843946838
648	705	0.12788275550117906
648	851	0.1122769595363364
649	678	0.10751672568129231
649	696	0.1296644458734581
649	746	0.14106698703451684
650	654	0.18892124184803302
650	668	0.14134879685522148
650	670	0.1563832426733932
653	924	0.1054604961768212
654	658	0.11282897672562435
654	793	0.1008091077000071
655	674	0.1079401848146217
655	711	0.14603014135174697
657	945	0.10238311595085718
658	697	0.11650017290955364
663	856	0.10205554841638924
663	868	0.11067337022243173
663	882	0.11322459143107859
664	875	0.10513265530893368
664	930	0.16980403457485843
665	913	0.12081408287670888
666	763	0.1174467723342458
666	862	0.12080854724338239
667	939	0.10060532480452195
669	818	0.10020234912238726
670	699	0.10314621754254293
670	835	0.1137203149668281
671	798	0.1075603741268323
672	973	0.12177820343035894
673	889	0.10101227394081458
673	978	0.10621946822141766
680	967	0.10912057789368038
681	722	0.12090938909917734
681	753	0.15389701398372738
681	896	0.15897926264372902
681	916	0.10220261173511129
681	994	0.1398041428247589
681	996	0.108449755593106
684	732	0.15516041235325947
684	855	0.13896710537890156
684	972	0.18779170651570504
684	982	0.112148762493255
685	729	0.12371976458850492
685	904	0.1375275025574003
686	829	0.11225499615984778
689	805	0.10529734791750815
689	861	0.14538024055493767
690	716	0.12636965388606075
690	930	0.10854006286188171
693	705	0.10105808072809944
694	732	0.11625674244185581
694	746	0.10121225730559513
695	827	0.10828114455706367
696	746	0.15749848411083306
697	977	0.1265075000886025
699	711	0.10254154378306753
701	709	0.12368020779587277
703	926	0.11051782674116717
704	734	0.1000237550523224
704	989	0.11372105726803211
705	834	0.12933738997548822
708	710	0.14692032008582095
708	722	0.10324546747957877
710	875	0.11558125899289302
711	821	0.15422821767561248
711	835	0.10216787641747056
711	924	0.11406661393613675
712	939	0.12836787378871098
712	974	0.10411192198034042
712	976	0.129383441133526
714	722	0.11104985262710483
716	718	0.10211700179290405
716	860	0.128739141795955
717	753	0.10549889561761044
718	730	0.13096225453786167
719	963	0.15103967523603343
721	885	0.1110735972185132
722	734	0.1461932494871631
722	759	0.11311525142568168
723	821	0.10538118374438137
724	726	0.2118943467624392
724	728	0.15421335901426972
724	740	0.10907711400251441
725	727	0.12913285699845137
726	736	0.19550866366218914
728	987	0.1491159512001607
729	827	0.12483939493978809
729	906	0.1268782956905533
730	732	0.21961181976806698
731	739	0.11138000087811019
734	897	0.20390662741240248
739	784	0.1283719499200797
739	848	0.11411059755533799
739	850	0.10546475502056833
739	870	0.13737156317469107
739	878	0.12207247848503348
741	767	0.12562037979752363
745	780	0.14438708811801268
745	809	0.132090275419485
747	868	0.1462255584384492
747	989	0.11231665599860433
750	762	0.10406388074433609
751	831	0.1058099976035065
751	942	0.14929848612887997
753	887	0.14752907290116582
756	764	0.1378365956245996
756	997	0.12054950796200657
757	943	0.1381871254748869
758	764	0.11115879119839318
758	774	0.10510051667249368
758	997	0.10254532023846298
759	791	0.13003731500143292
759	909	0.1280530513229863
760	917	0.13780915802507143
761	982	0.13050302943875747
765	786	0.10001351278097877
766	986	0.12876854263047496
769	933	0.11147827889976336
771	824	0.1472990237655021
771	930	0.11221380927865254
771	938	0.1234551593784775
773	816	0.11346950406045027
773	930	0.11854038703292322
773	938	0.10538892760194858
774	997	0.10581765280922821
775	836	0.1530078734500761
777	795	0.10514199964284733
778	955	0.11482677017130594
779	919	0.10097587614829413
780	809	0.10879754730457834
780	956	0.10229131519664252
781	884	0.11117096208720906
781	912	0.14384223893682918
782	809	0.10501225284768312
782	994	0.11841752217682563
784	793	0.10060211785055301
785	816	0.13336278610103997
785	824	0.11030244236552077
788	826	0.14241145321530024
789	822	0.1058966886165947
790	792	0.3373248041520214
790	796	0.17957247230202547
790	802	0.10167858620223791
790	955	0.10019284768402939
791	841	0.10281051106625828
791	862	0.10391055909997939
792	796	0.10643510038681828
792	798	0.12149856311795149
792	869	0.13298790993162177
792	987	0.10368124972194684
793	848	0.10859102582983932
794	822	0.15648565269300133
795	961	0.11629570900201074
795	974	0.11634020505724459
796	798	0.10317764699561316
796	826	0.11238409521277376
797	932	0.1170918426573895
798	914	0.10493663201153572
799	985	0.13877488564916138
801	985	0.11649629549104193
805	807	0.2699064954520156
806	819	0.22729245767784675
808	821	0.104927985320913
808	909	0.12052581833877793
808	987	0.1258670160788175
810	816	0.19634986545947983
810	834	0.11892069416035643
812	814	0.15927653994247307
812	818	0.16957455472406427
812	852	0.13481502490642963
812	896	0.10766716916049501
812	951	0.10324812735598024
812	987	0.12633571932589668
814	816	0.1363583181152719
814	828	0.10767854982686938
815	864	0.11041845001356079
815	946	0.1468340903490298
816	828	0.10190620641665939
816	909	0.13752469642098478
819	905	0.14878437771905256
819	955	0.11431926876319562
821	910	0.1032207156813102
822	831	0.12050474238543386
822	910	0.11888069102273324
824	828	0.13221765721762546
824	869	0.11896978432687592
826	949	0.11093226652794284
828	914	0.12333656663299977
828	949	0.1279624248125864
834	853	0.12644574121748484
834	959	0.11881248569117757
836	924	0.10716163758105914
839	846	0.11451402448489073
842	843	0.17367254733934057
844	850	0.16138631104467027
846	862	0.10614328224851052
847	989	0.1119236270655967
848	850	0.11484163709401975
848	953	0.10462045483259674
851	897	0.11243101289698487
852	955	0.1467781517807173
852	961	0.10249058157549519
854	874	0.11618801052421177
854	886	0.11627386559881457
855	960	0.12714223241396266
855	972	0.16352598084059522
855	982	0.23486136866224624
856	967	0.16742634307756357
862	868	0.1291480176424529
864	867	0.28464367023248194
865	866	0.21069184231702898
866	880	0.1052687568528483
867	978	0.14256571105424717
872	874	0.10253395088362266
872	884	0.12135587730763259
873	875	0.13998734579160566
873	879	0.11588379580858348
874	882	0.13617618910284074
874	886	0.15852936184889743
875	927	0.13869400645177982
875	941	0.10110697952970008
878	955	0.1204188949111246
879	937	0.10321014687716508
883	891	0.11209984053336491
883	916	0.11306112946363851
884	993	0.13024464364648308
885	958	0.11152039996304816
887	916	0.11782026864184078
887	992	0.1193378208161849
888	900	0.10834858350029836
888	918	0.13474520673963775
889	904	0.14098375979720068
889	979	0.10808495503703325
890	892	0.12553462946362207
890	918	0.10132058467542034
891	893	0.15232988187703445
891	895	0.18081392487461526
891	930	0.11830135996690402
893	916	0.1450823798909887
893	938	0.10983936552717195
895	896	0.1233199847615434
895	910	0.2482762621279172
895	935	0.13308399608783392
900	902	0.13850959545226849
900	947	0.10718283588640724
901	975	0.10557437138214773
902	904	0.11068072114390104
908	932	0.12444162999912717
909	949	0.16359145937216335
910	940	0.13325603888071366
910	955	0.1359285886528077
910	961	0.11359815169399516
910	969	0.10675520389044967
912	916	0.11584267724612567
914	936	0.16123212357381234
914	979	0.10232376980727041
920	932	0.10140900755980718
922	926	0.11424910845623192
930	938	0.1385462237520118
938	943	0.11495221161733461
941	951	0.1376191010673478
945	973	0.11830598499664871
950	952	0.10474325925471083
951	953	0.21135394377336994
954	984	0.10832828759585954
955	967	0.11439813084137344
956	978	0.13154810515955503
958	974	0.10175193052968842
958	992	0.1421767581861594
960	984	0.19681283202344785
960	990	0.10430518475140735
960	991	0.11035654812332445
961	970	0.1605316124099442
961	988	0.13600561688853374
961	993	0.10813495684892094
961	998	0.20882655336184133
963	991	0.10572274589383208
964	968	0.13325305373637128
964	980	0.11538891942495853
966	972	0.10691106826103319
966	990	0.127408061657396
968	972	0.20464709881313325
968	980	0.2454076564612876
968	994	0.14531746663410378
972	982	0.11682272663737725
972	984	0.1042241665199353
972	990	0.1237803777080931
973	995	0.11141694310349166
974	976	0.25801234501506565
974	988	0.1055022072699067
974	992	0.16304046107567477
976	988	0.15640202028501918
978	980	0.1329617217899836
978	998	0.10181867598351944
980	984	0.11692323305172464
982	993	0.12018966952023073
984	990	0.1459432887448364
984	994	0.1787361230171969
988	992	0.10547838674586414
988	996	0.10455316906527963
994	996	0.11385792553521644
