0	4	0.10827173015872693
4	72	0.1184922722245097
6	72	0.10793534419837511
6	651	0.12439425950081166
14	275	0.1293753649431993
16	302	0.10132400243033245
16	963	0.12049447762205512
21	538	0.15058171241417523
23	132	0.10115909996972029
23	406	0.11128549602425586
24	401	0.10613052791155111
29	178	0.12315705704657114
31	214	0.10559350939849992
35	37	0.16157846451854377
35	331	0.14936642400347436
36	253	0.11003312062293384
42	484	0.11028630525361369
43	639	0.18226787872901457
43	788	0.11319361039336541
45	301	0.10374896287533925
49	993	0.12677595062123467
51	921	0.11996843827529015
53	483	0.10259426234707378
54	515	0.10344002116592303
56	957	0.1599798272597674
60	253	0.10671251412420947
61	244	0.11295705360491677
61	505	0.13734877676202095
78	80	0.1657459909998255
80	82	0.10319677638173635
88	92	0.13552317557431548
88	108	0.17554269512227355
90	94	0.14165699277754815
90	100	0.13553959780737446
90	108	0.307790771892405
94	108	0.15372912801226146
95	601	0.1443658555841031
95	605	0.10891275506411066
96	100	0.12147149572602127
96	108	0.2028933231552509
98	106	0.20755852724781498
98	108	0.16610620724848665
102	106	0.14194120156682433
103	530	0.11707156163668996
105	606	0.15749333204628876
107	579	0.12335317832457071
111	438	0.10856634521919308
117	611	0.10538983254481736
119	604	0.18159265059431198
119	608	0.2018629357264166
123	127	0.2147242760209117
125	733	0.11854129243123178
128	130	0.12394805281255968
130	491	0.11589857119555703
132	151	0.131891572990839
134	404	0.1281082656494846
134	902	0.1044238021507623
136	142	0.13340584381073425
138	139	0.11749920432463837
142	166	0.10155000287702268
149	335	0.10596512361535561
151	422	0.14082351257332498
151	436	0.11835120202220133
156	233	0.13053854864753098
164	587	0.1387479487672303
167	819	0.11510140245844552
174	402	0.10004259512612923
177	446	0.10588124051663544
178	193	0.2047764930138325
180	194	0.11737652790903486
183	380	0.11894717806921133
188	194	0.10405923017785051
188	198	0.10528013698089743
188	747	0.1286410285149455
198	491	0.1299911606839969
199	902	0.10857033347568301
203	298	0.10340412605597145
203	348	0.13036159327725555
209	853	0.11005941822102525
230	719	0.11126729190030843
233	909	0.10345062070426199
234	238	0.16247443404233897
234	336	0.11250972687960284
235	910	0.16626270253179998
236	240	0.10462705777160589
236	248	0.1100562686735322
236	743	0.19315339389791095
237	921	0.10203584637670492
238	240	0.114403798264016
240	242	0.1061238622803993
240	374	0.10860837957851315
245	987	0.12188547176160927
250	401	0.13126663299292135
252	381	0.11579507234480102
265	465	0.11271214746999599
267	466	0.10644626712965126
270	283	0.1139630183388378
272	304	0.12881661870843847
278	693	0.17010867818658015
281	958	0.10889482770710071
283	292	0.1378986444054907
288	290	0.10167927572259639
289	372	0.10762959922059641
290	292	0.15652086883214053
290	296	0.1212934049228801
292	316	0.2187819805999377
299	675	0.10026450214193257
302	328	0.10413472930884486
302	963	0.10117637938042212
311	920	0.13111296085567892
314	316	0.10094240203705587
315	468	0.12619430920950614
316	397	0.12297220547107815
316	685	0.22557162220088972
318	322	0.10805103432322247
319	688	0.11113757074441667
322	324	0.14797349877535348
323	423	0.11676374901762941
325	779	0.12216024610410484
327	639	0.11079770335045733
328	330	0.12051158344133191
334	858	0.10846058742305531
337	825	0.10111807138737292
338	342	0.11570736813442081
338	370	0.11151547233750488
338	638	0.11553695370082684
340	342	0.11247584321807352
340	884	0.11394426974750108
343	508	0.10972661516140689
345	463	0.12229144538178058
345	723	0.15454866548151866
348	463	0.12126087983530896
349	489	0.24194350006478646
351	604	0.10248621812160645
352	355	0.11296276238671396
356	373	0.13130590117590102
360	374	0.1032512088599924
369	991	0.12535437959111842
370	909	0.10364197792864921
377	529	0.11854887699190902
388	394	0.10593467775586204
391	393	0.10516011444919054
400	402	0.10860608523742028
406	982	0.10520051305316641
408	867	0.14764047804534655
412	414	0.11606518161688624
412	974	0.1213343024644234
414	418	0.13879076382680694
417	851	0.10326006088809979
419	904	0.10941203678774482
422	647	0.10718706646700503
425	954	0.1500533663796015
431	776	0.10487062212906835
433	873	0.2033982454234598
436	438	0.16328587975055658
436	488	0.13026761048953925
443	495	0.11742204217545388
444	450	0.20239076780613866
445	447	0.1519650347637433
446	448	0.12959626904039193
447	451	0.34357474003152416
455	726	0.10630472434975317
456	815	0.16464969731411366
459	481	0.10073431819700161
460	462	0.10669297341272267
462	464	0.21520129852739092
466	848	0.12719227223821822
468	474	0.10978949981188968
468	484	0.11765298463152234
477	844	0.1091962632060208
478	867	0.10412390828428761
495	647	0.13626821396785965
496	821	0.12729753122139495
502	504	0.1107771829520833
503	757	0.10342766221183373
514	516	0.10799723941522153
514	538	0.10961776581756455
517	519	0.1095905479516984
517	525	0.12059419608820719
519	525	0.14195752460717645
520	524	0.25958225026547393
520	544	0.1304024655114899
523	673	0.11975436090481185
533	852	0.1044609083013245
536	790	0.11189342043480188
552	554	0.20595570827083898
552	584	0.1223376751027763
552	602	0.22315242717990708
553	786	0.10421763657689498
558	560	0.20587450731940551
563	993	0.10092822563866816
564	566	0.20484639864592233
569	613	0.10054066860398019
570	577	0.1080648587062158
571	705	0.19170484653468717
572	577	0.1554849125671967
573	705	0.10595608985077483
579	722	0.10366483616319917
584	592	0.21280545064897666
584	602	0.1280457136401782
586	610	0.13270780176849237
589	884	0.10386052595286958
590	592	0.11933038463390211
592	602	0.10001163291818063
594	740	0.10601844223833552
604	608	0.1710582956031158
606	903	0.10578517226282186
608	610	0.24518417984604704
622	624	0.26594837232515783
623	625	0.13925686584808555
629	814	0.1276852267293696
663	671	0.10598856324735317
669	733	0.11955281494767306
673	958	0.14069021232142143
673	962	0.1100772946179068
680	688	0.1040896766000184
693	868	0.10056230503335141
695	853	0.10862747215082584
704	742	0.10316140076587126
724	726	0.15224833182726288
733	987	0.13387972597792355
739	961	0.1310388676340768
761	961	0.1845010607361073
762	997	0.12348717754953252
773	913	0.10254342925966554
781	924	0.15424153328590853
792	814	0.10367995926977173
798	828	0.11730738382939883
802	824	0.1163577273794077
812	909	0.14917522959825466
812	949	0.10113944348952211
814	909	0.1341306084442305
818	987	0.14126411597865973
840	886	0.10819767729745955
843	866	0.10717761231584765
859	986	0.104897423607435
872	993	0.12427356299963155
880	882	0.1333298611312039
880	886	0.11879241228948464
891	895	0.15957762151162175
893	910	0.12911725904381646
914	916	0.10332856145795906
938	995	0.10026592243609177
945	974	0.1230384274236472
974	976	0.1217837793521726
980	988	0.10678852580544879
