1	653	0.10856734426965035
2	4	0.18361792999602788
4	691	0.11568679961872362
6	70	0.13174686330499877
7	105	0.10178388517680347
12	94	0.12226439263815123
23	255	0.1147018778915215
28	493	0.10022643881635468
30	141	0.10437935556077363
30	861	0.1271357477642063
34	141	0.10121866882564529
37	331	0.10992070248737867
42	44	0.17498170977361585
47	988	0.11740492779924872
52	54	0.1516638047374702
54	772	0.10705552038192959
57	295	0.1063211281173266
62	977	0.11523310331180428
69	503	0.1077977318830282
71	269	0.13159737640045846
77	154	0.1386513260801007
79	125	0.12165682476302252
79	659	0.10654923751273493
83	125	0.10706568233218826
88	90	0.11054301950285514
88	96	0.1952061790249161
88	102	0.11884947226798082
90	96	0.10835565985256944
90	102	0.12114871183641651
90	106	0.1365396263002605
92	100	0.20806150099864792
92	106	0.20455154285904328
92	108	0.1268569924525142
94	96	0.2306484240844847
94	102	0.17519685553207912
96	108	0.1177544690232531
100	108	0.11933646093469258
102	104	0.11457926448455963
103	973	0.11229401799355257
105	699	0.11872936835618507
110	119	0.11389340074553243
111	315	0.11793292128481254
116	188	0.10531054288239222
117	862	0.10431547667754909
119	604	0.10636612098568032
123	127	0.19539973274919084
123	456	0.10801862913595926
123	812	0.11775024790196685
125	127	0.1846428957881603
127	301	0.11423104231424981
132	430	0.11436725209898704
134	142	0.10621108530689935
139	799	0.11578733423801367
140	875	0.10335941078581594
143	657	0.10766355952025793
147	929	0.10126208913452395
148	747	0.12062387927326532
151	404	0.12279050267855197
156	160	0.10718967859985512
168	216	0.10072429714634404
170	204	0.10254616118147844
174	675	0.11090547172120234
178	197	0.2185369401537942
183	878	0.1357514309602414
184	401	0.17073509079717697
187	270	0.10617154265613152
191	197	0.13913648229619274
194	491	0.1501338474897043
198	202	0.1258158886051246
200	491	0.15713398605703627
201	909	0.13499110451698945
203	302	0.10711946741552014
203	334	0.10605074211831385
203	995	0.1429416607205612
213	215	0.12077671670144505
216	989	0.1044452185029785
222	224	0.14502296780806387
229	519	0.11647356751352952
234	240	0.12059041133985882
236	244	0.11535390446464694
245	808	0.12307300691775891
245	874	0.11802591328703131
247	422	0.10961970067706389
248	312	0.17625479408957748
248	459	0.18125576074010816
248	743	0.160816590054365
254	477	0.11912429588075303
264	310	0.11589533167591182
265	398	0.12741111978363268
265	424	0.10356520022587609
265	440	0.10622266513382889
272	867	0.11639557955540707
275	315	0.10840482178169708
280	463	0.18694670589358672
284	314	0.10016068613571182
286	326	0.1330792335784602
289	676	0.11412815843850123
292	298	0.14465759613281048
295	582	0.10798610459409098
296	298	0.12297122593568453
296	310	0.1453339333865898
296	336	0.11707001793720548
301	327	0.1153242713732813
301	909	0.14458857049629656
307	828	0.10883930478835685
309	943	0.1203790946922049
312	991	0.11185879897343401
315	434	0.10724020297870172
315	490	0.11515011475593744
316	318	0.11081930556012619
318	397	0.10476574317600877
320	878	0.1761023388418615
326	685	0.13712973975402568
329	735	0.11934005817464882
332	423	0.10046206979810807
334	463	0.111982918394359
337	825	0.125650584444788
338	964	0.10115961523878002
348	423	0.13190989278252696
358	914	0.10860432305998909
360	374	0.15179911519190215
368	677	0.10871483091784859
369	743	0.10322482893442178
373	675	0.20340102287291006
386	394	0.15453866749702377
388	394	0.11712972436649453
391	429	0.10228066240124986
393	792	0.10748730743094546
394	458	0.11568671733870842
398	404	0.1008025281277639
398	647	0.10844577093984938
398	785	0.10642896267939414
400	443	0.12018756408489864
401	546	0.10381315999479684
404	871	0.1061683388680683
405	407	0.14441490179423935
408	867	0.16466832840245998
410	443	0.12544335276186827
410	647	0.10092700888685881
412	422	0.11078097299973423
416	422	0.1078098492191581
422	647	0.12460564357318628
436	438	0.11224599603282853
436	465	0.11517160512847935
441	457	0.13106526342210437
445	449	0.13941319939194535
447	449	0.17077890738834486
449	451	0.13888496842273498
462	468	0.11225563087111372
463	591	0.10273698836422865
465	852	0.1016331407452664
477	850	0.11667721028612915
485	998	0.11945812974005683
487	927	0.11211442302801446
501	617	0.1478017919283562
502	506	0.11794255177919322
515	519	0.13494286372040726
516	524	0.10855186272566468
519	525	0.23985366141421544
523	962	0.19903260529850467
536	978	0.11239666129750052
546	857	0.11938676785789186
551	744	0.1435645762200528
552	554	0.1355053654416202
552	560	0.1231684700755522
553	555	0.19155247914200058
570	574	0.13774814169591001
571	573	0.12689194195898174
573	575	0.17877679213272754
573	576	0.11029543342359524
580	884	0.10406290901668577
586	592	0.11072492102545865
589	664	0.11878002962223773
590	824	0.11096161693626344
593	875	0.15965567362333374
604	610	0.10434311313163153
606	608	0.1610597325004737
610	745	0.10032591131568376
611	867	0.11857372595451968
616	618	0.11129222539995222
617	796	0.10576451233815207
620	624	0.10236735665009658
625	627	0.10721386483026228
626	628	0.15816080230930016
634	664	0.10359260485484989
647	723	0.1109579090062883
650	763	0.12285721334823795
663	862	0.11228617231258335
665	913	0.12417908395377297
666	763	0.10082592156610243
669	836	0.10260625630566016
672	674	0.11185880153680992
704	847	0.10730097114332642
717	915	0.10264455257073339
722	734	0.10193087715299928
725	727	0.3015699864929825
757	893	0.1277578020888397
771	918	0.11386209085179873
773	814	0.10375016257418396
777	822	0.11346340574262997
796	798	0.1249175455485485
804	806	0.13148097224720345
805	807	0.23391425800471216
814	816	0.14731811388597538
814	930	0.10042140998215744
814	987	0.12930425771260387
816	949	0.1208856091049249
822	826	0.10590034171471814
824	949	0.10587615848914372
824	987	0.14360720707494182
843	868	0.11569792989383475
850	982	0.11708710896105894
851	975	0.1185786179246053
858	862	0.12513938183532566
865	868	0.15543903058734101
866	868	0.1370842721441376
887	942	0.19271859237804773
890	894	0.10379010064619464
891	910	0.10179278529727195
891	941	0.11951089795670841
893	895	0.15524166524971467
916	942	0.1584750833333561
934	936	0.1424996649363584
945	976	0.10469509999231554
960	980	0.13902533660631114
968	976	0.102895406193444
976	988	0.11701905180345708
