1	786	0.12397335687735783
2	72	0.12354592086914504
3	143	0.10528353618375107
3	698	0.1238881203257582
3	850	0.1062434022249836
3	995	0.12234186911356146
4	234	0.11180521935640299
5	298	0.1121516413643499
6	68	0.1063834142555704
6	549	0.11036057097603824
6	691	0.15365529291244198
7	99	0.10811229739655627
7	452	0.11107830597268065
7	778	0.10888327876865884
7	887	0.11067511707091157
8	48	0.10685209131469997
8	70	0.1506451441573737
9	349	0.15171349114635452
11	489	0.10020773826968349
11	754	0.11734187098891605
12	20	0.10520120830009566
13	286	0.11358639468432168
13	887	0.10929757538527587
13	993	0.11506820460853677
14	772	0.1495545902892345
15	353	0.13176624863044417
15	629	0.1074933060439256
17	459	0.1440793078700789
17	654	0.10004681093291684
17	984	0.17887087115602984
21	296	0.13923152549692663
21	538	0.10222687275590374
24	76	0.11340031176795606
29	178	0.12326823703896891
29	191	0.1519805063955625
30	34	0.1257470826844227
30	235	0.11951400668745374
30	437	0.12348198482007405
31	236	0.13455377077118827
31	284	0.13976139371355703
31	323	0.12099053297194368
32	141	0.12999356778419086
34	38	0.1413160864001665
34	589	0.10052753867392777
36	259	0.10758658886766341
37	331	0.36351252986245275
37	384	0.10039311170354874
40	714	0.11913780101479858
42	217	0.1093929150578625
42	437	0.12292103779144375
43	45	0.1925388853704091
43	786	0.10899156288027187
43	796	0.11502756847726749
45	617	0.12208761857725413
45	786	0.16014524848512932
45	794	0.10326017802072988
46	142	0.13390551930010355
47	84	0.11287461883943517
47	970	0.1133210631978294
49	77	0.10811090652326677
49	270	0.10659302771093364
49	569	0.10203214008572145
51	827	0.11086591929565538
53	235	0.10370063343786055
54	74	0.10422773388406328
54	515	0.12985132773456382
54	525	0.19974157377693239
56	229	0.12125200061230425
56	252	0.1077157521649843
56	517	0.10090176299751519
56	957	0.11404056610655973
58	108	0.10924409045901187
58	957	0.10701485782530701
59	69	0.11270972524079775
60	253	0.15185285396329662
61	240	0.1324998171100013
61	248	0.12903067605840327
61	306	0.11691058262422037
62	673	0.1428415193276305
63	955	0.12901216551619893
64	977	0.13883367800660254
66	772	0.10032162828115151
71	237	0.24259727026059696
71	905	0.12231331318584387
72	437	0.12711386438772013
73	143	0.11676869281009564
73	156	0.25333058197396785
73	220	0.14577990051483658
73	226	0.11118709604301315
74	197	0.17115937227991426
74	521	0.1245505435162605
74	693	0.1021948035469833
76	136	0.13875587628284608
76	571	0.10548718312703548
77	205	0.12070859832987518
77	387	0.11917312741794185
77	902	0.10490427078184157
79	83	0.14464465278993854
79	669	0.11209594638843892
79	733	0.11623285231183984
79	784	0.11903502273850887
79	816	0.11218321409342857
79	992	0.1194989382197612
80	480	0.10640055129123283
81	639	0.1127476497391761
81	808	0.1097557597141814
88	96	0.2964480971341006
89	406	0.10707339804687446
90	92	0.1545899120976875
90	96	0.214317115417927
90	98	0.2558299914273295
90	100	0.14836497589931327
90	106	0.1501786498919014
90	108	0.21464906062438874
91	546	0.1428659648624045
91	573	0.1372942281334648
91	814	0.1091171557953037
92	98	0.1295367884728089
92	970	0.10018896402470859
93	739	0.1090927768377835
93	778	0.1317005098698403
93	794	0.16577132235854675
94	98	0.30719488867287775
95	739	0.128004596841978
98	108	0.40955077374003923
98	515	0.1040957849829897
100	192	0.10537507356003772
102	104	0.20181192048554675
103	530	0.12817034803992813
104	106	0.17502032321308122
105	670	0.10248364594400965
106	108	0.334955952025323
109	125	0.11216528864217667
109	800	0.10549686968219113
110	652	0.17288029428490737
111	132	0.16851927746119438
112	139	0.11731160634337799
113	567	0.229004516552205
116	198	0.10899997638685686
117	245	0.10445344685718219
117	361	0.12904775604925317
117	465	0.12225793813320647
118	136	0.11570670599471494
119	484	0.11733366713157024
119	556	0.12256653253611288
119	604	0.19078374499047107
119	606	0.1082914781948301
120	124	0.11878557369437322
120	144	0.15848218122482152
122	133	0.11567540763231694
122	272	0.10923077580267399
123	669	0.1047257666000414
123	712	0.10359425813629942
123	755	0.1101561638494372
123	815	0.14753907705381128
124	143	0.14576516760971692
124	698	0.12101296291002425
124	797	0.11008861006189344
125	822	0.13456100122477915
126	198	0.12336717633212264
126	968	0.11295229037751625
127	301	0.1577923484924649
127	496	0.12746474727357285
127	733	0.2155243852273994
127	828	0.11671277833725421
127	830	0.10731232664240009
127	982	0.10106965672621163
128	130	0.24124152608513477
128	216	0.1640543635985658
128	391	0.12596710916880677
130	168	0.11564444130649627
130	491	0.11130685905278542
131	421	0.1103796008080323
132	432	0.12312985409349494
132	440	0.13825070218536048
133	515	0.15030711935132182
134	603	0.11833371252977164
136	138	0.10507998588103451
136	143	0.17377504211247302
136	180	0.1004574751089474
136	976	0.11838721802008076
137	853	0.10067032596529275
138	268	0.11239123953440164
138	784	0.12326676869598467
139	194	0.10372589660922032
140	221	0.10721149298228708
141	588	0.10197471356129366
142	156	0.10248417460144624
143	200	0.12503597579322512
143	206	0.11283387295724126
146	174	0.16414981350069277
148	150	0.14826379139801024
148	747	0.10788256239512511
148	783	0.10144267112438195
149	652	0.10141825063903623
150	335	0.10261888916654635
150	989	0.11521974605780597
151	361	0.1183468803096082
151	909	0.11747373743796242
152	158	0.14365521385034957
152	769	0.10498739594240966
152	847	0.10035687232030235
154	428	0.10231967014808911
154	480	0.112937531528218
154	695	0.11288196986265371
155	321	0.10476243435457885
155	575	0.10632119712360795
155	967	0.1033599500792683
160	599	0.11432913121575602
161	625	0.11008826676008014
161	954	0.11365673392453637
161	996	0.1358578555953158
164	170	0.18610038961802508
164	174	0.156806493954094
164	491	0.11812072527176902
164	936	0.11718618598841596
164	989	0.13948151395805383
166	180	0.1265031684652759
168	200	0.10682325438629389
169	452	0.10898343185094579
170	214	0.12309099408811468
171	596	0.12068657336855602
172	174	0.11042131271548154
172	176	0.12839130718916295
172	200	0.10658007621369574
172	491	0.10225539003498572
174	176	0.1425292120569233
174	373	0.13839760197036688
174	667	0.10740877009373481
177	415	0.10304533194089494
178	197	0.14976120980219612
180	220	0.10443695092412901
180	517	0.10371102211745464
180	585	0.10186650628514167
181	815	0.1034722091222364
183	329	0.10407678900392602
184	321	0.16623498891159696
184	927	0.14157965617304374
185	225	0.1029477432540914
186	188	0.11249440133474715
186	194	0.17718577150032253
186	198	0.17337590870909905
186	200	0.1301627947444764
186	510	0.10967363291989558
186	747	0.1078399873062384
188	194	0.13879588089580316
188	200	0.13684555855992753
188	206	0.12309246995815314
189	842	0.20915505717406946
192	491	0.1463286995812815
193	197	0.3480910736611251
194	196	0.12318553807273239
194	198	0.1335010814420106
194	200	0.1182095724609326
195	335	0.10226867777570324
195	964	0.10317998379738844
196	198	0.12590432616969344
196	202	0.11107615741656024
198	224	0.10429283705510237
198	491	0.17827496673877247
199	649	0.1096140680948892
199	896	0.12615184849067373
199	943	0.10875282630968783
200	491	0.10030811105821086
200	771	0.12974451133340828
200	809	0.11350637905215541
201	207	0.10878286359070308
201	816	0.10091121797879074
201	909	0.11479165771067763
203	327	0.10278844287855189
203	995	0.10233167715634692
206	907	0.10939402459173996
207	434	0.14766791235861257
207	578	0.10920260693524775
208	653	0.19376855060579026
210	664	0.10187289571794753
212	497	0.15117770057083058
212	603	0.1114126393514541
216	969	0.1054362905678948
217	395	0.10400061609043233
218	353	0.12687422146594154
219	966	0.14682854667500234
222	887	0.10408886779135348
223	225	0.1760835784280435
230	306	0.13126278211877634
232	719	0.1291003463779696
233	619	0.10850243149289412
235	387	0.10557070204725078
235	817	0.14391135008907588
236	991	0.11642761959427145
237	527	0.10206156892234443
238	242	0.1285151103248656
239	937	0.10450169387231012
240	248	0.1380027626853371
240	944	0.1230908689476841
242	246	0.12253525530493234
244	248	0.1553042813378832
245	617	0.10760497761027049
245	949	0.10673677154754063
247	978	0.1099386785898446
248	278	0.10271294643185033
248	306	0.11344926043979102
248	693	0.10398771163279777
250	340	0.10078128043703255
250	966	0.10231781944740696
251	572	0.12283987708616692
252	889	0.10565009996812326
254	323	0.1484210811205465
255	995	0.10142152977158389
257	513	0.11368844532434821
257	733	0.1064777736396382
258	316	0.10070837902947694
259	370	0.12256741520713393
259	567	0.10062135451637888
259	593	0.10128647432823719
259	712	0.11430512329871113
259	875	0.10970002211891612
262	310	0.11194794739380486
262	323	0.1992731918673216
262	334	0.1219437630238304
262	356	0.11076824137446888
262	360	0.11649205500544176
262	535	0.1570428710083806
262	537	0.12168916556174182
262	633	0.1454827281797633
264	268	0.17477479310312816
264	340	0.10379588638147132
264	359	0.14173605934377242
264	972	0.12065156687920738
265	487	0.13708479715229965
266	292	0.1117053312354674
266	724	0.10958999641844801
266	726	0.10061609727764458
267	496	0.11171101958793535
268	342	0.10822174088778092
268	693	0.1115251202878845
268	855	0.12520383029203447
268	889	0.10277126227495403
269	271	0.10199626090786847
269	595	0.2795780849685585
269	921	0.10623321060438853
270	370	0.10609685396120229
270	422	0.14378855077783703
270	978	0.1086707810635022
271	299	0.13186924828447813
272	298	0.10759891169952095
272	304	0.1676589441395718
272	889	0.10706972117672846
272	961	0.10739891373691393
273	690	0.10502034775345277
275	404	0.1510309680916021
275	657	0.17940531564556642
277	841	0.10107365831923343
278	434	0.10381727819511255
279	379	0.13049037927987012
280	320	0.10256962218416633
281	897	0.10717149280453028
282	316	0.16225630408142488
283	290	0.13592082930654
283	296	0.13831944360712972
283	336	0.13032268481239384
283	397	0.2608761054605238
283	679	0.1008699748631442
283	705	0.13834461900441722
283	727	0.1123337296417423
284	330	0.13317561123786933
285	511	0.11197628757300168
286	344	0.16353258850867367
286	677	0.1010608530757755
286	889	0.10106606541029178
288	316	0.1009540405952741
289	634	0.1348468439815423
290	292	0.19845332694582363
290	294	0.11733326102501704
290	904	0.14663224196615174
291	836	0.11122622615200807
294	330	0.11377706146796387
294	961	0.11242463911661812
295	673	0.12767011796945768
296	306	0.14267889574842996
296	326	0.10309123457098021
296	336	0.14430599682587397
296	342	0.11187113724679218
296	378	0.10010348170217676
297	890	0.1771887737747671
298	334	0.11647008717631403
298	345	0.10315375191783369
298	658	0.11712571142554966
298	725	0.11065592544634785
299	729	0.11931949982364087
299	830	0.1121000372684971
299	949	0.11555824076471413
300	329	0.10470474447917037
300	677	0.13891948058711462
301	675	0.10537788056106322
301	812	0.10728937546672479
301	909	0.1016731682193697
302	685	0.11054886164795899
302	991	0.15799378398607858
304	322	0.13991527103167734
307	830	0.12123016214197786
310	326	0.13396563814481163
310	633	0.10014606190941254
311	893	0.10789749825424051
311	941	0.12091544966097369
312	991	0.1762960791350137
313	458	0.21037424471408206
313	495	0.11288123435290572
316	320	0.1825220715164194
317	793	0.1225184821617616
317	990	0.1485513132633354
318	320	0.1187088585040052
318	322	0.12501215663920764
319	677	0.1318747873448614
319	855	0.11803341540285912
319	960	0.14168660411168682
319	974	0.10162221432303463
319	982	0.1072109625116888
320	362	0.10878884207121282
320	836	0.11024999940229595
321	823	0.10268961833216038
323	326	0.106801685496819
323	460	0.13110190597530788
323	633	0.12140679549711461
326	991	0.13186700669302584
327	669	0.10141429627833144
327	814	0.10913488795847871
327	826	0.1127495643832154
328	330	0.10508078598173831
328	348	0.12680073575549397
329	344	0.10349106434516452
329	345	0.10818517516580273
329	385	0.10254520831796371
329	463	0.1374538371212374
329	963	0.1046801724974626
330	373	0.10154996308565312
330	743	0.11096115442606434
332	344	0.10979222614989774
332	541	0.1049491324433968
334	345	0.1696080025162151
338	342	0.14023750687219336
338	481	0.10698399340486217
338	893	0.10954949388056973
342	344	0.11193568102420409
343	532	0.1166946546509789
345	463	0.19343901429011873
345	534	0.10216688457703132
348	370	0.10297615749525402
349	489	0.21815104767165944
349	648	0.1113558558906789
351	613	0.12090781900952866
352	528	0.10902660476941743
356	368	0.11143731713985741
356	374	0.10721468418233794
356	877	0.11158725053645627
358	486	0.10869845910310028
358	547	0.10543409513760647
359	418	0.10456640767737742
359	716	0.11790914704696592
361	404	0.11207281983642917
361	879	0.10528245794412763
363	368	0.12047368681405779
363	816	0.10014163274532845
363	907	0.12753649050509847
365	541	0.13141412647489548
366	550	0.10984378442716057
367	652	0.11394478503979308
367	849	0.12698692889970647
370	819	0.11171868265308761
371	409	0.1038807737391963
371	575	0.10426346128362092
372	672	0.1435918060502068
373	397	0.10897157096330004
373	401	0.10756913237084997
373	535	0.12161876714614922
373	675	0.2865168820730777
374	991	0.11396818233286597
376	736	0.12411753715169484
378	771	0.11220600556710054
379	938	0.11038766229508003
381	978	0.12562563038990565
383	574	0.10679293783442592
383	902	0.10328403108623854
384	388	0.1772594770202412
386	390	0.10438830412879453
386	392	0.2109488821120351
388	390	0.15587327642569593
388	394	0.18953619221709947
389	429	0.127961973603694
389	603	0.12418050712772422
389	968	0.1842535752562936
390	394	0.13221262830312042
398	402	0.10274352766466109
398	406	0.2172605448497318
398	414	0.10158790285951379
398	474	0.1938459016658616
398	478	0.10744591033351403
398	603	0.1414383194059516
398	625	0.20341892135389797
400	577	0.10620163714674662
400	839	0.13954729368437443
402	406	0.11695877888337207
402	647	0.12779707879654076
402	867	0.16298989884841159
404	422	0.10475704442055467
404	438	0.1214402467469452
404	852	0.1347016745401021
404	976	0.1301463935101464
406	422	0.11046806443964301
406	495	0.1355711377577723
406	797	0.11196283075223902
406	822	0.12407596087080523
406	871	0.16039696932157313
409	798	0.13250703844559236
410	412	0.1859880818605399
410	465	0.10399937892847261
410	711	0.10317282588741146
410	839	0.13070198016431528
410	864	0.19872337280764402
412	647	0.10635982419919636
412	679	0.12576722962039502
412	864	0.13583543990576696
412	904	0.10427905687960469
412	974	0.10504586059346033
414	420	0.10595450156438692
414	839	0.11358001216456537
416	679	0.12577380451369688
418	657	0.11992294436900021
419	908	0.21525221365864453
420	465	0.19861163784659291
421	495	0.10400273152121454
421	958	0.10950325169356392
422	657	0.10993709031872594
424	797	0.11682109239745044
425	952	0.11505471092150031
425	972	0.11526005719641523
428	639	0.11094906691580587
430	468	0.113007539534641
432	866	0.10002267319842228
433	718	0.14903506100492536
433	736	0.1169123803145514
433	951	0.1211658551794926
434	797	0.10278298961556782
436	438	0.1520870440715276
438	693	0.1017172496017874
441	956	0.12065230908184273
444	446	0.14606476185781053
444	448	0.16696445850855204
447	451	0.24333716868532318
448	450	0.22695651430363248
449	451	0.27742068880419024
456	679	0.13683506563552544
457	956	0.11424420739111785
459	960	0.18086435762940495
460	462	0.1584047181333763
460	468	0.1081698627183709
461	953	0.13679615213465174
463	723	0.12009779356754727
464	472	0.1386752549265198
464	797	0.10624293445403228
465	955	0.1225730006372308
466	634	0.10288839637448412
466	848	0.15897962407886915
466	953	0.10387407244452043
468	488	0.119295188999573
469	953	0.1282211097339091
471	766	0.1008552768719838
474	630	0.11453829905123764
476	482	0.1172632623722013
477	843	0.11110565573174956
477	844	0.10585300830459511
478	482	0.11755347725197417
481	621	0.10205903266314022
481	627	0.11154273954426332
484	487	0.15281480372315384
485	970	0.10662504849457688
486	547	0.1450099795854779
487	815	0.11400359987064941
491	593	0.11141883732575338
493	518	0.10823887143427496
493	525	0.17766990657420975
493	615	0.11191091274515817
495	603	0.14973694268467663
495	657	0.10961449567699576
496	545	0.12515435333430977
496	723	0.12719896989986312
502	504	0.20774384739444313
503	675	0.10451022925352806
503	926	0.13014731587789008
508	591	0.11571073334972913
510	518	0.10264933512976677
512	538	0.10724729178005722
513	773	0.10166434153976474
514	520	0.3568372430822106
515	519	0.2038326779668333
515	985	0.1489668325776176
516	524	0.23821408004477226
516	526	0.10543166660093423
517	772	0.11755961310472215
518	873	0.10040479676579384
519	525	0.20511640111788876
519	805	0.10479502358180871
520	524	0.11512264430765207
520	548	0.14211664988830522
520	760	0.14670917675920697
521	525	0.16703547242167963
521	607	0.10087306542252901
522	524	0.11880872522791248
523	761	0.1364766325325441
523	962	0.2470068942155187
524	526	0.16268727435228636
525	772	0.18519337100761668
525	985	0.15754553001675475
528	669	0.10639022103803544
530	536	0.10516761576120005
530	768	0.10321115480646123
533	860	0.13997370349866037
535	675	0.11749050115198947
536	674	0.109510076538744
537	895	0.10468832029565826
537	976	0.14572648100714775
540	588	0.10165506425181758
541	990	0.10112261239667306
543	889	0.102696332464256
546	800	0.11267630255288359
548	799	0.11524900306488031
551	744	0.1711961350651732
552	602	0.10698198759717736
553	555	0.19965054788674566
553	821	0.11222335059894704
554	556	0.1287954931394234
554	602	0.11165621875233399
557	790	0.12015393638655075
557	812	0.11208979107754162
558	560	0.10227684300905693
558	590	0.17003993510466547
558	608	0.10475427185454195
560	592	0.1448874312140241
564	594	0.10404699274478195
565	572	0.11676900958324295
565	817	0.10390562282733762
566	923	0.10933097398748663
567	623	0.10158636670228552
568	584	0.10886710127285686
568	606	0.10398506717185746
569	613	0.19600583153236845
570	572	0.20761483692459162
570	574	0.24345830092275622
570	577	0.11225133884985529
570	704	0.12503449387255486
571	573	0.18534473385241074
572	751	0.18259048469546535
572	919	0.1366306897768686
573	648	0.11481911111962564
574	663	0.10361792757682926
575	739	0.1257554843677292
575	972	0.11127017489997516
576	665	0.10268716087299803
580	870	0.10433392573020159
583	744	0.23993963395221318
585	587	0.1249867348042309
585	593	0.15103397670274504
586	592	0.10799752632918262
586	608	0.10163847087158324
589	773	0.10281052042336691
589	914	0.11604646500400821
592	907	0.11327508038228487
593	649	0.11302167064664288
593	875	0.17560230116900433
597	611	0.10547324143465991
597	627	0.10126309356183258
597	879	0.11175836860618794
598	646	0.14247347956935938
603	657	0.10311170412422022
603	728	0.11867130998992284
603	946	0.10424675916382135
606	650	0.10663850082001938
607	609	0.1045060825172253
608	610	0.17614490229376864
610	668	0.10940953444487164
610	787	0.11056430883821454
617	788	0.1308394375261811
620	622	0.16911415097037338
620	656	0.10664375743009515
621	625	0.1978286199645649
621	881	0.11244311598538545
622	626	0.10783617177729836
623	627	0.1355223878128344
623	899	0.13947846519520202
625	992	0.10255907553234833
626	628	0.1739244003476275
627	976	0.12266320127309444
630	979	0.1316657508927892
632	676	0.10908516029219997
633	657	0.12010565529767776
638	803	0.1630230398699719
640	847	0.11248869399362726
644	654	0.10954194239944509
644	843	0.1530756821777043
650	654	0.22291941705282492
652	654	0.3019429895781463
652	662	0.10615820588334614
654	656	0.12279054121141851
654	679	0.10772124167453662
662	664	0.1023858858740293
669	812	0.14257306523939506
671	785	0.11828236898543382
675	987	0.14769967315836716
681	862	0.10725073107614429
682	726	0.11334639595528513
683	886	0.10203125691670592
684	904	0.11208812515246934
685	995	0.14328803035916876
687	825	0.12994190539270106
688	956	0.10637368098506916
690	844	0.18006885809091583
692	914	0.12329973090496944
693	877	0.10021879487262532
694	698	0.10005910526411677
696	728	0.10677590716249732
697	772	0.10274383121655471
698	700	0.1232838757071902
698	967	0.12624878089755603
699	751	0.1028445002047205
700	858	0.11794385560483055
705	789	0.12561703853077302
705	910	0.10021274333632813
705	992	0.1027732567358518
708	981	0.1316883809469924
710	712	0.13280735923833636
710	920	0.14198430607340437
712	718	0.10028771068348993
714	716	0.17901353702613987
715	882	0.10846073939253316
716	922	0.10082128370206724
718	734	0.10319669868274449
724	728	0.12197519582427521
728	732	0.10814325343899081
739	844	0.16728241305991676
741	761	0.1244503206370729
741	964	0.12166718305647489
741	970	0.11970730609085455
745	780	0.1007758653511837
747	799	0.10068093314349141
749	798	0.12282399140131972
751	919	0.11433974440900042
761	984	0.10203961855091276
762	790	0.11846315205195183
767	810	0.1496864151651216
775	935	0.10347079832654293
775	982	0.10230226633759318
778	794	0.13884866241379942
778	964	0.1133951245247625
782	816	0.10303136467289212
782	824	0.10810221603607398
783	790	0.10750012771621376
783	843	0.12737914541356726
783	931	0.10256429777827127
792	796	0.11077633181544243
795	976	0.13004369007833055
796	822	0.12078812187358033
798	895	0.10144160853463913
802	824	0.10686373295531917
804	806	0.33685186612897305
812	909	0.1563315090508451
814	889	0.10292089862553518
816	949	0.19216754047413567
818	821	0.10435534030308026
823	898	0.1770913634018402
826	828	0.17955919523674085
834	853	0.14530241475285613
835	993	0.24404091431617303
843	862	0.11209614308485218
843	868	0.14046330938336002
850	852	0.15299455007788923
850	945	0.1079836760729552
855	956	0.1021856334923831
855	982	0.13025985093856282
856	937	0.12855149545479527
858	860	0.10396568318161856
876	880	0.10017861013339031
879	917	0.12402996038577341
887	942	0.13296794901132095
891	893	0.17307686791917634
891	895	0.2584885177920903
891	910	0.10082002626546423
891	941	0.18312016621634217
896	933	0.13733209671138785
900	968	0.11916562942027024
904	942	0.11193423398960668
908	910	0.1060341063556572
909	949	0.10328082099078874
910	924	0.10105411902817343
910	941	0.10687980318023453
910	992	0.1142793953599893
918	926	0.11567017756029303
940	941	0.13041424686365272
942	992	0.1123756021910421
945	974	0.16320928881929753
950	952	0.14864906035086767
951	953	0.16335475531522767
954	960	0.10156558991494619
954	996	0.10784561115760098
956	960	0.10013013356839216
956	988	0.11858919392007182
960	980	0.10644266666753067
966	972	0.11452972697772068
968	974	0.1287821191444497
976	982	0.11490350954356678
980	984	0.16553434427016275
980	992	0.10078831663995373
