0	4	0.12296833621974264
0	72	0.12907129012025137
1	97	0.1275155463647595
2	691	0.13551369890157053
3	377	0.11269027101888321
4	691	0.10997536875193897
7	581	0.10682332600476509
10	422	0.11093246093170568
14	657	0.12446775930964903
16	917	0.1010829272594614
17	956	0.14151052518550758
20	74	0.11182421021001647
20	255	0.18136776057612417
20	906	0.11849833517989125
23	759	0.10397734105583534
28	44	0.14178954932582874
30	32	0.12717910019858286
31	652	0.15269066506472756
31	877	0.1070865247856191
33	957	0.10994289719650334
34	38	0.10880116569897397
37	331	0.1547774647082223
38	40	0.10327880972969625
40	141	0.11935119950898054
43	91	0.11258580866619196
43	792	0.11789578700312003
44	48	0.11956381639455492
45	127	0.11700721133405818
45	697	0.11183178081855696
48	68	0.10199990802955554
49	613	0.10497347940876221
50	611	0.10024234153895277
51	981	0.1222189092502742
54	517	0.20435493919814202
58	339	0.12190680904240095
59	619	0.11671328100641831
59	793	0.17428576653383812
60	427	0.16492429733228622
61	234	0.11739180630861366
61	340	0.1125966842249746
63	213	0.10179693556673355
68	70	0.19605481837081454
69	445	0.1322366453451773
71	804	0.10644490018117599
72	977	0.10049215390711931
73	186	0.1175734731852612
74	223	0.10404230261834249
76	466	0.12957458282538564
79	481	0.10867077816312413
79	786	0.11316835240560993
79	826	0.10152962760033175
83	182	0.10737442060775887
83	846	0.1098670974701351
84	86	0.16013153914278092
88	92	0.10367095480650437
88	100	0.1540289744326153
90	92	0.16500650835937322
90	102	0.1389130708750419
96	98	0.15435427725741016
96	104	0.1774779953761602
97	347	0.1520700962630327
100	108	0.17989387162665815
103	343	0.10910531575123218
104	106	0.2959144775895725
106	108	0.14509603425050127
109	800	0.1090964929246756
110	873	0.12294010000797492
110	977	0.11738753504391645
112	200	0.10700297763266407
115	688	0.12098010523884235
115	708	0.10623237123868419
119	608	0.12082509610810618
120	667	0.12094121266667075
121	323	0.12406864919844468
121	333	0.13068210860803364
122	573	0.10160604950825929
125	127	0.19644784659432765
125	814	0.11160857717974698
127	733	0.12488448821023755
129	131	0.11821177301681778
130	228	0.10705739553781128
130	603	0.10252124573599992
131	251	0.1162559001609651
132	420	0.15834221864350345
132	436	0.15221034189873667
132	438	0.1394034484892686
132	468	0.12692451025585283
138	268	0.1373176818282322
138	747	0.11521518101671595
139	198	0.15886108249664868
140	875	0.16968972171415647
141	998	0.11560189189679311
143	982	0.12180084577565271
146	150	0.11459723581011451
146	174	0.13803220070150432
146	406	0.13209822404299662
147	806	0.11724860982943636
147	819	0.10731794995053735
149	461	0.10740700406923177
149	632	0.11082503448135189
150	170	0.1004863346031267
151	224	0.10104322910542597
152	557	0.1066075938149589
155	259	0.10748651605767252
158	989	0.10112033882931332
162	198	0.11098509376462619
164	740	0.10670665614805813
167	804	0.11792920729981257
168	196	0.11899894018805128
168	200	0.10315943946653179
170	799	0.12120093063105015
172	186	0.10128140460698618
173	943	0.12994852613688737
174	188	0.1297281172339197
174	588	0.1062050822937049
176	802	0.10661617461553363
178	191	0.1652507958579563
178	197	0.1118297599104435
181	625	0.10275619301683907
182	751	0.1159126842081403
183	298	0.11184957434852134
183	324	0.1112352709968904
184	401	0.1324881787527632
184	927	0.11142875831905226
185	206	0.10223673451986184
188	363	0.10362900286786275
189	972	0.13260754496190347
190	197	0.10592056141000333
191	197	0.2106504305322098
191	370	0.10787562406406395
194	196	0.12310544858154336
194	491	0.10699234986616515
195	899	0.13397894171170124
196	491	0.17375886156549453
198	491	0.14711527847812242
201	301	0.1627193631738768
201	657	0.10274188966624942
201	814	0.12451747790002664
206	216	0.13570147960885723
207	792	0.11483770314586714
209	975	0.10277647240746714
212	497	0.2044200322869838
212	653	0.10073788550389796
213	215	0.11288274231989781
215	646	0.10315736775917553
216	497	0.11152683930892632
232	949	0.10498645056498501
234	991	0.12926189468250696
235	914	0.13185256884666896
239	856	0.1149326028473887
245	599	0.1169338206989899
248	330	0.10352219548756271
249	920	0.14296654572244452
250	296	0.1067963042652736
250	336	0.10544169841818783
253	383	0.10171052038623869
254	423	0.1252847830506751
256	258	0.23631117172770827
257	930	0.1039427914587762
261	937	0.10763845743877999
262	264	0.2148408624861555
262	972	0.11318097618037243
264	889	0.12963722166936462
265	460	0.11531079067330192
265	484	0.15166769476118266
266	368	0.1283456683947525
268	889	0.145746776572067
270	673	0.11542348780764312
272	889	0.1536283932619142
273	627	0.11474773401193798
273	988	0.10763648981958256
275	711	0.12613374524380414
276	292	0.14029632071280382
276	364	0.15020669867544148
276	643	0.1135650980538161
276	910	0.11058391694500083
283	290	0.1420610258250755
283	328	0.10188924071719381
283	630	0.10618631729444493
284	314	0.13785321186438745
288	308	0.10014320371437223
288	685	0.1290996278778904
290	292	0.17813479961943687
292	294	0.1544493562503823
296	304	0.10893549361803043
296	423	0.10069549049663364
296	677	0.11011764705222166
299	507	0.11412301296236564
299	617	0.10014924292499325
299	733	0.1390357728784092
300	963	0.19395160445440612
301	327	0.1405257344965174
302	310	0.13064293665852883
307	790	0.1275132115914887
310	312	0.13719041839521812
310	329	0.1350950834860574
312	743	0.11329538683215214
313	458	0.15616162237416673
315	414	0.10696188728601475
315	434	0.19186193632064824
315	916	0.13166538558259636
316	324	0.11292225512725523
318	889	0.10566451520381234
318	958	0.13928224561954586
319	956	0.10992983933837125
321	834	0.13016455771553923
323	340	0.10344540823356543
324	567	0.11797950988242493
325	552	0.20611412984826036
326	995	0.1093761998332906
336	344	0.11418560976321163
336	593	0.10766440421041026
343	530	0.10793602053001465
345	723	0.12081697998268726
348	887	0.10794831705105838
353	497	0.18493932779503577
353	655	0.11981379828421063
353	835	0.14019932655086523
357	484	0.10516870723900353
359	370	0.11779977393946275
361	751	0.12325003685595619
361	959	0.11733929928269268
367	745	0.12751786475559285
368	423	0.12364335094007492
368	468	0.135093736054139
371	853	0.10708314701330666
372	672	0.10760195008004621
373	987	0.10117200510552898
374	677	0.16012006712405127
379	821	0.13167432890203704
386	394	0.13503436495051274
388	390	0.21271263591288023
389	391	0.16444194607872023
390	392	0.16641835893613352
390	488	0.11822970628751714
391	393	0.12614666492865834
391	968	0.10396898297584867
393	909	0.1159754664868927
396	465	0.12823944582534227
397	729	0.10750134534115476
400	402	0.13286046714580488
400	414	0.10737855879708742
400	474	0.10743978871625558
400	495	0.11785317769992064
401	502	0.13559856144089563
404	723	0.10559752648798759
404	822	0.11657807952145567
406	647	0.10160307027353102
406	871	0.1510841960276404
408	864	0.19885601351686139
410	416	0.11978091945375909
411	994	0.11316422195038534
412	867	0.10018678112422559
414	495	0.1413183642332023
416	420	0.1171341021900082
416	422	0.179479553580334
426	883	0.10608434863513055
433	756	0.11335330194118307
436	468	0.15103867093926013
436	693	0.10306449968003742
438	488	0.1797458818183466
438	693	0.12895774108077496
441	457	0.12311086143575416
444	450	0.16372805991408262
445	447	0.2668660663925968
445	449	0.24322181287844805
446	448	0.18254773842329183
451	460	0.1084981196621968
451	591	0.11595351784677409
452	841	0.10863660329281066
456	946	0.12506941855056372
457	956	0.10179077388797352
457	972	0.16999557027119164
457	988	0.18059668228011616
459	960	0.2876238344667539
465	573	0.11603828353923494
466	468	0.11956197577304808
466	470	0.10319402258818053
468	470	0.11850393312994921
468	647	0.1212380344688123
468	666	0.101804603075287
469	516	0.12930169130770686
470	818	0.1042638771840773
472	938	0.11121935989472419
481	833	0.120396168438619
485	935	0.11265490190654191
502	836	0.11642146003380259
503	926	0.13491463964179842
514	518	0.1791119015912719
514	879	0.14679946501474136
515	517	0.10428366883194348
515	841	0.10114257903047506
518	538	0.12374867577904515
519	521	0.1656727027595429
519	841	0.1112435995664001
520	524	0.19741915190377496
520	544	0.1460388858859602
523	962	0.12687914175080897
526	905	0.14348119138822724
533	852	0.13310879704907927
537	974	0.11859875375571172
546	573	0.16603180233566203
552	554	0.10052469032963761
552	558	0.13418551792405484
553	555	0.13335892620068523
557	796	0.12459460470950166
557	828	0.10416196670063939
558	560	0.281371939579517
569	630	0.11001155816105307
570	577	0.12218635133316041
570	704	0.16102651897121703
571	575	0.2966996948787953
573	705	0.13136889595463017
582	971	0.10136083631932719
584	604	0.10001746238358988
586	604	0.10821821865349565
587	873	0.10093567692081244
591	799	0.1580809005592234
593	873	0.1538811394847331
593	875	0.12755435724660766
599	808	0.11729491915954027
603	632	0.14196680186414395
604	610	0.2375195715461996
606	610	0.10366024793611393
606	908	0.1899646971714404
608	699	0.11420370985058229
616	618	0.16138071802495044
617	821	0.11155553982391096
620	624	0.17954011132378847
621	627	0.14499417083006186
622	626	0.12974536958175278
623	627	0.11337898934076689
626	628	0.13221985821367357
627	988	0.11388352806531431
630	632	0.12470771718249735
632	642	0.10843355851037224
635	964	0.11462510207556507
640	847	0.16094061224825962
644	790	0.1169590730148961
647	987	0.11002141738446723
649	724	0.1485098815672557
650	763	0.10427313106880672
652	654	0.27540519259718366
652	656	0.13921680890512417
662	666	0.10977809131799632
662	819	0.10671361504532458
662	998	0.11921466137257411
669	796	0.11862670572638417
669	949	0.15521075705218226
669	987	0.10518145796954997
671	998	0.10073950827826382
672	674	0.1001899256771867
672	793	0.11452154179434079
687	782	0.12115492445328041
688	908	0.10055966006547903
694	696	0.1433081833875744
705	857	0.13376780486876913
710	920	0.15574960491231996
723	858	0.1241699864589166
724	726	0.11380317521051486
724	771	0.11252116138692098
725	727	0.260125977026937
730	732	0.14852877256440739
757	861	0.11182565576078031
757	943	0.17316299821544556
785	887	0.15982586111562724
791	793	0.14462131758541436
792	895	0.1030383252016591
803	820	0.10137868986841737
804	806	0.24668843745952448
805	841	0.13904188738302414
814	816	0.13008045483032635
816	818	0.10267149451223487
819	955	0.12166386676808545
821	987	0.1012867319475708
823	898	0.16468702791955722
826	949	0.11024169995271205
834	836	0.13734855239863084
839	988	0.10856786022831012
840	886	0.18943663818559758
845	857	0.13985446638879726
862	884	0.10862748650913005
863	989	0.11095698367887254
866	868	0.2671965525481061
880	882	0.12157081049670107
891	910	0.11387317027066597
892	894	0.1605327172748096
893	895	0.1374636607191457
895	941	0.18877957605402096
908	914	0.12150388351364318
945	974	0.10050291330095847
946	948	0.1006277602844568
948	984	0.16588636182711752
954	980	0.10342048913405609
956	978	0.14511716911129885
966	968	0.11481286939031173
972	974	0.16365134735672213
