9	349	0.1143659114845943
14	657	0.14352550181524729
17	195	0.10259232872693866
20	942	0.10960765151494993
35	331	0.23917013275310822
39	549	0.11672350216103486
61	244	0.11420378055990432
68	70	0.18279016330549389
68	72	0.11535900169162402
78	80	0.14158117401299514
79	81	0.11747510876043071
81	83	0.1795210931220608
88	92	0.19948567578316143
88	106	0.10427919739680293
90	92	0.14685247448060568
90	104	0.20002807876564696
92	108	0.16655585902943226
94	104	0.23164159993789035
98	104	0.21706423289197677
98	106	0.20904845756613177
98	108	0.18124148503990134
100	104	0.1830590331292085
100	108	0.24513116900620768
102	106	0.18738228453883204
111	432	0.10017667211953334
117	267	0.1023832467112768
119	610	0.11008820934511683
123	125	0.15524459673038168
130	491	0.10335306635300863
133	134	0.13507318754805037
134	404	0.1278609934604614
139	649	0.10372020658269034
150	436	0.12479001206515805
151	839	0.12311535458074901
152	158	0.159363363986902
164	174	0.10244370175989964
172	186	0.11510719241758942
172	953	0.10174726286443816
177	450	0.10657474178484086
184	834	0.1346975932008998
199	943	0.1255392568469004
201	814	0.11949346160336506
203	463	0.1603751332020381
205	902	0.10896729824241108
206	353	0.14189360246117472
212	214	0.12963406945846956
220	655	0.13141816624325264
236	743	0.12471819380059185
242	244	0.13368374075872913
245	818	0.11199551875980013
248	459	0.10044497471805772
250	356	0.10545064219297962
255	805	0.10250263236629523
257	259	0.11972579467237403
261	474	0.1067336533133581
262	298	0.1050078075836626
266	270	0.10363901959086474
275	442	0.15454600426008364
290	294	0.11108714714459292
296	326	0.1397753157719492
301	987	0.10303445248013017
312	963	0.14302450219895085
314	543	0.11201156772315655
315	434	0.11175060447864724
320	397	0.10845782340666767
338	675	0.10817715210237158
340	342	0.2214809798205701
372	674	0.10672089303565951
384	392	0.1596504266365725
402	603	0.10420202077098176
405	407	0.12513121128339447
408	495	0.1057753958801316
417	975	0.11011296939590771
436	438	0.12465200926696687
444	446	0.1958191710065151
445	451	0.2541462406099221
454	766	0.1236677736298878
457	956	0.1193458600501611
459	980	0.11262698585846279
462	464	0.1845784724586931
466	848	0.18553164245095702
481	741	0.10999324583327373
492	494	0.11532609227919546
514	518	0.4030897473325975
514	520	0.1722153027371143
515	519	0.14668215232104265
515	521	0.1031717734497575
515	807	0.12474627241948215
516	518	0.3199460578444049
551	744	0.1258029337244598
552	602	0.11653095582294522
556	558	0.186255453835391
559	561	0.20499520898060114
561	899	0.15971750918987052
575	705	0.11446526490132895
575	739	0.1134198197792782
577	588	0.11342366254585756
608	610	0.19101613689578614
611	900	0.10934278042464685
620	628	0.14267351313846202
622	624	0.12223008577133722
624	628	0.11354838397682317
626	628	0.13508612888176308
630	655	0.10384723949970891
678	884	0.110344252927804
730	736	0.12826983388967048
733	909	0.11110922457361344
749	834	0.11018792510100167
770	774	0.11628661162461545
780	802	0.10089058060008173
812	828	0.1066448824935343
816	818	0.12248040483699592
839	896	0.10119326070158868
842	872	0.11376645207496196
862	880	0.10613161405924096
893	941	0.1177126629587511
956	988	0.12157910340241555
974	982	0.11717897802760566
