0	4	0.14796566134180245
0	437	0.12498398359772493
0	549	0.13566477818321124
1	387	0.16453793375797165
1	829	0.10455728627807255
2	6	0.1307910347171971
2	236	0.10133080962837718
2	554	0.10222728701133107
2	651	0.12223968368197162
3	71	0.12562777229270938
5	219	0.12305107833152881
5	274	0.15742892815735463
5	320	0.1060679740692373
5	387	0.1022684602661359
5	633	0.10861005323322202
5	963	0.11245801856740696
7	71	0.11454157064079748
7	452	0.17247140550551285
7	481	0.15228348263463223
7	573	0.10545966013972771
7	576	0.10329128384509303
7	595	0.12670207274950399
7	839	0.10282821522915206
8	39	0.1005831304976207
9	32	0.11498748967975515
10	28	0.12825792413761766
10	68	0.10757364009219676
10	78	0.10361481836216649
10	229	0.107346831845272
10	561	0.11158026284022955
10	850	0.1111608440267981
10	929	0.11545193102090548
11	756	0.13003082608206534
11	848	0.14176547210261173
12	96	0.1281500313501585
12	283	0.11919702525163912
13	525	0.12212271751173974
13	569	0.1660552491158371
13	679	0.10741991859020837
13	699	0.11980188695739181
13	977	0.11459238893832553
14	18	0.10217940852236745
14	96	0.10163855552620646
14	106	0.14047454016473288
14	437	0.1137757967404738
14	502	0.1087789421657302
14	785	0.10962740519704586
15	407	0.10814790951266308
15	409	0.16713141835250672
16	42	0.10196000420375972
16	56	0.1212788217118271
16	945	0.11078619096823429
17	623	0.12826758177866332
17	625	0.14002140727025728
17	978	0.10767336033183611
17	988	0.13608369973119142
18	255	0.1560292335241225
18	397	0.1195181551953881
18	493	0.11243079304641804
18	772	0.11330189052778096
18	878	0.11443684714428254
18	955	0.13186314150186765
19	331	0.1084257429173452
20	50	0.11596751089908063
20	76	0.1044338792047992
20	229	0.10593247007814904
20	314	0.1029985704499891
21	494	0.11687374470678767
21	514	0.11069434652564505
21	960	0.108218643471275
23	76	0.20728835968446144
23	255	0.1157216731258984
23	260	0.11475253737644618
23	481	0.10126147963410202
23	603	0.12469591225014326
26	957	0.1344539641301763
28	110	0.10214289388243425
29	191	0.1550365644855408
29	212	0.10493218105289288
29	363	0.10191509075457492
29	470	0.10069560767812376
31	344	0.12614530395439857
31	449	0.12439015789739544
32	391	0.10217493890235554
33	526	0.11547181763354192
34	141	0.11377129442305761
36	521	0.10527155073119454
36	712	0.11870042070409335
38	84	0.1012707622993099
40	66	0.1688118112988152
40	223	0.12579064318323435
40	255	0.10553960329505571
40	298	0.13895129577771728
40	439	0.11868006627734315
40	517	0.10692709132500827
40	714	0.12847910739757848
40	926	0.11955198725008341
41	419	0.1451297139743379
41	990	0.10174308666281814
42	44	0.15967388089408158
42	70	0.15173441761799702
42	72	0.10769805346888778
42	549	0.111122557415597
43	91	0.10333082211401849
43	99	0.10079151437273295
43	127	0.14570882590381404
43	301	0.16100937851767608
43	553	0.10181177339657353
43	557	0.15808807677862255
43	577	0.11692976259653028
43	617	0.1098652455585672
43	669	0.12364393272451815
43	788	0.167871775528199
43	799	0.13078296834970987
43	808	0.10822663136465749
45	501	0.11031259997850786
45	784	0.11797235738414796
45	786	0.10471094975639741
45	792	0.12467234820902634
45	812	0.13580969055702252
45	816	0.12011689006800956
46	810	0.11535099224581417
47	459	0.10446566562930476
47	852	0.1318693300945739
47	958	0.11940575856348304
48	437	0.10547229080219821
48	439	0.13733068906079793
48	459	0.1254440043018812
49	379	0.1266439313517521
49	521	0.10224360471953013
49	835	0.10490111885698288
50	913	0.11171506667524736
51	575	0.1460491139062624
51	741	0.10542837235846148
51	976	0.1326918806648715
51	987	0.10931996234223293
52	54	0.14464726872520245
53	152	0.10390791114268581
53	361	0.10687250391007153
53	426	0.11651952912880054
53	574	0.10033951537229363
54	370	0.10090277396271755
54	493	0.11330854639005791
54	517	0.1087916781017438
54	772	0.1395809033175255
55	262	0.12063727070708001
56	66	0.10057923619973734
56	84	0.10148944598491576
56	957	0.11418505926590733
59	690	0.10939731112512309
59	794	0.11393242762659835
61	282	0.10848354685259474
61	306	0.10465241097147182
61	312	0.1214446665512071
61	330	0.10919637060384925
61	725	0.10300551365994517
61	729	0.10042546230705804
62	68	0.11272630634321112
62	100	0.11498044211856732
62	716	0.1530411789880489
63	65	0.20426595373791692
63	215	0.12618473508103376
63	276	0.10512608429908525
64	820	0.11003768904785918
65	215	0.12315245731178462
65	910	0.16832050454788414
66	68	0.24862499985162276
67	285	0.12040348351715481
70	72	0.16109688851133958
70	549	0.10711915548417361
70	651	0.12335637414600532
71	158	0.12045576478423327
71	571	0.14620770167095604
71	806	0.14397389898851196
72	549	0.13729806242167963
73	204	0.13688885652489405
73	206	0.12083562564810446
73	314	0.10273110688880256
73	791	0.11936614689891697
74	193	0.10736641732394003
74	391	0.10502031838635736
74	697	0.10135265768635818
76	174	0.10749078104570187
76	214	0.11469960425988476
76	218	0.10481688617149539
76	264	0.18090734084975235
76	503	0.12626915858423082
76	540	0.10214563495312089
76	697	0.10935059082917334
76	705	0.12779361737566683
77	373	0.11755680968576156
77	537	0.13979751895887213
77	640	0.12842732389030923
77	900	0.16579215540653403
77	908	0.12845667925133217
78	320	0.10091033015817144
78	929	0.13738991166365022
79	299	0.10909583390482615
79	784	0.14538750106451157
79	788	0.16012036278695252
79	812	0.1839908379055748
80	955	0.10719870527203143
81	83	0.3336939178206871
81	127	0.14211449394730355
81	245	0.16663821551859198
81	299	0.19741493877766522
81	314	0.12498200072291461
81	557	0.11464498447558988
81	605	0.1300576115647398
81	778	0.10510812112387947
81	793	0.13017855381942237
81	820	0.12930452658689925
83	299	0.11786747050698923
83	314	0.13093445086604813
83	605	0.12360153539406296
83	675	0.13321449714519276
83	793	0.1403065421201202
83	896	0.16293155404894466
83	958	0.12236348202501614
83	992	0.12572086857442913
84	670	0.11815466393455411
84	913	0.11045514646577705
86	253	0.10685344685523965
87	385	0.10973525315858265
88	94	0.1868169186770048
88	96	0.19442034433581645
88	98	0.14189255209427815
88	106	0.16996237288808955
88	108	0.10711442272978808
88	766	0.14661518091648543
89	151	0.17182690015697102
89	265	0.10727147870494916
89	315	0.11037376786510378
89	400	0.10041085988146475
89	416	0.1499864380068097
89	422	0.12840027198700577
89	613	0.10793083039261657
90	98	0.3749410151846166
90	104	0.33570564210240017
91	127	0.17997185800974697
91	400	0.12467606309426586
91	703	0.1214967408466067
91	799	0.10716821457357856
91	808	0.1341199638471199
92	100	0.25629992685802866
92	108	0.11191845967615949
93	362	0.11286289041469598
93	382	0.10195231255930957
93	614	0.10515228542656928
93	964	0.1341499618071196
94	96	0.28010382778640525
94	413	0.11729578126351958
94	739	0.10105327290564527
95	414	0.11050755376345456
95	481	0.11178315940855328
95	601	0.10140483544212213
95	938	0.10248612389293314
96	559	0.1112281359190417
96	766	0.120767835815699
97	347	0.20254873893018052
97	957	0.11509426029692388
98	104	0.2832708157454173
98	106	0.1069172345645448
98	861	0.11466536775087212
99	235	0.11393144387968536
99	495	0.11981279699627621
99	705	0.10942417559363862
100	102	0.11368995524484334
100	454	0.11104420922228386
101	339	0.1325811460556089
102	528	0.10380403190972419
103	370	0.13274379583455823
103	500	0.10988563834836629
103	532	0.2328925343966776
103	973	0.1051482621516219
104	106	0.329224783505385
104	108	0.20163400103683438
105	353	0.12466417123726323
105	596	0.10179626932170546
105	606	0.16664166756278007
105	661	0.10309886162152684
106	108	0.20025960267826665
107	272	0.10066837849430842
107	470	0.12056362210680208
107	776	0.10810470986235034
108	861	0.10768494949167791
109	533	0.12212468095668592
109	765	0.10598252276096715
110	119	0.11983979860620624
110	252	0.147360559212215
110	593	0.10605789462306943
111	422	0.10441462047800097
111	464	0.10379852186253778
111	484	0.13903611628128132
111	989	0.1199955793481949
112	226	0.1309298816043499
112	303	0.15600266737547666
113	567	0.22377652544785218
115	714	0.12197076797158733
115	726	0.10391053580407424
116	168	0.12365771502458037
116	200	0.12203306063735123
116	228	0.1601296477228719
116	392	0.1027629411971691
116	616	0.17167596904663449
117	174	0.11808892918827626
117	267	0.20340101751244194
117	365	0.12538795540357905
117	789	0.10032685259444181
118	126	0.15416891603033445
118	172	0.13434773976421047
118	359	0.10566168138576731
118	562	0.10185793520107086
119	558	0.1337630812546924
119	604	0.26301488217379265
119	606	0.27053706622006135
119	610	0.12637774312323447
119	745	0.11273926832508666
121	333	0.1702174946086065
121	684	0.14889761562155623
122	126	0.10954335474320549
122	142	0.1335277960142967
122	212	0.10601283865879699
122	895	0.10607511076075084
122	970	0.13266047017980281
123	125	0.1866542227286983
123	133	0.10180836289222986
123	279	0.10228714067233714
123	733	0.19957680679985612
123	786	0.1644139423945871
123	816	0.11898172684333608
123	826	0.10887413179521735
124	250	0.10506017877191179
124	933	0.10614439836819131
125	127	0.1012006217482635
125	279	0.13011158951909776
125	391	0.1806332402964532
125	639	0.10825519234647411
125	816	0.13871428762146687
125	834	0.12707255095968453
126	134	0.10627315122714166
126	178	0.10346741573825063
127	301	0.13023844704180054
127	711	0.12439131235562158
127	815	0.10112660253715017
128	138	0.1312818349274905
128	146	0.17992556031697077
128	247	0.11363872330444706
128	497	0.10162699382620254
128	745	0.14912036780029614
129	852	0.10607061015929138
130	148	0.10533004937947729
130	150	0.18067708462609003
130	188	0.1163256888330221
130	198	0.11301283840678143
130	484	0.12781750399474778
130	667	0.10283187378729679
130	674	0.10014233050124874
130	747	0.1082083702450647
130	989	0.14267633962162896
131	713	0.11828598995826886
132	302	0.11676562526929975
132	392	0.12431889383412019
132	394	0.1143245947752763
132	430	0.15789245954393089
132	460	0.14697525140044967
132	468	0.1649238955298921
132	792	0.11283803737176046
133	134	0.18811191285094322
134	146	0.12929023217752833
134	247	0.1291904262522042
134	383	0.12512030523318177
134	396	0.10390648460251412
134	402	0.10916214393623969
134	406	0.10653909482541858
134	673	0.1433526734866355
134	793	0.135341438123137
135	452	0.1329396146399554
136	184	0.10049511273037266
136	190	0.10565919027955091
136	406	0.10521728516915765
136	848	0.1422022785694
136	970	0.10731029521896703
136	976	0.17008150121078577
137	154	0.11235971739044653
138	146	0.11271877068498089
138	976	0.10638125326467925
138	978	0.10330479607034342
139	166	0.11103376915131768
139	228	0.1798441237080056
139	248	0.11513456307543786
139	369	0.10051323540960576
139	873	0.1040094550210307
140	144	0.11522174265728262
140	170	0.10374696719081516
140	228	0.1136073467121734
140	264	0.1009324905439892
140	593	0.1766632143557947
140	655	0.11681099306967326
140	968	0.10107015491080114
141	214	0.1024283538955076
141	229	0.142774882013768
141	861	0.1166707344926332
142	143	0.11867695647103241
142	221	0.10528735884075137
142	751	0.11354350749290154
142	780	0.1078036268270143
142	863	0.13998621736692132
143	220	0.10703529847174642
143	221	0.11581708709210196
143	410	0.11045496293129935
143	418	0.10966226320131822
143	495	0.11075432677596352
143	537	0.1470645381022806
143	665	0.10121220389712757
143	698	0.11182498760823459
143	799	0.11841788475357627
143	863	0.10394350170128
143	889	0.11391415958503737
143	945	0.12434858684199046
144	186	0.10414113277384202
144	667	0.10564785034940717
145	495	0.10701752434677389
145	523	0.10018009420587705
145	603	0.10013386424915431
145	698	0.1033794448690775
145	974	0.19063522914561526
145	978	0.10804318837946
146	299	0.15050766391674522
146	575	0.10404956914717842
146	989	0.16430636652723773
147	868	0.12124106549268311
148	569	0.11101130125492141
148	969	0.1004986823268996
149	274	0.10053238876625128
149	638	0.13583238116395674
150	151	0.12240892344379067
150	154	0.10167050628556093
150	216	0.11074441061781784
150	224	0.10780778721270558
150	693	0.1272867823287226
150	792	0.11425412416246411
151	400	0.10407190203333494
151	441	0.10724308489984204
151	452	0.10315054659986951
151	465	0.10127118455363346
151	712	0.11772226130366858
152	158	0.26653903697149345
152	276	0.1113687197601347
152	426	0.12106681660737637
152	607	0.1322223339251411
152	609	0.12168755951204514
152	751	0.10269369605804282
153	159	0.16817545092197694
154	276	0.1218103856841888
154	613	0.13757559648019282
154	822	0.10652164292461654
155	158	0.10991650848204804
155	178	0.16529124461590858
155	199	0.12264443810401679
155	279	0.15202614069750353
155	298	0.1286403642351786
155	704	0.1199009330585793
155	974	0.11268584154400779
156	160	0.16074648960878823
156	226	0.11319283112634257
156	884	0.15240434598720187
157	414	0.1383195076884488
158	426	0.11389381459079535
159	162	0.10329953085963596
159	208	0.1847655006440001
159	212	0.1324256515603663
159	218	0.10957519603965875
159	621	0.10986541920059492
159	623	0.10209634066147319
159	769	0.10752296072991906
160	174	0.10293787904042241
161	194	0.14522942928082944
161	491	0.11024714726114233
161	652	0.10481977284756111
162	200	0.11753869391085695
162	938	0.1296644864327232
163	935	0.16158287403027027
164	166	0.20128988548435572
164	174	0.12692164224529012
165	283	0.11154051991733638
165	380	0.1264611600205756
166	176	0.10702877406890944
166	200	0.10717677393464758
167	237	0.10576608106787051
167	598	0.1130784347219085
167	819	0.1479617593874002
167	959	0.10223796818761219
168	196	0.14804802557294366
169	791	0.10549103082334652
170	190	0.1226928442894574
170	191	0.13499458787793409
170	218	0.10266926243971664
170	224	0.10996985482390988
170	231	0.12297513893811593
170	363	0.10629199732838933
170	585	0.11223976854112604
170	909	0.10671707280554205
170	953	0.10322928559763134
171	383	0.11692409864960003
171	531	0.10923843620347469
172	191	0.13041654096558472
172	194	0.10498872643141537
172	204	0.19373297627253588
172	655	0.12654940268741685
172	797	0.24314255292773493
172	800	0.10969561127594621
173	516	0.13069142588269905
174	491	0.10318150570667717
176	220	0.10303081578917707
176	507	0.12560215979985337
176	939	0.1113585039881156
177	444	0.13773620481270246
178	257	0.10948409939203117
178	358	0.10335034366668303
178	497	0.12462323393843491
180	188	0.15863753152306043
180	198	0.10046460949134756
180	202	0.117323071283949
180	204	0.11732659883410643
180	206	0.12866555736488394
180	913	0.10616240815033068
181	541	0.12804850767769385
182	190	0.1013891102064107
182	751	0.1016883814445376
182	971	0.11311096896855388
183	324	0.10353867982062928
183	397	0.10617810537901817
183	463	0.11002443140508641
183	594	0.10662044286817086
183	671	0.13632409473157
184	898	0.15427511044898565
184	927	0.20779175733501662
185	413	0.11476925486323057
186	587	0.12488524381263925
186	667	0.14852167613433415
186	718	0.14682169305473175
187	415	0.11272578799457965
187	638	0.10162763609669144
187	852	0.12047196589232974
188	198	0.14508929023964962
188	491	0.12101010262356904
188	989	0.1021588925976687
189	841	0.11451676787659601
190	198	0.13567021322471273
190	818	0.12386374511691298
190	969	0.1022010580808197
191	470	0.13003131410146967
191	761	0.1016927575876406
192	194	0.10218243733817096
193	233	0.1406490529389151
193	852	0.11244680274087722
194	196	0.19690303703601802
194	204	0.187876846567618
195	217	0.10306073588857723
195	335	0.15026259985135137
195	944	0.10276277715062607
195	968	0.10362206718519142
196	200	0.21524773997623226
196	587	0.165404743458443
197	257	0.11919017796410233
197	585	0.13297833488346825
197	759	0.1030332653421668
197	816	0.1436843863942356
198	907	0.11093555150080556
199	205	0.1177708883119137
200	228	0.10805216752201821
200	363	0.13218845999951745
200	491	0.12578368151068936
200	585	0.10250568388944746
200	747	0.11806352579668186
201	669	0.1630582999869249
201	761	0.15631840432048824
201	794	0.10256320410506355
201	812	0.10492301386075016
201	814	0.10028901224812892
201	828	0.1514646573864143
201	949	0.12928103182456818
202	824	0.13914723224958658
203	282	0.12309237676441155
203	288	0.1218727050319286
203	308	0.14555660770294768
203	359	0.15260777246263396
203	391	0.1056758670032662
203	614	0.11527606098671947
203	621	0.10147745102980962
203	786	0.11228849214001223
203	858	0.1564700346020833
205	972	0.11364176481074775
205	982	0.12245463127130034
206	208	0.10150999593538602
206	530	0.10406233039338796
206	667	0.12012552591798493
208	225	0.11398992135296374
208	353	0.1299926989945277
208	363	0.10135536798314378
208	857	0.14028661920660926
208	978	0.10850039236814576
209	358	0.10299212167344747
209	475	0.1166799644103413
209	885	0.1644419581223775
210	647	0.12562642859998507
210	670	0.11409876987404481
210	799	0.12331779908159941
211	331	0.11017262444894489
211	494	0.1084332619967857
212	343	0.15296640761783398
212	751	0.1190859304238436
213	215	0.27915421159819076
213	857	0.10916866320334714
214	711	0.1321109813006038
215	646	0.12827140504394624
215	829	0.10534291990710018
216	353	0.14726034292104928
216	438	0.11780773213641212
216	606	0.1162696469965445
217	284	0.1772786928766568
217	395	0.12051077012295051
217	591	0.10681201902578544
217	963	0.11674004620944958
218	417	0.10472250809027388
218	482	0.10154296555344472
218	806	0.11149634444120275
218	815	0.11180141362529902
219	559	0.22480113064177806
219	918	0.1029567383477585
219	966	0.14753698506013335
220	799	0.1035496153180985
220	939	0.10759041861369323
221	222	0.10956092150661696
221	587	0.12501574014960876
221	667	0.11046744247994933
221	676	0.1037210916099669
221	799	0.11790569840701559
222	799	0.13658824572697725
224	228	0.11614904371016628
227	731	0.15474486350782268
228	491	0.14706506506559108
229	727	0.10835860868894412
229	964	0.10763274734941354
230	328	0.10518668509757356
230	369	0.10510732161798547
230	719	0.12178491740717207
231	585	0.13681357917146905
231	596	0.15874953500862185
231	821	0.1364342287880748
232	282	0.10004772256008602
233	304	0.10157991962192377
234	236	0.2363425025337827
234	240	0.1352498927032513
235	781	0.1654818932229394
235	817	0.10028315213757334
236	240	0.28617688123280155
237	269	0.20223436411573384
237	571	0.11301878934571737
237	959	0.18583085755004713
239	364	0.10985674139064668
239	434	0.1482493968317227
239	937	0.11946796053349659
241	571	0.11428945669361165
241	767	0.100972603749943
241	833	0.10584693636810995
242	246	0.12144080177983571
242	369	0.1500283074443928
242	677	0.12237724079962142
245	301	0.12347223175817919
245	659	0.10008170116376545
245	808	0.1543396414308414
245	949	0.10521043178541084
245	987	0.16632576719257233
246	248	0.13384451895708602
247	317	0.1190950848246317
247	347	0.15226569355753122
247	402	0.2050942601083458
247	489	0.10074826946679341
247	569	0.10148069901009249
248	254	0.2140458329365681
248	299	0.1016400208834347
248	360	0.11585797267799643
248	457	0.11456561624815317
250	296	0.10338122525649497
250	302	0.1093698045869187
250	401	0.10281620757618744
250	535	0.18890497113098126
250	678	0.12317811877629051
250	685	0.12352628627869017
251	853	0.11244989026580225
252	342	0.11909280686196717
252	344	0.10062597433965087
252	535	0.16567591236972215
253	339	0.12875590455143526
253	359	0.1538380354005949
253	521	0.11010815936539049
254	278	0.14342002423169062
254	535	0.1586419185074174
254	968	0.10839783129747543
256	401	0.14404359504365327
256	575	0.12394090214945384
257	259	0.11433263986582219
257	379	0.10795915369753145
257	513	0.12610556292742212
257	539	0.11336355463685897
257	665	0.15242201895557364
257	716	0.10864973272758659
257	936	0.1153780290389547
259	659	0.12797755862499008
259	821	0.11286635549791744
260	270	0.10752967839156513
260	481	0.1330346117074909
260	889	0.10930693015943005
260	974	0.13395621150264506
262	266	0.15074290104983418
262	268	0.13666660036651845
262	369	0.10200784761473147
262	515	0.10778141482492264
262	613	0.12113163158216837
262	677	0.10754722044510055
262	756	0.10970953095138596
262	848	0.10829263008998563
263	860	0.12169738574390326
264	270	0.13144167267217804
264	334	0.14132754871206746
264	349	0.11453515641364241
264	387	0.10668245407325595
264	889	0.10454185802522824
264	904	0.1017633849655797
264	961	0.13638600730185674
265	275	0.15617594290144715
265	398	0.11449951866981428
265	430	0.1316725245727533
265	440	0.11673341464701706
265	462	0.11026779546110912
265	484	0.106904207545737
265	487	0.1337553908151582
265	927	0.12258309763438818
266	268	0.24314782190383422
266	359	0.10855977472973917
266	369	0.13333122675456893
266	649	0.1042619670190778
266	677	0.19912130683307172
267	647	0.11078303919278354
268	304	0.1039810084147523
268	356	0.1226206351593817
268	366	0.11802365500543244
268	397	0.10560617076279886
268	677	0.12680917682009707
268	917	0.13710315840461423
269	497	0.12713554341560465
269	921	0.13712709140850132
269	959	0.16870459191720097
270	294	0.15913586863496434
270	296	0.1256336336810998
270	508	0.13251504566157205
270	864	0.15615745557173213
270	974	0.1157199276739537
271	776	0.11380499091396452
272	408	0.1211952588788959
272	475	0.11110863262866924
273	431	0.15667631141581884
273	434	0.11571606269916351
273	500	0.10240256658210499
273	621	0.10084371494597394
273	671	0.10594363771656047
273	753	0.10768394636471933
274	304	0.1046775898333573
274	633	0.12928825901066254
275	396	0.11710775834070032
275	416	0.12424885129262173
275	657	0.230970675096846
275	719	0.1251659805439198
275	815	0.11257232230003945
275	927	0.12640886691102238
276	585	0.10503462726629147
276	729	0.19991948040085492
276	739	0.10692738407682324
276	822	0.10118332916270786
276	847	0.12975194646954719
277	385	0.1378884718342391
278	434	0.12008278893520256
279	373	0.10677613714964619
279	821	0.11125780929005435
280	326	0.12578704114463038
280	334	0.12103680613667597
281	413	0.11838252902810259
281	844	0.10863632699984996
281	859	0.11074177537941492
281	897	0.14158693433335545
282	712	0.10043893756438071
283	290	0.12573040287416742
283	298	0.19820055912604304
283	397	0.10196161894573565
283	630	0.14784595317230545
283	936	0.14703528916862474
284	298	0.10431241876611083
284	326	0.1239896326216782
284	330	0.1026385180457475
284	345	0.1030681983857598
284	963	0.11492841066926232
286	290	0.15593643239537613
286	366	0.10630054720487697
286	610	0.105774575395302
288	895	0.12895111849709098
288	931	0.10969187773337782
289	642	0.10793565550832883
289	646	0.10252341629828128
290	292	0.11482416012888397
290	304	0.1131327209277565
290	314	0.128775437672536
290	351	0.10332665768238472
290	360	0.11407869752100074
291	646	0.11290406058689509
291	836	0.11022898239700853
291	859	0.11542911246516672
292	328	0.12109432098425454
292	340	0.12445804105661201
292	414	0.11746356128486561
292	867	0.13439540089458266
292	904	0.10700606549939524
294	320	0.10175038048960047
295	958	0.10611777804295357
296	300	0.14010881322613988
296	302	0.15485242918119188
296	385	0.10364734959144978
296	463	0.1039296898757602
296	991	0.13299303505077628
298	314	0.11849845487497043
298	974	0.10962680461718194
299	800	0.10183361030147958
299	810	0.17957358411743368
299	814	0.1972769308633017
299	826	0.10472933387483317
299	909	0.10805378327927613
299	949	0.16041445312261365
300	302	0.3079950921172362
300	368	0.10231850338628717
300	963	0.19495847171327518
301	373	0.1481785773405165
301	507	0.1026361752186027
301	669	0.12353011149134337
301	751	0.10316911412094677
301	812	0.2171919900578428
301	814	0.10058942448049366
301	820	0.11795209966226539
301	836	0.14496271175149103
301	869	0.1604153359601613
301	987	0.23470677174598645
302	354	0.10847988899172155
302	463	0.11278413900289672
302	685	0.11349569812687794
303	606	0.10011044903875987
306	312	0.1330910809328593
306	320	0.10372431079059821
306	342	0.12199335003086573
307	909	0.10467170140744857
308	312	0.11062398530888763
310	312	0.13231166457407723
310	378	0.12527885963830848
311	665	0.10241420133853368
311	896	0.2250225374773218
311	926	0.11243570656100549
312	356	0.10056423765124457
312	368	0.26102212968167904
312	677	0.15018878373640027
312	963	0.11420193624038573
313	420	0.12812080087591615
313	535	0.10919015875887277
314	360	0.11136385915318214
314	791	0.130320716039477
314	991	0.14249715583550493
315	366	0.10517847057800685
315	404	0.1261230815976069
315	434	0.1413400256285164
315	478	0.1006658697804968
316	326	0.14520966503363864
316	385	0.10953409054499129
316	553	0.10642649537827582
317	680	0.10658608957362516
317	862	0.11526790725815005
317	887	0.14419071287306442
317	942	0.10485963013050711
318	322	0.1908907713668981
318	725	0.11013109809943701
319	441	0.279281997243404
319	457	0.13923403977777324
319	946	0.10000892728446457
319	956	0.12926738224863168
319	984	0.13824069348337495
319	988	0.1341711104550585
319	992	0.1030296681372922
320	326	0.1284638500268069
320	342	0.14239880114750625
321	573	0.10341391726888625
322	585	0.1121145927130751
323	370	0.11499924811284773
323	374	0.10059628320202135
323	941	0.11949145796334143
324	338	0.10542627489075959
324	380	0.10896896325070175
325	554	0.13371593851317998
325	560	0.12268584432454291
325	586	0.1067442541603358
325	610	0.12698240148199227
326	373	0.1384380917255902
326	775	0.10734937915019545
326	963	0.18048424688247858
327	591	0.1226154930363855
327	617	0.11725655561559618
327	619	0.14733576625965888
327	708	0.10232145292982389
327	734	0.11132075798205962
328	397	0.13261217726298405
328	697	0.12453545573576788
328	981	0.11495293882944557
329	348	0.12146654774685173
329	463	0.1920586102207753
329	899	0.10361003952236367
329	995	0.11345286687657717
330	356	0.13404490259671548
330	877	0.12211018108639546
333	811	0.12810817355500376
334	345	0.17020069074180705
335	776	0.11335464047953504
335	824	0.10718612118452857
335	960	0.1297068449126477
336	693	0.13278210633864945
336	984	0.10649468963372317
338	344	0.12560364841962654
338	672	0.11141064923073407
338	963	0.11511204660937824
339	930	0.10116086066010828
340	342	0.19877305750708382
340	518	0.10535533203243368
340	544	0.1074167627064754
340	874	0.11955895269995608
340	875	0.14336603149332575
342	344	0.10218558414773608
342	593	0.13540708030490478
342	677	0.1081749274012525
342	875	0.10486118732969665
342	884	0.13684137507973626
343	481	0.11185783658530761
343	508	0.15712369108879887
343	536	0.12105510004017421
344	423	0.10270999201585435
344	991	0.13197933968320244
345	496	0.10423527770158589
345	821	0.10344615886609726
345	961	0.10546471453618643
347	527	0.10700599679830416
348	364	0.1553789560692244
348	373	0.11712750252235067
348	376	0.10663441498919456
348	380	0.1051254575144985
348	509	0.10399621627277957
348	633	0.15912191210641935
348	723	0.13199458554467844
348	754	0.11556500364870759
348	759	0.10241376046442259
349	428	0.10155957007318014
350	354	0.1189727130361772
350	423	0.11202615809475353
350	596	0.10183209952620238
351	517	0.13247067925930706
351	604	0.12889742262296772
351	606	0.2018302483053692
353	712	0.10863902612371219
353	835	0.13053854435080672
354	385	0.12479585449875986
354	596	0.14461559847642352
354	945	0.1347239229500306
355	569	0.13170474028387233
355	607	0.1255344027806006
356	593	0.13705647730158568
356	605	0.10398910692027397
356	677	0.10356477092135924
360	540	0.11964957506176634
360	800	0.1028203282962478
360	810	0.1015210317256023
360	877	0.11950463630596714
360	932	0.11056050518568357
361	393	0.14206449163497822
361	404	0.122382951984476
361	406	0.11359953883976648
361	422	0.12410325863519298
361	461	0.11480940022987782
361	465	0.11467515454171305
361	470	0.12741507476533784
361	608	0.11984179507265803
361	647	0.13757234572563784
361	657	0.10602492842866207
361	959	0.13799759261222394
362	373	0.10376105485326077
363	978	0.12354198881479717
364	468	0.10296459085393339
365	428	0.11155154054705696
365	541	0.14944409878181067
365	634	0.1471905441358243
366	728	0.10566634196634142
367	650	0.14601820289296344
367	654	0.13151684860848656
368	468	0.2366937149663204
368	718	0.12851219196261573
368	771	0.14202118427507948
369	677	0.2800198269262537
370	432	0.10345458340527332
370	675	0.12212548021954867
370	784	0.12004984256287025
370	941	0.1021486977974786
370	970	0.11867001367683656
371	712	0.1405782833553009
371	789	0.11097297820821349
372	674	0.17938916283836737
373	378	0.1319869979238139
373	431	0.10058240855716878
373	633	0.11221406255927774
373	675	0.22686628907096
373	775	0.11125414167041679
373	982	0.11626270906613716
374	376	0.12995649762108566
375	428	0.10797412508162882
375	678	0.1098477416751209
375	722	0.12313150274958873
376	461	0.12615947286831222
376	675	0.17087281805376983
377	573	0.12592092111320827
380	633	0.17355709334563438
381	908	0.1228330009554608
381	978	0.12615066641673917
383	641	0.1594610468705117
383	673	0.10932450575721454
384	390	0.15032370611951626
384	484	0.10870981704072306
387	537	0.1378228359009364
387	611	0.10115562048216169
387	896	0.10904382200653044
388	394	0.18829120662398008
388	468	0.12017157111710153
390	474	0.11852649744502106
390	484	0.12988069985826714
391	393	0.15168996952931482
391	514	0.11216879965357175
391	786	0.10033767585818006
391	834	0.10204600160775977
392	394	0.13817496838458415
392	618	0.13946530067511528
393	545	0.1067018556135928
393	803	0.10534914311773115
393	808	0.10895757698578498
393	818	0.10066017744051284
393	839	0.10808908873815823
394	462	0.11089093693803312
394	468	0.13393083454880023
394	487	0.11907842614189719
394	603	0.14975960153033038
397	963	0.10504312092726426
397	973	0.10096773389837455
397	995	0.1660567727985551
398	404	0.2012470496513325
398	839	0.23073000324541645
398	949	0.11409668768308455
399	974	0.11578803818940123
400	523	0.10563569291168921
400	570	0.11216313226192302
400	574	0.1038685721302964
400	630	0.12547661917066055
400	974	0.13277888765751497
401	703	0.1017307939304577
401	844	0.11491259078923426
401	889	0.10788485162237331
401	961	0.1139525564061022
402	408	0.13225436714240396
402	429	0.10161475004952258
402	630	0.1430290920724311
402	867	0.17263420218063164
404	406	0.5841168313542358
404	414	0.11034786897462438
404	422	0.23194047158579267
404	708	0.12114093043012536
404	777	0.1000558602788214
404	803	0.10640207346796313
404	976	0.19989097900783898
406	422	0.18497444679616554
406	638	0.10432544155920692
406	803	0.12485585000736124
406	841	0.12535826950867607
406	964	0.1156289914821056
406	976	0.16644160630985058
407	879	0.1343053380137595
410	418	0.11120641233723498
410	673	0.11414203471051787
411	474	0.10600771400846014
411	681	0.13490050334703352
411	980	0.1621160588144954
412	458	0.11318168414522038
412	679	0.10241050249064254
412	867	0.14197050763222976
412	884	0.10759935937610342
414	416	0.20172288904703858
414	797	0.1076636539029788
416	443	0.17412645126166548
416	918	0.11011549469542446
417	851	0.1053827932576135
418	815	0.10765850660417269
419	892	0.13139062821536443
420	723	0.10492099210942812
422	452	0.12791802823790158
422	571	0.10297391561524691
424	426	0.1090723471090054
424	434	0.14522892185259623
424	436	0.12126117319911682
424	490	0.1432080281746485
425	954	0.17394148398050377
426	448	0.12543993528597966
426	796	0.10273066538278058
428	434	0.1282354917611057
428	495	0.10113233017633465
428	589	0.10610835047800041
428	702	0.1000023914098514
428	723	0.13839162307986325
428	741	0.12262587769813474
428	955	0.11084423706191433
429	496	0.10028755764512381
431	434	0.10120867909556185
431	529	0.10263186023791772
431	669	0.12124026941989101
431	751	0.15084904235000163
431	970	0.11172017908453066
432	793	0.13065365982435487
432	927	0.1352301913824695
433	518	0.10651713206051304
433	577	0.1036172913387845
433	704	0.188373341514939
433	951	0.10679124368902186
434	895	0.14249989028922744
434	938	0.11045733895027111
436	603	0.12704990144458692
436	783	0.14197325069005678
437	439	0.44174488464640677
437	515	0.10863638208736834
438	474	0.12102884155008461
438	478	0.10827838016520835
438	693	0.20868994871923252
440	927	0.16043464067319618
441	623	0.11317939556439818
441	988	0.11819857275336099
442	474	0.11321304416336271
443	647	0.10771517214338205
443	834	0.11368443305805143
443	858	0.10516662321114116
444	831	0.18860128668523526
445	451	0.3608025744673664
445	563	0.1121465061514208
446	448	0.3431226799637315
447	449	0.11619252967612428
447	451	0.1913543122291502
447	759	0.10105397916243337
448	605	0.1060065527268876
449	451	0.11959623099843739
450	722	0.12449506854920088
450	815	0.10436673586791612
451	563	0.12524770882278288
452	481	0.11777772532515922
452	993	0.10656692802560906
456	815	0.15395617923061286
456	839	0.1001624136184205
456	946	0.19741288355725436
457	481	0.12296929773495288
457	944	0.13700246170371466
457	956	0.21353820211595811
457	960	0.16426468323734106
457	978	0.1769423058735902
459	754	0.10983166417648556
459	958	0.10279753812994284
459	982	0.10493236220978648
459	984	0.31068779923570256
459	988	0.14864647589957808
459	996	0.10171053276781343
460	647	0.11179727888806779
461	647	0.12878450652857187
461	741	0.10144199867982855
462	464	0.29971219421237705
462	723	0.10825931223302326
463	723	0.22179879853920934
463	995	0.18435707422455055
464	487	0.15434785320222405
464	953	0.13320899722292617
465	474	0.14634395408437076
465	617	0.11280041229433761
465	705	0.14807405031381318
465	955	0.1163524470056724
466	467	0.10156292494617668
466	953	0.17318688667846024
466	961	0.10652624816575278
468	603	0.13079205935360877
468	797	0.1621473497407919
468	843	0.13343342909480244
469	520	0.10171667591541383
469	681	0.10478513251159453
469	895	0.10911339088108706
470	761	0.11279855308369646
470	797	0.10633008677027407
470	826	0.11787191221270175
471	864	0.1038270274699285
472	520	0.11866697811541264
472	867	0.11300986263608193
473	513	0.10562121370005592
473	728	0.10485785700203476
473	826	0.10088605000566075
474	638	0.10334416064166475
474	768	0.11745149571199413
474	841	0.12189822621496885
475	859	0.11030333105061754
476	772	0.10748015105737163
476	820	0.10654978216301698
477	634	0.10057494657033021
477	886	0.13692598873329437
478	614	0.10288619490336397
478	841	0.10672463869226748
480	927	0.10296034556308026
481	534	0.13912962824637712
481	541	0.15882343065212992
481	625	0.12142290349494458
481	673	0.12365650725621953
481	974	0.16768802669205957
481	980	0.16599580795280766
481	992	0.11212290527777986
482	599	0.1036120120940321
484	495	0.1124779810638366
484	674	0.1468665421696043
485	778	0.10427068765933277
485	791	0.1286748597009177
485	935	0.11646204397774138
486	508	0.10890749550306401
486	523	0.11381829489728996
487	754	0.10115734827685274
487	883	0.13487424406524876
488	603	0.1448554604655426
488	726	0.177004283748831
490	887	0.11091313527880024
491	873	0.11798729514153904
494	979	0.11955528780760558
495	603	0.16562163124120802
495	700	0.10067028522843977
495	961	0.10485060146042385
496	723	0.1319204137334232
496	961	0.10039756690095346
497	878	0.10670064967904373
497	997	0.10831005586927907
500	832	0.10456411021928988
501	617	0.20786128823130343
501	812	0.11123342519832008
502	641	0.10780148713574958
503	540	0.11100134981594356
503	793	0.11821458076847442
503	920	0.13791074987740123
503	941	0.11158286373710176
506	520	0.10943224715873211
508	662	0.10690910048841104
508	799	0.11314609525693599
509	922	0.20050780392440498
510	512	0.15149987366088633
512	544	0.12301110939279997
515	517	0.11220776339331628
515	521	0.1818397241256928
515	525	0.1116294308674083
515	807	0.11150002589141635
516	526	0.12328434370203376
516	548	0.11366364373899333
516	593	0.10884366538421421
516	917	0.18660470915631083
517	519	0.3354322033962638
517	811	0.12345866039616098
518	520	0.12032073947595175
518	526	0.11910063591028036
518	544	0.15277215499734073
518	887	0.11615307591208718
519	924	0.11805874575416571
520	524	0.1006752098307932
520	544	0.15933080770099467
520	710	0.1636936003423289
521	702	0.1257045625748868
521	985	0.16367923445173974
523	693	0.10070530991609358
523	974	0.1003946445696578
524	538	0.12388897878092212
525	807	0.15834341915144587
527	639	0.10377305617430595
528	831	0.19433139966223567
529	974	0.13044846348508418
530	670	0.10231892624336976
532	597	0.11594368636199143
532	702	0.10530436845796089
533	757	0.13303159742358267
533	833	0.10027337549915769
534	536	0.10971566078941948
536	557	0.10753427888434251
536	790	0.1810121382509863
536	809	0.10198168429720644
537	611	0.13852983514543377
537	916	0.10610204558411508
537	924	0.11444972326141356
537	945	0.17891209788714202
538	891	0.12533203160354686
541	625	0.1736176802224755
541	762	0.11202287239465404
541	956	0.10342754648435891
546	571	0.1046424535546857
546	575	0.2816684470839531
546	705	0.10691151482395261
546	713	0.1455798252159874
547	913	0.11524630095566693
548	603	0.10097414227144144
550	595	0.1148908766460156
551	744	0.10217332905274562
552	558	0.21957961459217745
553	555	0.12129469470794205
553	662	0.11190896464186102
553	821	0.1171355767050514
554	560	0.12018779200725023
556	590	0.15133906874316044
556	745	0.12482661502862825
556	779	0.10157863284795922
557	821	0.10128736073272791
557	912	0.11724096977268036
558	602	0.1099226983064749
558	677	0.11308693983747288
558	715	0.13877218991810983
559	630	0.10017484207780401
559	635	0.11017806565666563
559	899	0.20248337490933016
559	988	0.12824134659168876
560	584	0.10446562757442054
560	590	0.16754813106231886
560	606	0.150854323997289
560	680	0.11935774987769672
561	623	0.1476395423280047
562	787	0.10187046400719962
563	619	0.14016581234721873
565	704	0.12671476881528596
566	619	0.11067109539809257
567	817	0.1117555036232025
567	955	0.11778664290496095
568	586	0.11904000592112644
568	595	0.10859152534924704
568	787	0.1331848401337436
568	895	0.10512264455712786
569	887	0.12865951755596136
569	904	0.1381051347756094
570	574	0.15253079124187102
570	634	0.10095160834592982
570	695	0.11942622850677763
571	705	0.256480351966544
571	834	0.11008968455529199
571	992	0.10415721022859714
572	574	0.19000024196997048
572	663	0.1428812208429547
572	703	0.10662603624699098
572	862	0.11597598539186636
573	605	0.1232389057547906
573	705	0.28590644341526655
573	784	0.11243175090486125
573	790	0.12740940830583528
573	972	0.17087224935620882
574	577	0.13464079013831284
574	608	0.13381068985575176
574	788	0.1012834785598969
575	589	0.10288182649920594
575	705	0.29582622000968145
575	713	0.13169140420309017
575	857	0.10635483058579139
577	704	0.107159544783992
578	884	0.12475443305476328
584	602	0.14277853549358305
584	604	0.12711951515991565
584	606	0.10934759813819574
584	779	0.10518984543004424
586	590	0.1519544679447022
586	592	0.24169116335519414
586	610	0.12826866556725952
587	718	0.1067422031475859
588	722	0.10971330549838923
588	926	0.14462405903159414
589	648	0.13037262195177965
589	698	0.11985357048072968
589	705	0.1375643836091809
589	773	0.12741443829943166
589	863	0.10206292725573118
589	912	0.13557837212730306
590	592	0.1611407299260331
590	606	0.12496943116586619
591	619	0.14550144730874717
591	736	0.10545834499279091
591	791	0.12064513455889898
592	594	0.10157064792317491
593	649	0.10259524438188822
593	875	0.38389581105277887
593	879	0.18024073258745063
593	917	0.19973185397514318
594	830	0.11680649762755291
595	870	0.10507532494849901
597	643	0.1263366469667342
597	937	0.16743911899751607
598	686	0.11689007380842964
598	935	0.11098897347312812
599	625	0.13710397786495782
599	808	0.13825867234337824
599	824	0.111259284515536
601	942	0.11389329914676248
602	779	0.14554779753451294
603	632	0.11333259362558558
603	679	0.14982889610105327
603	711	0.10549250763364063
603	974	0.10062311437899273
604	606	0.3243901325683377
604	610	0.3061641632552265
604	668	0.10638632365555757
605	646	0.11341614907231644
605	675	0.1381663980889867
605	777	0.10598430250681437
605	778	0.11552860981577945
605	793	0.1178512994497855
605	834	0.10374006240072693
605	883	0.10142577250495868
605	914	0.10465384258151321
606	610	0.2123704421028695
606	650	0.11436976552932117
606	653	0.10370561616263167
606	908	0.11961205109170674
607	689	0.13102959703464162
607	768	0.13523972476892537
607	833	0.12217416576951623
608	654	0.11709932945503178
608	668	0.11034266929148566
608	787	0.1070244227529033
610	650	0.10253337575345826
611	761	0.1492309041354514
611	945	0.1586683805138678
613	653	0.15386802880130104
616	618	0.2165075683158346
617	669	0.10362414887368615
617	782	0.11628141340536316
617	788	0.17011202052265784
620	622	0.24720996220825117
620	626	0.36337004958189134
621	623	0.20935864090631096
621	705	0.11183667531484674
621	845	0.11192834548526755
621	871	0.10953465039540748
623	625	0.1662325466917435
624	628	0.16394160198413496
624	644	0.11986212206651757
624	650	0.13215005488567433
625	955	0.11572485214885118
625	976	0.1619792083876612
626	628	0.2230806818623819
628	644	0.1700886595251184
629	734	0.10864397312032148
629	862	0.12292747179238929
630	685	0.10654211845602755
630	803	0.12387447429531305
630	864	0.14708890401579564
630	966	0.1316874958317716
631	965	0.11942959619629495
632	803	0.1681206616173688
633	947	0.10039489599991737
634	636	0.1574553159191356
634	640	0.1250807803614532
634	992	0.12088162767708675
635	918	0.11885529488872398
636	640	0.11452675193153532
637	645	0.241834257592094
637	891	0.13068969979650089
638	670	0.10597735935731245
639	834	0.1187790445630266
640	847	0.12073257376988927
640	900	0.11253127843326247
640	976	0.1141954177931945
642	650	0.11159941807186138
642	662	0.10319040123472391
643	958	0.11491407764288697
644	650	0.10814269799914666
644	656	0.10538749350915208
644	866	0.11468024248118186
645	720	0.11934040940699046
645	805	0.10745862369532094
646	829	0.10670047819485669
647	657	0.17644440922613525
647	841	0.11035189266074655
648	841	0.10744782436057265
648	856	0.11601776301870959
649	917	0.1117794804029237
650	652	0.14581791785541717
650	656	0.25285829125253056
652	668	0.1537675318954876
655	711	0.134167110129302
655	808	0.1296371607680606
655	904	0.11091722555974289
655	961	0.12037282412819152
656	668	0.10030328973859386
657	864	0.11980766588803103
658	681	0.12701776541068566
658	713	0.11100347222562956
660	975	0.10457340220672807
662	930	0.10651941872985395
663	856	0.14110383824572956
663	862	0.21578054622900109
665	913	0.13255925860579296
665	933	0.10788757214160721
665	937	0.12007087275347322
666	783	0.10160777867722519
667	759	0.10324584243929325
667	761	0.11698365594004966
667	907	0.10655264858067785
669	733	0.10281365263232536
669	812	0.22035209815185927
669	828	0.1143471557818421
669	949	0.10023403570489083
670	786	0.10434671622492551
670	799	0.10702306881733754
670	844	0.106028168738135
671	943	0.11435566554812548
672	713	0.10178692841955665
672	835	0.12682775626136217
672	933	0.12605212143477215
672	947	0.12470784314375179
673	681	0.11245455598647175
673	844	0.11188693083062554
677	687	0.10120754330539351
677	719	0.14467542606596306
678	722	0.10513831452234942
680	704	0.12525679642375423
680	899	0.10137649339945824
682	724	0.10958870309488893
683	876	0.1837545301663767
684	696	0.15050951361975634
686	947	0.1295769526833942
688	742	0.11009763643637517
688	847	0.10908478772941319
690	844	0.1653235097691909
692	817	0.20251617928840432
693	858	0.10476009182292577
694	736	0.10873765017488107
695	983	0.10100032747377864
696	712	0.11760139740875608
697	805	0.10674022377049276
698	704	0.1019471976679776
699	703	0.1155206483507064
699	974	0.11458824483436847
705	993	0.10221653184204893
708	858	0.11107432994035121
711	974	0.10463047540568587
712	727	0.11914600237439489
712	773	0.12576852799668423
712	850	0.11891911109985633
714	992	0.14304964581358373
716	732	0.10817303223617201
716	887	0.12733476754354597
716	922	0.10075280439672786
716	967	0.10234359079578863
719	909	0.10710227850090069
722	738	0.10403019461634513
722	797	0.10430857539209752
723	968	0.1037677393354053
724	726	0.12194639177162353
724	732	0.19447650919582637
724	736	0.27986811945710266
724	879	0.10947126422792172
726	728	0.1219706639384349
727	924	0.10938539949128993
729	739	0.1666320481775349
729	937	0.11349002316623528
730	732	0.2892957128464276
731	836	0.1102568680247138
731	850	0.10192985619277933
732	736	0.11552768313098238
733	788	0.1341458270333753
733	826	0.1362074453268475
733	893	0.11221527464330054
736	978	0.11518337513478825
737	745	0.11180194769399113
738	787	0.13889162440543062
739	784	0.12395119483424814
739	822	0.10480107356084782
739	844	0.12529770746235794
739	865	0.10426460627911892
739	899	0.12550857292813455
741	848	0.13751567891463506
741	964	0.14020339606369195
741	970	0.20265250208907026
741	982	0.1297362406600469
741	992	0.1435734531919254
741	996	0.10952006471659483
745	782	0.21588324950812884
747	783	0.11250285210256039
749	777	0.11614089204981079
749	798	0.19518198630952244
750	890	0.12950548816290092
751	759	0.10703156736327209
751	863	0.1013221488130037
753	785	0.12579721939128424
754	758	0.13386788737615704
755	821	0.16603053258461445
759	947	0.10542701119864531
760	917	0.11917121313650943
760	997	0.17483791947099386
761	835	0.10742705879734439
761	904	0.10165757576066543
761	945	0.10796273402924964
761	958	0.11891383245160479
761	961	0.17121680717154897
762	997	0.10696294982761101
768	883	0.12218210947998501
769	923	0.13454811723421448
770	774	0.4065445162544092
772	805	0.10908454815168928
772	820	0.11330069742109651
773	812	0.14916373920440396
775	836	0.112473885450374
777	822	0.15993968423265284
778	784	0.10269206999232106
778	887	0.10272563291811243
779	787	0.1096635859401148
780	802	0.10460476095200419
781	820	0.10614354986278243
781	924	0.12883408775117977
782	808	0.10060349602779041
782	869	0.13385697937170907
782	960	0.12125491638776949
784	812	0.13239610096914975
784	899	0.1015347324027621
785	792	0.12830655765511048
786	794	0.11179252932157635
786	816	0.12562786931083858
788	867	0.13921195569279704
790	792	0.19665095157159057
790	794	0.1353916660418144
790	809	0.10657399966630184
790	868	0.10318289860113995
791	895	0.1096045231630158
792	814	0.1415041189719047
794	812	0.12226490889454428
795	958	0.1376445649840386
797	820	0.10822675256914989
797	904	0.1418941864217075
798	828	0.1318118929099352
802	877	0.10606999439387371
803	875	0.129136965909987
804	820	0.12950599484459363
805	807	0.21561830406885413
806	905	0.10244168916367904
806	935	0.15854593733688035
807	841	0.1281810278881068
810	814	0.19190384753868417
810	820	0.1038701968393601
810	949	0.11111373295712575
810	974	0.10249297995590963
811	882	0.11277473987197427
811	989	0.11163776916899232
812	818	0.12614304724706066
812	828	0.12743769695409904
814	816	0.11058204988461402
814	879	0.13203503868810362
814	909	0.20256242013130413
814	949	0.11507288225948387
816	909	0.14985690795470016
818	909	0.14859808407403807
820	949	0.10446978799339196
823	833	0.11562749538179536
823	929	0.12826685268678228
826	830	0.11158844723364707
826	835	0.14860589473003494
828	995	0.10043604211102686
835	949	0.10148325618224666
835	993	0.11772120450315242
837	901	0.12119912870131383
837	975	0.20586810962011498
839	993	0.118442404774681
840	886	0.19998448757433138
841	898	0.12035902679426799
842	854	0.255968731392499
842	870	0.12021163096167967
842	874	0.10854311895698449
843	908	0.11010456477785213
845	853	0.11232328844837731
848	943	0.11154179421175771
848	976	0.13058124547287847
850	855	0.10054462590856332
850	880	0.10696612512299733
854	862	0.10575984999882958
854	880	0.24862293178399977
854	882	0.11860571078133246
855	956	0.13923922375193717
856	858	0.17657810136109992
858	884	0.1467084837652067
862	865	0.13788594283868097
862	880	0.11695391782515227
862	935	0.12875067267924475
864	867	0.23224534528039792
864	889	0.11800680019161525
865	866	0.20892174682230819
865	868	0.21498756617210546
867	904	0.12159028727948251
868	880	0.11505277269962802
870	921	0.11458009669931328
872	886	0.1467569369827553
873	968	0.1187658885867217
874	882	0.10849981882571653
875	917	0.23172512022091818
879	917	0.2247709786027538
880	882	0.28036354752340387
883	891	0.10397599938838287
883	916	0.1684771472765269
889	963	0.10100214842820461
891	908	0.10386234002018481
891	916	0.14872669479673198
891	941	0.21215560743087078
893	910	0.1483459342327801
894	918	0.10524341252911348
895	902	0.10238223026953483
896	906	0.1429364037437128
896	933	0.11574405093371083
896	958	0.10314702205720135
896	992	0.11381876755236964
899	971	0.12154723624774184
900	922	0.1056636725321755
900	924	0.20744526682761624
901	975	0.12761952179942115
904	995	0.10967347148013767
908	916	0.1249251912912849
920	924	0.10920736082063079
924	997	0.10496696208112927
933	978	0.10129801191383779
939	986	0.10164002254172284
945	972	0.14140218595468668
945	982	0.11937757517134395
946	998	0.13474675563819047
947	995	0.11999999923720066
954	984	0.11693160423385936
960	980	0.13628280298813278
960	984	0.1500216083909911
966	968	0.13746091740287508
968	982	0.13508576217576396
968	990	0.1842406081358643
968	996	0.13385847969924675
970	972	0.1282077240092013
972	982	0.14240762653539746
972	998	0.10131407607387335
976	978	0.12585001774988272
982	990	0.16498342411406342
982	996	0.10146356109386763
988	998	0.12638820612796586
