0	2	0.26034127383896155
10	493	0.10632410441765199
13	30	0.11654711168508813
14	833	0.1258217170981702
15	259	0.10495666988743285
17	968	0.12235307900035217
24	98	0.10605221991220876
37	479	0.12413690681525189
45	91	0.1686945548941718
45	818	0.10262242327658418
47	852	0.13039903694649535
48	66	0.10038157331601082
48	549	0.10372890097698617
52	54	0.12531102253429172
61	242	0.10035095643397858
63	65	0.10019387515884433
68	70	0.10714711960465084
80	571	0.12365761105110377
81	83	0.2034966220641095
81	299	0.12501651571683192
83	987	0.11213353590079347
84	253	0.10346646282660421
88	92	0.16986437584262812
88	94	0.178783408006443
88	102	0.3224979504502071
90	92	0.22813248579149942
90	96	0.22024465044194141
90	98	0.24678385284594448
90	108	0.1724115746605627
92	98	0.12701799703712638
93	979	0.1713765659570222
94	102	0.12169354253762643
96	98	0.22574198787994543
96	100	0.20939712566530316
96	108	0.23477543713546856
100	104	0.13373725091310512
100	108	0.23790641694470663
102	104	0.15792949978544982
103	530	0.11272149355962967
104	106	0.24510238979915847
106	108	0.11641530282927792
111	787	0.10257612010952856
113	235	0.11577712950078214
113	785	0.16014754101949438
119	604	0.235394596804513
119	606	0.10912437744549588
119	779	0.13673198141859705
121	730	0.15218767787398474
122	124	0.1241918744050408
123	127	0.14881702979546624
126	198	0.11281708132535641
128	204	0.11183880489923778
130	747	0.10227075467775538
131	287	0.1131812814014915
132	278	0.1165797807420591
132	436	0.205660914468324
133	961	0.10260522943624335
134	191	0.10104264458160632
139	216	0.12842719781709624
139	228	0.11202446106396165
142	224	0.16116964114445065
145	988	0.11602928436165605
146	704	0.12467766800987287
147	269	0.10775227345563092
149	972	0.1305073251616693
151	871	0.10099327145231901
151	974	0.11435677658280186
153	159	0.3151646863933741
158	162	0.10252632194613381
163	961	0.11515316596883342
176	711	0.1001792243310303
178	197	0.14045800188614135
184	641	0.10511349014893538
186	204	0.13065155598521652
189	632	0.10057499920316355
190	192	0.2251339106394278
194	196	0.19227645333416005
196	228	0.1465183346384083
198	228	0.1787361309936469
199	270	0.10213811086963824
199	537	0.10182859024274361
201	909	0.12491503010281224
202	204	0.1706653988934075
203	286	0.1274398298450049
206	907	0.1346192181709587
216	604	0.11046995348056021
216	972	0.1227975700123487
220	751	0.1279279578637877
222	226	0.10647975811218634
229	519	0.11460602003178193
236	238	0.12851013690722732
236	242	0.12692275147865723
240	991	0.10310477838287055
241	648	0.1251980549717613
248	254	0.12129902756370016
248	743	0.12510654829498924
250	535	0.11138566873854325
254	677	0.10793944758867957
257	299	0.10969611715122174
262	323	0.11356997844826432
268	342	0.11903136837964205
272	630	0.10019653927124497
276	288	0.1277248492516027
278	430	0.12481979140457372
283	685	0.10267791682592742
284	397	0.1041999596957996
286	677	0.10721651606548983
287	377	0.10673288098149919
288	292	0.1172312808558884
290	292	0.1708927525672037
290	324	0.10727141110159949
294	318	0.1301184203621664
294	995	0.12259349686288977
296	300	0.10802549148346426
298	310	0.10030304471897594
298	991	0.12623858433683063
300	963	0.12530810639061615
301	909	0.10869967105638292
302	963	0.329647582934108
319	441	0.1455043169277168
319	972	0.14613991892356692
321	834	0.11852773102442993
344	360	0.10439527130765755
345	781	0.10385823381936728
347	910	0.10867345859996114
349	489	0.10292718093232468
349	648	0.11866800457584382
353	497	0.15667748783711313
353	711	0.11382713679773694
355	997	0.13171620846296783
356	378	0.12340613875004236
363	893	0.11053475281094521
363	941	0.10065806862287316
370	374	0.104947150343513
373	423	0.10323291429478998
373	675	0.20327506751361438
387	537	0.11174174918557668
388	392	0.22069594308221102
388	394	0.10462117483137114
389	465	0.11269010898885332
392	430	0.11254394461884726
394	458	0.15049808915413684
400	410	0.12095158961397816
401	502	0.13934892241046365
404	406	0.2098459483599892
404	422	0.15769514823467534
404	490	0.11934203787551322
408	416	0.11002041013137653
408	864	0.12640804493517202
410	900	0.1089951062827802
411	474	0.10290024248286976
424	442	0.16948237118277404
437	439	0.23148723762009132
441	956	0.10039314982697603
447	449	0.11205926421718315
450	769	0.15223525405215618
452	542	0.10073195264108421
452	815	0.10595532724783288
459	960	0.1873041077388346
461	465	0.12364654826972248
463	858	0.15108147277752892
466	797	0.12194614973827513
477	854	0.14501021898506158
481	974	0.1016775998812193
484	487	0.13774687698036447
484	495	0.10948874971061079
495	603	0.10150611478810566
501	599	0.13316862445408806
503	941	0.11823882301628841
516	520	0.10312791681329574
516	524	0.22865778458842959
517	525	0.2893006870239808
518	544	0.11471968337417764
519	772	0.12152244489207883
528	831	0.10742181891807118
536	968	0.10799863254371048
537	633	0.11295937878189305
539	665	0.21696135124499055
544	545	0.10892382951738416
552	554	0.1445751802496351
552	560	0.1341352873817447
554	556	0.11225578437664722
556	590	0.15782151845739845
556	677	0.10505718234324189
557	792	0.103268159293506
560	677	0.10487947615690031
562	896	0.12751189919437925
565	567	0.1739661551195836
568	584	0.10085565182380878
570	574	0.2435788179679951
572	577	0.10216766711044616
573	857	0.11038806415022188
575	576	0.10155192056797792
586	592	0.1514019614376107
591	793	0.1113375749012709
608	610	0.14316553008250094
620	624	0.10556960093248668
621	627	0.10122834874646108
623	858	0.1001027018307791
626	628	0.20317670596085682
630	632	0.13544704644020567
632	636	0.11228618200949217
632	676	0.11417329731832274
634	650	0.1169359804387436
640	852	0.10885138083760762
652	654	0.13335154027972104
688	716	0.11267133921420612
694	696	0.19047273471712153
694	704	0.14436074303983304
703	755	0.10847742982223234
710	728	0.12876207046913604
749	828	0.10814853970941105
762	770	0.12090977715375129
763	854	0.1696726898357137
766	837	0.11070478074667219
791	793	0.10221939279714339
795	976	0.11425382609841518
812	814	0.11471608953710989
816	909	0.10807506436887075
818	909	0.10782440429561413
820	826	0.1199321654288479
843	865	0.10162764435257388
862	935	0.1025492679882891
872	880	0.10388596302214585
872	884	0.10955270492781499
900	904	0.11511195060069528
930	932	0.12590109363422958
934	967	0.12055206047689607
945	970	0.1639465949708173
956	974	0.12052401995759121
961	970	0.13795768850463835
968	994	0.1266500909764325
972	976	0.1210079919040751
