1	844	0.17657556527311874
1	845	0.10356776429117558
2	240	0.1207288193195299
2	479	0.1025622899235548
3	705	0.11480321599073409
3	889	0.10694274752322347
4	8	0.16593208111453217
4	42	0.12154719797837663
4	70	0.11179127662642632
4	549	0.136744642692125
4	651	0.11593452054012711
5	274	0.150173304664009
6	651	0.26016594522539843
7	288	0.14297609392127733
7	328	0.11710392437170188
8	549	0.15709408319787435
10	40	0.11185311953885746
10	58	0.11757765102665117
10	508	0.1361263523896631
11	489	0.10885831523503982
11	591	0.10480895687850068
12	867	0.12172219612235385
12	971	0.10154273443598344
13	36	0.1177650453537187
13	569	0.13147266160340232
14	96	0.14588487369629363
15	327	0.10237519253074437
16	963	0.1237305210703713
17	635	0.13514355947991946
18	339	0.12175410605348165
18	431	0.11941038755004874
18	607	0.11950531805835857
18	897	0.1060667596595306
18	916	0.10018878502560002
21	121	0.10629392842675191
21	420	0.11400145410518141
21	496	0.11671466070495946
21	518	0.18460193765794525
22	72	0.10038243620933313
23	255	0.11565038238539581
23	355	0.12002938607219316
23	404	0.10420905476993779
23	841	0.10198412410385643
24	104	0.1431525453989055
24	106	0.11495160078401671
24	588	0.13621528400790547
28	39	0.1035317826600097
28	340	0.12830147766445074
28	493	0.11200798137810215
29	134	0.10011207092901239
29	176	0.15791639464868276
29	178	0.17073761578770869
29	191	0.104261461385149
29	197	0.14911613448699224
29	221	0.11254112304007981
29	231	0.10632109624257523
30	128	0.11174618325483057
30	375	0.10311332359642253
30	663	0.12940570287451222
31	368	0.20173628120933906
31	677	0.11451701909022043
33	979	0.11129392859103517
34	53	0.11908767440886814
34	515	0.10175291301589054
34	575	0.11233717642119297
35	331	0.14495691751375192
36	776	0.1032374216495526
37	331	0.2162059737306618
39	667	0.10883981169755695
41	890	0.10873349130885294
42	437	0.10408277925051866
44	484	0.1013073059695861
45	125	0.12465423585125818
45	617	0.12689310455679176
45	639	0.12272876241449426
45	778	0.10088859290475961
45	788	0.18679165009977616
45	798	0.10180337922737905
47	761	0.13915957823145583
47	852	0.22767438315475516
47	978	0.10037071427439673
48	76	0.11824330295465128
50	63	0.11402302180966516
50	734	0.1001701197987364
51	571	0.11188997764745746
52	577	0.12153246699432736
53	359	0.10093133753299519
53	596	0.10688060463498543
54	370	0.11849505608309718
54	493	0.1370475208670587
54	521	0.1107012000028999
57	540	0.10717319071622779
59	793	0.14098551645385002
59	900	0.10010408893715127
61	240	0.14922240921705396
61	302	0.23801853684485158
61	306	0.11928685692926043
61	329	0.10085454330717292
61	374	0.11540472577454851
61	991	0.134774905260666
62	185	0.10021058368078092
63	289	0.10183401874763386
64	630	0.11878339938822029
66	977	0.15077091004449206
69	379	0.19994722719883806
69	447	0.10632107690632324
69	685	0.1092436648602996
71	99	0.16995511848828876
71	808	0.11072844997881594
71	959	0.13410615062415973
72	651	0.12101965143946432
73	226	0.13323231155995516
74	878	0.12797238887798118
76	977	0.10298483863639742
77	902	0.16021707917390163
78	80	0.2238656499553209
78	82	0.10767276986045243
78	106	0.1006920396577308
78	833	0.10785302364186765
79	81	0.3003500286615205
79	785	0.11103262402610611
81	826	0.13927947185663464
82	705	0.1122028682923217
83	245	0.15283338823524825
83	261	0.1098851423582653
83	509	0.13658622377428728
83	714	0.10750928759865076
87	630	0.11331096125250421
88	92	0.1183650801260603
88	94	0.26259985115910217
88	100	0.26029783367860976
88	104	0.3396595812494077
89	414	0.10389647545173351
89	797	0.13125903108040612
90	92	0.4106845153172217
90	94	0.2238453679624993
90	96	0.19304118749002747
91	301	0.12527315497373215
91	575	0.11450307978692367
91	577	0.12109754935561376
91	782	0.10703707875648073
91	871	0.11069028198799818
92	94	0.3986824648668248
92	98	0.3943358612791406
92	100	0.10069573630011164
92	108	0.24529277296096896
93	226	0.1007858337579443
93	555	0.13896773735242937
94	98	0.10662151231416304
95	181	0.10499738394339697
95	263	0.11293704727731119
95	784	0.11160725300102886
96	106	0.13711708421002133
98	108	0.3880545180353936
99	575	0.10262771134436284
103	206	0.10180319454506874
103	343	0.20399956722811874
103	731	0.10866867041155448
104	106	0.27968906001557126
104	561	0.12115180796489426
105	604	0.10791614762873795
105	615	0.1296992067411398
106	833	0.11753375551605284
107	352	0.10372217657474854
108	190	0.13130468509968157
109	169	0.10962051388340958
111	313	0.1341411094852571
111	438	0.17722545677271495
111	509	0.1016812728193238
111	905	0.10708683131931998
112	116	0.11749362538903875
112	188	0.12370817667131875
112	747	0.1018620703370408
113	567	0.16439130371028363
115	714	0.10519166053089583
115	726	0.1306110134507478
115	844	0.10974723940815537
116	150	0.1020270248771974
116	616	0.11645626249424242
117	263	0.1070544592646535
117	389	0.10141765157278546
117	398	0.11051876716492655
117	667	0.10012849124437594
118	126	0.18602654458674175
119	146	0.10088967497483822
119	303	0.1029277734595658
119	586	0.11946763016733747
119	606	0.32133939679546436
119	608	0.11162299709981738
119	610	0.24324768711593261
120	124	0.15124348789603376
123	125	0.189845601257558
123	389	0.12338505280064262
123	456	0.14128183998124397
123	507	0.10599145740073758
123	818	0.11051500626846644
123	822	0.1309829866410199
124	156	0.10123009912086839
124	166	0.11395711009041921
124	363	0.1370265080735175
125	507	0.1012322040673763
125	669	0.15727224850791555
126	150	0.12551975709595486
126	162	0.10561731740858644
127	151	0.10470306124059846
127	299	0.11608596438162354
127	792	0.11792902551774173
127	821	0.1000827379880943
127	830	0.11002212071147044
128	150	0.13268016796601564
128	745	0.13328351321246268
129	131	0.22432768877472814
130	142	0.13743619269277135
130	146	0.11026601330238522
130	150	0.11181977128080986
130	194	0.12387339493575611
132	275	0.12674269732615404
132	430	0.2043605460222749
132	484	0.12631907354932012
132	487	0.1701561415505284
132	488	0.20351249177429212
132	603	0.11306398508238398
132	693	0.17136527082985714
133	140	0.10073121696695918
133	667	0.15539077100277626
133	804	0.1146336874376757
134	146	0.10444695016474127
134	221	0.11307760154636136
134	972	0.1043510211451907
138	969	0.1013104616215737
139	144	0.10291720719574488
139	174	0.10084012658521288
140	264	0.12508876157939067
140	268	0.10428033409657643
140	410	0.1174952125963175
141	607	0.10110353787171725
141	805	0.10567073664651327
142	222	0.12108684698538177
142	992	0.1470121976112827
143	144	0.20930568705958977
143	196	0.12204403264694867
143	326	0.1099598976985975
143	537	0.10851279826716043
143	569	0.11334297585912043
145	441	0.10503755227751628
145	945	0.1299871613637214
145	972	0.1857260059151929
146	168	0.11949079230831329
146	191	0.1351708733016641
146	235	0.11625980889862667
146	406	0.12615724182461968
146	436	0.12168211023030928
146	508	0.12654245212521217
146	667	0.11533072416421566
146	910	0.16930249893870722
146	955	0.12277462700840949
148	164	0.10663297500592996
149	632	0.17294791481093105
149	648	0.10991188435006632
149	961	0.12072411807813968
150	196	0.11066801160897623
150	231	0.10444735615620948
150	747	0.12890712397494497
150	799	0.18333659615496678
151	398	0.13005202170549734
151	404	0.24551585062177209
151	723	0.1253520789811169
151	945	0.11175969234540248
151	976	0.12476714300254865
152	159	0.1042212235380995
153	531	0.14321197536509359
153	751	0.10233318076440946
154	817	0.10049512343446426
155	404	0.10180918294247744
155	812	0.11818311448760022
155	821	0.13370824472610454
156	233	0.19496799873905382
156	276	0.11218157620313857
156	711	0.10589622093437444
158	607	0.13030214962333594
160	172	0.12434826674990108
161	273	0.11113619720419728
161	491	0.15586015411125378
161	635	0.11061946844446298
161	945	0.10241061647279996
161	956	0.10406374006020556
162	860	0.11765137995365522
163	495	0.10928293439949156
163	793	0.11246670252817133
163	935	0.19822340631702506
164	166	0.15129343451345237
164	174	0.10516850445740249
166	174	0.14031150410312648
166	214	0.11555856614852522
166	585	0.10714779162954027
166	906	0.11064863749289831
167	970	0.11967135199007925
169	711	0.10561971946247554
169	887	0.10923913726336469
169	899	0.10939017769929348
170	174	0.16117426348270378
170	186	0.11232539491060775
172	413	0.10725048383672353
173	659	0.10418773206569877
174	191	0.1599430189872237
174	221	0.10066217991902066
174	361	0.12372597533581269
174	376	0.12376461937514996
174	569	0.10233219083625221
174	585	0.15336663845037246
176	178	0.10182534308701166
176	197	0.2781612029672851
177	450	0.25315286308569046
178	193	0.11855862369673312
178	197	0.2740817125170358
179	677	0.10107769431977168
180	204	0.11078865570638974
180	585	0.10828562077079656
181	976	0.12326565986709556
182	308	0.10164883230962242
182	314	0.1243685270332935
183	320	0.16576870184118742
183	853	0.11900099049495341
184	605	0.13951813946634053
186	198	0.11918298800391729
187	328	0.10790635962885944
187	338	0.11048033950921493
187	415	0.10099738655442149
189	677	0.10023738441283715
189	866	0.13468775310845843
189	874	0.14681642157790867
190	192	0.19224394769283193
190	585	0.12725823732046726
190	930	0.11537446404997477
191	585	0.13003597512268125
192	567	0.12733947158846867
193	197	0.12854480722903344
193	259	0.1021369280042336
193	406	0.11002125725588077
193	491	0.13903868563662533
194	593	0.10623918649535916
195	621	0.10505318033433503
196	198	0.12510359762491602
196	202	0.14899120528545953
196	228	0.16980698404338512
196	233	0.1140240107404745
197	470	0.11091205870741183
198	491	0.2424142356338262
198	736	0.14053935330539133
199	943	0.1971313805767361
200	228	0.11448155421873116
200	473	0.10717868772143252
200	491	0.106289859795152
200	667	0.1266873085784382
201	257	0.10202535438750837
201	810	0.14687037750434312
201	812	0.13168740905950913
201	816	0.10506862942079838
201	909	0.12132499727028472
201	987	0.10168626016107202
202	204	0.26822490812733657
202	869	0.1026427200270629
203	329	0.11499623838105391
203	334	0.10130003559479175
203	345	0.15741238300791355
204	228	0.11260634936014133
204	491	0.28057517706789115
204	587	0.13473110927731016
204	907	0.10910121986310355
206	208	0.2147499920412732
206	587	0.10317781302972565
206	653	0.12378429575114873
207	428	0.10222532963480341
207	571	0.10353618027900124
207	820	0.10564529319322925
208	416	0.10095629437541981
208	848	0.10073335948524548
209	929	0.14225586708680868
210	655	0.11668377228578276
211	331	0.16123598078428977
213	215	0.15826185384614408
214	570	0.10024444973511722
215	598	0.10088739835285582
216	608	0.15246584011521308
216	907	0.21466520814561982
218	400	0.10779511498126723
219	273	0.11568730198665304
219	402	0.10097713962319319
219	408	0.10420080013627844
219	561	0.12799112164677132
220	655	0.1291178001856968
221	226	0.14916361898958977
222	667	0.15775571232970922
223	584	0.10134775947886773
223	674	0.101099074490906
224	799	0.13719222015979743
224	989	0.1373210868103256
229	521	0.2121704354797547
230	300	0.1203360633849058
230	719	0.3136872509746702
230	991	0.11510779974173199
233	261	0.12359315944669277
234	236	0.2467861137381941
234	240	0.1679446616456112
234	242	0.11206849860353646
234	244	0.10219739698482024
235	508	0.1003378968341816
235	571	0.1445566456317631
235	910	0.10046097233752986
236	238	0.11608172922160824
236	240	0.19741358840089948
236	296	0.11243505223542208
237	256	0.10812608700145385
237	571	0.1311920039680394
237	921	0.10990005938037892
238	240	0.1128350267973995
238	268	0.12456074266545449
238	312	0.15330607342588717
238	991	0.13595980358067
239	741	0.10109773179445207
239	856	0.12254711169801287
240	244	0.13042357947733935
240	254	0.1361679836499633
240	369	0.153234509820299
241	630	0.11078220310389572
241	638	0.1295940394865346
241	656	0.10966016365961534
242	244	0.14099067844861143
243	930	0.153472448767103
244	246	0.13834605783851378
244	369	0.124481099961355
244	677	0.1071159740296642
245	786	0.1055447601890286
245	812	0.22779775939896485
245	816	0.14075753797928747
246	336	0.13937885944573233
247	412	0.11100290565965149
247	452	0.1122551425973563
248	264	0.10131045542008817
248	266	0.10549920244687451
248	336	0.1393109848147557
248	457	0.11277519721138023
248	535	0.12192287982198623
248	558	0.115001876713808
248	991	0.10938988540998121
250	252	0.11897336784837817
250	268	0.11688488306064847
253	427	0.14007746782799652
254	367	0.12369108330209168
254	991	0.10089691618333371
256	258	0.19055783140727792
256	274	0.10923633867798568
258	272	0.13663341672457036
258	320	0.10758906145583409
258	605	0.11580981741051788
259	373	0.10666476818119906
259	411	0.10836308160336164
259	733	0.10545255676528055
259	893	0.10625221187560285
260	717	0.11100872808384062
261	812	0.11163342013422842
262	296	0.10247933448288551
262	961	0.13006679803842705
264	422	0.1270921213531948
264	792	0.10666723388556744
264	889	0.1083979759165618
264	917	0.10871877321651272
265	398	0.12809946954869783
265	484	0.12237228959248816
265	839	0.11518611162012948
266	298	0.14854784278039254
266	344	0.11133223578366375
268	312	0.11768310626555259
268	958	0.10405169220864433
270	397	0.14811245570156087
270	729	0.10691511451331324
270	906	0.13014918169967088
272	864	0.15719970046789997
272	982	0.1122848403793569
273	990	0.12547337307439552
274	364	0.14426789091052286
274	778	0.1610193264443451
275	443	0.10519849024375211
275	603	0.16067363994063333
275	855	0.1222163054540268
276	957	0.13048631818756845
276	995	0.11348735333161959
277	498	0.1175965610082974
278	332	0.1735520164767621
278	843	0.10328160983597368
279	733	0.11430427193011106
281	502	0.10764245465415934
281	734	0.14091742342736546
282	286	0.14071981741326464
282	292	0.10225111575298182
282	370	0.10170001087904132
283	290	0.11725631180092894
283	342	0.1015313245516358
283	380	0.10520870985016899
283	397	0.10714831407768756
283	764	0.11605496886804563
284	286	0.11168346151836682
284	330	0.11898411800059702
284	397	0.12649205889771667
284	680	0.1739771990657648
286	328	0.13674303354270148
286	963	0.12812894352054102
286	991	0.11847258346489964
288	292	0.14708933232927687
288	332	0.10882383983711891
289	487	0.1102355816542964
289	644	0.14059581713726305
290	304	0.12596612404932142
291	767	0.1109814472879929
292	294	0.11023962491289692
294	304	0.1513212615607977
295	582	0.13065134541382
295	958	0.1412863903832379
295	975	0.10706135397344917
296	326	0.18696374156468615
296	330	0.16402892372588823
297	910	0.1273323875926127
297	928	0.1230289831614738
298	380	0.12653146580039207
298	887	0.11178051913119819
299	733	0.10736771943407744
299	812	0.13095371295499517
299	821	0.23882603602628946
299	830	0.17464626121276397
299	832	0.11236289845537184
301	617	0.10334214407939712
301	669	0.20691105981708002
301	773	0.10661879911887458
301	814	0.10773488951541733
301	830	0.110920770207435
301	909	0.13160194404967834
301	949	0.17585994032161595
302	359	0.1637491658425166
302	397	0.10107387719168166
304	729	0.10373864043634264
304	893	0.13799559933044236
304	906	0.11386202465956077
304	967	0.12158583274465598
305	371	0.10112544913840087
305	761	0.11418997381198581
307	836	0.1959082430642506
309	638	0.11082910238738403
310	397	0.12369127875471878
310	729	0.11668525725333073
312	374	0.11715210587599856
312	963	0.1012489415701068
313	384	0.10799590209474191
314	569	0.10467119429351682
314	697	0.11914956693362733
315	434	0.15603967932311552
315	569	0.10850812247967913
315	679	0.12137105695217235
316	322	0.1348263679332889
316	530	0.14382858993177075
316	991	0.14379823126571412
318	320	0.11841567287996284
318	463	0.1224073534801203
319	459	0.2306205377376752
320	332	0.10797002018550475
322	565	0.10060800472633383
323	340	0.10708009199807339
323	378	0.11765394202598824
323	423	0.13290656759187358
323	719	0.1324351446303089
324	461	0.10971592078685102
325	558	0.1650842602206346
325	779	0.1401993561633718
326	685	0.16429021319222403
326	963	0.1003886167157427
326	995	0.11111914634428055
327	462	0.10248027546493853
327	734	0.10965922052731353
329	599	0.13474535577991836
329	685	0.10890710765047909
330	880	0.11484187133442567
331	479	0.1439295354929947
332	693	0.11560773640490084
332	836	0.10058153425056997
333	649	0.10050305207389645
333	710	0.11445358219013424
334	858	0.11241432707329747
335	763	0.11547759253774448
336	514	0.10007040534356772
336	743	0.11844947349336005
336	991	0.10202216174194322
337	763	0.11514978463178051
338	340	0.11778118595830148
338	370	0.1483651655963771
338	535	0.10077487581797648
338	677	0.11358757679227592
338	985	0.10852881979270321
340	572	0.11574786059688505
340	919	0.10064721516468986
341	740	0.12240322683202425
343	530	0.15897730195237475
344	754	0.11081131829497537
344	756	0.1076605800255039
345	821	0.1134682496739646
346	936	0.128979659369216
348	633	0.1443779802308888
349	489	0.20226204961218863
350	594	0.11051707920829998
351	615	0.1427925116165658
352	396	0.10106897840917882
352	555	0.11761851948123514
352	801	0.10495971538979425
353	906	0.10161665223999229
354	662	0.10946212537666232
354	833	0.105661520771201
355	528	0.1131260729715721
355	787	0.12161098929790053
356	605	0.10223605419286791
356	729	0.1069552529183483
356	877	0.1619499811039386
357	919	0.14385581999636196
358	685	0.11465108302791602
358	914	0.11496863065727103
361	443	0.10693494251086796
361	488	0.11242989787645433
361	942	0.10397844036566092
361	996	0.11128063153963424
366	378	0.10253982834040679
369	538	0.10450382109504554
370	373	0.16202787633659171
370	814	0.1088935848513678
371	396	0.1510836508870715
372	589	0.1032162392239171
373	423	0.15542847496795317
373	982	0.11207731117401518
376	461	0.11564930490619386
376	507	0.11083942172374164
376	677	0.10746788227350756
377	627	0.1050919507193756
377	817	0.10155220194595613
378	675	0.11477533696799813
379	478	0.11349582494561523
379	658	0.10735455270364885
383	898	0.10797307872084343
384	388	0.10349215965390111
386	388	0.21448313013745657
386	394	0.10433258169376153
386	420	0.11483708806474888
386	944	0.11226241351888873
387	537	0.1292051241628005
387	845	0.10771010852461056
388	392	0.1540642928661003
388	458	0.1403485250711268
388	618	0.12670089763910083
389	391	0.32397933048860267
389	456	0.12994701958473628
390	392	0.2371338663412185
391	393	0.10669839132762568
391	617	0.105464617259433
392	430	0.10903826115484098
393	534	0.12140534853321518
393	669	0.10194229384470331
393	784	0.11951917594434058
393	796	0.10799737030233199
393	966	0.11231778253477713
394	420	0.14902230333430327
396	404	0.11142358138976911
396	970	0.10143129911546261
396	986	0.11760547922203984
398	404	0.10479614049132198
398	625	0.1365365149781646
400	408	0.13266842165484352
400	414	0.16259859017351308
400	422	0.13601238065871835
400	470	0.10250541628391428
401	605	0.11063628692853164
401	641	0.11226536593270547
401	831	0.10348304676435312
402	410	0.10334987513379205
402	438	0.16828412626532613
402	461	0.11129090130613345
402	561	0.10246738561258481
402	630	0.10998278281816437
404	942	0.1388971218265742
405	407	0.18395434086708692
405	650	0.11845832385813163
406	468	0.1297300056130331
406	470	0.1357887360408838
406	481	0.11844421476555987
406	495	0.11815469670461073
406	761	0.10286590763579552
406	797	0.11569136913872265
408	864	0.2656214420311171
408	867	0.1761213279745556
410	575	0.1157025496253958
410	640	0.10995560090065512
410	711	0.10986321464037528
410	961	0.1081070197523394
412	495	0.10237808371706186
412	884	0.1143882759897195
413	653	0.11407876609692981
413	695	0.1404892549071475
414	739	0.10404942140337824
414	867	0.16944096480283793
414	914	0.10724880493510072
414	916	0.11389354827568936
416	657	0.15164929770354277
419	892	0.1565656720427285
419	908	0.10844723696460143
420	603	0.15195068426827207
421	495	0.11575314493135844
425	457	0.10323578712964936
425	459	0.1341616159524495
425	954	0.2741226525672264
426	438	0.10103985317589143
426	474	0.16424088610603507
427	916	0.10505294068713444
428	961	0.11348989529021414
431	681	0.10021191135889365
431	945	0.10197200226523774
432	440	0.10132103946253991
432	484	0.10024472741549752
433	514	0.1364132471083994
433	710	0.14489531184505314
433	917	0.11185711351912138
434	843	0.1032716080847174
434	998	0.10602582567027
436	488	0.1226194365754403
436	676	0.11115760376680434
437	439	0.13433654607016288
437	519	0.11780130298898465
438	487	0.1544828219862302
438	862	0.11392589788558229
441	459	0.10821902251559258
441	625	0.11575390072196777
441	968	0.2403457019681982
443	640	0.10737375036969832
444	450	0.155146405095869
446	703	0.11251396779014514
447	449	0.14159243112392897
448	450	0.3694257959544205
451	460	0.10221860446036637
451	710	0.10068862638334569
452	647	0.12275435597597463
452	706	0.11217938673590895
455	549	0.11049004937579172
455	680	0.15496202805411682
455	736	0.11046982445076499
456	767	0.10565645486162632
457	972	0.16736721421430215
457	988	0.20905960856771255
459	523	0.10443866284499641
459	954	0.12826055332360722
459	960	0.2263151619315924
459	990	0.14922027337126087
460	484	0.11314396832180981
461	575	0.1216274631320172
461	927	0.10739675140673376
462	466	0.15094782928304165
462	723	0.11018029099665698
463	995	0.14038944524186162
464	472	0.10785511704931175
466	733	0.10154642842109515
466	738	0.10729719166304533
466	839	0.11950439380010376
468	666	0.10955096736871292
469	514	0.10752094372861955
470	490	0.10376776886382347
470	797	0.11685309186361624
470	835	0.11704578375831923
470	909	0.10059188064002747
473	539	0.1238612596523638
474	478	0.10026603925947414
474	629	0.10138968771783628
474	723	0.10598753483493842
474	951	0.100508148439948
477	880	0.10792819654514686
481	673	0.12752197121094352
481	741	0.1686492058944232
484	495	0.1688814955485625
485	681	0.11274706451666765
485	791	0.10024090002015064
486	547	0.10351751398647834
491	587	0.12684154339447315
492	494	0.33091176185086524
492	510	0.19191494723141275
492	512	0.16294626956716293
493	521	0.1304811343983142
495	739	0.10857692937539078
495	793	0.10501857407893911
496	961	0.12812868030616276
497	653	0.15881938094791956
501	800	0.10273495107522265
501	802	0.11734594271944566
501	812	0.10208316178520101
502	740	0.14283485524636771
502	836	0.10437120221753808
503	623	0.11575696681638858
506	544	0.11966573924478355
506	734	0.13715082685177843
510	512	0.11705711414775222
510	526	0.10635527017675206
511	802	0.1081504287596967
515	519	0.39395272829353684
515	525	0.12460305501911749
515	607	0.10277183504664668
515	805	0.14679779654512265
515	985	0.1010377709196937
516	518	0.14339511632197388
516	548	0.10334452038683715
516	917	0.10939249459876235
517	519	0.23899470719022198
517	525	0.16200868309873798
518	520	0.10467237376692391
518	548	0.11451997542582257
519	985	0.17637096463405702
520	710	0.17184748685352808
521	841	0.12213454959583295
523	787	0.10509961700899077
524	536	0.12441189260119362
526	611	0.11409904202430202
530	714	0.10318784731467932
532	555	0.10711911785805735
532	979	0.15003568743146037
533	542	0.10099611371774159
533	557	0.1047924949162499
533	862	0.1379932474195055
534	966	0.14538966415790638
537	904	0.11957522901755177
537	924	0.1221690797253397
539	937	0.12228761476891016
540	542	0.11566784845418497
540	734	0.10353266328121824
541	635	0.10016274437654828
541	761	0.12868544245277527
541	791	0.17186556401739772
545	767	0.11463588722584024
545	997	0.10008232344977695
552	584	0.1460458733254051
554	602	0.1273663065777646
554	779	0.17118794959239778
555	830	0.11470020121949534
556	558	0.17668382239404248
556	602	0.1456881549735772
556	610	0.1581790883354341
556	715	0.11469320844760124
557	808	0.10081296583670596
559	899	0.1298031293020228
561	970	0.10398007884143885
562	693	0.11178349824481652
562	978	0.11050889333337813
565	705	0.10732693965977423
566	582	0.11523261160636307
567	955	0.12333145698947957
569	912	0.16143086410770274
570	572	0.2370877288017628
571	573	0.12365187601451762
571	707	0.10238383226350843
572	577	0.22082952014467472
572	704	0.16023011561266373
572	751	0.11093943294635358
573	575	0.1228435840518721
573	705	0.2107515066317297
573	739	0.11613292497282673
573	942	0.1050356852324365
575	739	0.11768785244732075
579	722	0.10224222412061829
583	744	0.14476819395534254
585	875	0.10989337574807918
586	606	0.10724468537355174
587	808	0.10137464912647542
588	661	0.10378083360365652
588	839	0.1012551644826699
590	592	0.17842269477304776
590	602	0.2120958699503124
592	602	0.18019273301332026
592	604	0.10314917600345606
592	730	0.12819233060534227
592	787	0.10922670859986218
593	664	0.10996315717021181
593	855	0.10870159026102866
599	785	0.14022359777656954
602	610	0.13976274650057963
603	681	0.10304105553266504
603	953	0.11417134164909985
604	908	0.15495900538061141
605	722	0.12911838961981434
605	860	0.12489724451793051
605	863	0.10607566513663669
606	610	0.18570075673614445
606	699	0.11930780356554328
607	916	0.10162897143629784
608	610	0.2735022317225328
610	668	0.15046258688309955
611	914	0.1050157955509494
614	625	0.11194758604282358
617	731	0.12565847023144583
617	814	0.11228428954122883
618	622	0.1211160922667099
622	650	0.1371449302530032
623	625	0.20367101118905268
623	858	0.14222215854283057
623	992	0.10797320295230814
629	669	0.10976846446590101
630	739	0.1250339951406835
632	978	0.10930251543587058
637	645	0.21887978518489057
638	713	0.10444462380468333
638	887	0.10829273845188697
639	788	0.17026569293366758
640	775	0.10511357242374403
640	803	0.10405427215161102
640	900	0.1353513895391491
642	644	0.10768917334354719
649	698	0.12060464352905122
649	710	0.12251795651480918
652	654	0.2019006780175184
653	942	0.13921247898050726
655	659	0.11131256430476151
657	719	0.14795296476085543
657	839	0.14892818239726185
659	972	0.13094478029508105
662	664	0.1093609074654732
662	967	0.11673827090785513
663	668	0.10756137551565116
663	712	0.10913338074496721
666	824	0.12088489506283875
666	862	0.10299309711135442
667	739	0.14903474737622086
668	763	0.10836735914309405
669	824	0.10115266281864095
670	942	0.10424380883316495
672	896	0.10329502916674656
672	935	0.10248244145979322
673	722	0.12171990811586784
674	917	0.11092384672984702
677	743	0.11185221969321887
680	688	0.12412730822728538
680	736	0.1185668361853117
681	816	0.10003227064143873
681	862	0.1129347565772606
682	947	0.1988813248245358
683	840	0.18759146268159493
683	874	0.1265404396092389
685	916	0.1017020013192829
685	995	0.20485396577125506
692	852	0.14671248048482924
693	963	0.10689924218130352
694	732	0.10962860331098111
694	747	0.1293959479171633
694	808	0.10926301163457584
694	919	0.10497733747344924
696	871	0.10436348700458496
698	700	0.10156515575538717
698	740	0.10893368130572452
699	767	0.10384069768004041
703	841	0.1082237926897678
705	739	0.10837610908814559
705	834	0.12550800065093284
705	961	0.12244359341014487
711	924	0.14030587212381831
712	727	0.10886298883944141
712	982	0.10527206936154833
713	887	0.11922912623842952
714	992	0.1554059398613559
717	915	0.1017251249767481
723	884	0.10475707635276708
723	912	0.19017467217978556
723	982	0.10178813635446639
724	736	0.1820248403330372
725	727	0.1990605124526897
726	736	0.14044348066412554
726	798	0.10955639567101505
728	797	0.11309166335631232
728	987	0.13231720838327116
729	814	0.10270488706137881
730	732	0.12377110521888521
733	814	0.1227295975392634
739	836	0.10366402520787969
741	955	0.10473869330279845
741	970	0.1246945136410771
743	963	0.12181580231188524
744	746	0.11392472584231056
750	764	0.13370403963313743
754	756	0.5094578641130079
756	972	0.11575430238522294
757	891	0.1298376800870189
762	997	0.18169629371360513
769	827	0.11311362191482702
770	774	0.10102788844459758
770	917	0.10730888741887293
776	926	0.12398892987552332
776	949	0.1117212090131615
778	961	0.11524119442045866
780	990	0.11399404952996035
781	938	0.11056042908073083
784	796	0.11838520655822293
787	989	0.10005003183839066
789	806	0.10578296107521343
789	929	0.11096672764063624
790	909	0.11546703980083466
791	793	0.27374683741674505
793	812	0.11058987943869586
793	895	0.10280066381858018
793	961	0.10659288862987973
793	981	0.1328355978323223
794	828	0.13125827330613565
797	887	0.16627943796962913
803	887	0.10891575623005693
806	819	0.18683372897823072
806	987	0.10013615858844549
807	861	0.10379145460609365
810	812	0.14179194861827796
810	909	0.20499123924261253
810	949	0.10133849426652643
812	814	0.2177969517200622
812	816	0.20019476405994793
812	967	0.13182163447211276
812	987	0.20326194490569255
814	818	0.10427015065944462
814	821	0.17404452762019135
814	869	0.10391096922318577
814	909	0.11285110178742878
814	967	0.13552483607307844
814	987	0.10820094786221128
817	833	0.10555764537175534
818	820	0.10900265635238414
820	909	0.11417709314263515
820	958	0.10159490089109913
826	836	0.13686071126996008
828	938	0.1079768016014271
834	836	0.15274755070589427
834	853	0.12473649900063506
839	978	0.102983118121931
843	865	0.10869317618130678
847	871	0.10127883773841036
848	852	0.11407123616978529
848	990	0.10454947370467729
852	853	0.1330064096452074
852	862	0.10167071006236782
854	862	0.10655261419374108
854	874	0.11243963529158314
855	960	0.1424271482710603
855	962	0.12682249737503445
855	976	0.1664726159430702
855	992	0.1046951028203454
856	865	0.102771309692708
856	912	0.1292198794400031
859	986	0.1097371699432673
862	874	0.12375533735905701
862	893	0.13264881185891772
864	867	0.1020373248735918
872	874	0.15159172909753554
877	889	0.10765809670352197
880	886	0.21297954010136513
884	937	0.11388983063736073
890	892	0.10713614071872213
892	894	0.11161923064739064
893	906	0.11217657826591323
895	902	0.10123892367872724
895	936	0.1040475517371854
896	906	0.11820365410799592
896	910	0.11659336035131991
896	933	0.10397886266446185
899	982	0.11035321308563813
906	942	0.11207713151478826
909	949	0.14141084600969944
945	958	0.11106653280083707
945	964	0.10768210965254169
945	966	0.10939736558865142
945	972	0.1416592850259098
945	974	0.15024636470513245
948	960	0.10039328064603678
951	953	0.10393225415538455
958	964	0.12008763031759111
961	990	0.10173947415758
961	992	0.10463210224569733
962	982	0.11371386901341839
964	980	0.11923880685363186
966	978	0.12517853580796018
967	987	0.11759002447834456
968	984	0.19898594929234728
968	998	0.11861663356602016
970	976	0.13488251734115617
972	980	0.11652233569664579
973	976	0.15406266143104305
973	982	0.10410798829729606
976	982	0.1569666108936199
976	992	0.14074285787262558
