0	2	0.18695053845368345
14	657	0.11519647565253521
18	497	0.11039916224545884
35	37	0.1648702485390481
37	479	0.1113165556047247
42	44	0.13626559033401484
45	909	0.10483784706775515
47	571	0.10675799872038515
47	961	0.17367944440371
49	155	0.14553641055357056
54	521	0.10324387074723612
62	64	0.12625817593774608
70	72	0.10975546265091132
78	80	0.12214872417912889
79	83	0.12701822675930655
79	846	0.13120503604749423
83	846	0.11056148605823359
87	725	0.11545516545388713
88	106	0.13607439936627466
91	639	0.1188658297413204
92	108	0.19765341043825488
96	100	0.12919374113734186
100	102	0.24421484966140064
100	106	0.1349962742707309
105	670	0.12222960865098517
107	470	0.12075358560142888
113	565	0.10497841036376505
119	592	0.10142664109314127
119	610	0.15768237753972603
120	130	0.125442141606457
123	127	0.2401739887382508
125	961	0.101354595149257
127	669	0.10020397421500883
128	130	0.15006011548343834
134	406	0.120184685790575
145	974	0.12764848337244475
151	406	0.16139826468992438
156	233	0.15916074164057017
164	170	0.1619220116050234
164	191	0.13182833725888526
167	575	0.10218335196359346
170	259	0.11172253544816689
178	197	0.165980678665224
181	681	0.11458236141431434
188	202	0.10803965414570238
188	491	0.16702040484427705
190	200	0.14325075823225172
190	909	0.12620249870419517
191	193	0.11235592232837353
194	491	0.25020018874520406
196	228	0.14597949284862394
196	491	0.1146340796369261
198	204	0.10514363649385808
198	491	0.25281223564470334
203	463	0.1230107945462775
205	640	0.10601687686255337
206	353	0.1529035216539185
212	816	0.11015998121937798
214	711	0.10010640569772829
221	880	0.13601013276079651
228	333	0.1437994011862478
229	807	0.16606501147050445
234	242	0.11390428800712805
240	242	0.15332475177053762
240	244	0.1098820672864774
241	648	0.1254141261846051
245	993	0.10359240923197473
256	258	0.1088820796867071
262	264	0.13883149104220716
262	320	0.11169303145518422
274	778	0.13768873971105877
281	734	0.14473583661677436
283	328	0.11096846851428725
286	302	0.13081004019550044
288	338	0.11681600754332891
289	589	0.12661610426840728
290	296	0.12708170614972425
293	825	0.1179707597073695
296	306	0.11082150263510288
296	780	0.12491039361330686
298	378	0.12568150908462827
300	991	0.12848836334886107
301	431	0.1007283967409169
301	812	0.1029132511954375
306	310	0.1258621525851346
311	665	0.12530786239322453
314	318	0.12117848781835246
315	466	0.13080120721292093
316	685	0.1297061224818899
316	995	0.1057352496174933
319	623	0.13318108908606446
319	956	0.102759304576997
323	423	0.10985149842772939
323	877	0.10161946164179492
326	963	0.10262250431926083
333	583	0.1368399661669181
334	345	0.14366831796093
337	556	0.11655733215272468
343	532	0.10883162869551154
343	973	0.15240551301994232
346	711	0.11601100493263772
349	489	0.15845900659728365
353	497	0.12140999184609645
361	461	0.12426075163331152
373	675	0.10665030048314351
384	392	0.10045936120424284
386	392	0.10886478392297562
387	634	0.11545850329105271
387	982	0.12526155093840596
389	393	0.11442068517623226
389	465	0.11094627303332343
390	392	0.2149981706966523
393	745	0.11186710839133103
398	461	0.10751706127171384
400	408	0.10671229775832936
400	410	0.11614936518729832
402	410	0.11321890094476224
404	470	0.10103369474035626
406	603	0.10803126723906119
406	723	0.11147037392380538
416	478	0.10287062981122233
416	495	0.11600079499379513
420	495	0.10770197727239603
422	647	0.10762587182984687
425	944	0.16889181368930248
426	474	0.12875217031349334
430	438	0.11918219962624202
436	488	0.1397657878722608
442	487	0.21075000427375534
444	448	0.11636444969340638
445	447	0.22784743900473056
445	451	0.13873941952451943
449	838	0.10546140503247384
452	839	0.10485888947133747
457	968	0.11016682471644228
465	474	0.11532598559961539
468	771	0.10844760201883416
468	951	0.1156444524878058
480	951	0.11009842377255581
492	544	0.10509045928479756
503	926	0.14473387930704368
514	544	0.10922035388933216
515	517	0.2801001867504677
518	760	0.11156386120871441
519	521	0.1803873914021671
533	862	0.10816126516734316
549	651	0.11837209054211639
554	586	0.12725556815281996
556	558	0.1618501375233094
560	586	0.11636848341823512
571	575	0.2700182345651823
571	739	0.12817267059547657
573	853	0.10258476274057038
576	705	0.10518861030521397
583	744	0.24325342421903123
585	587	0.1659689925846898
590	592	0.13560234817936778
593	873	0.3511365449657926
610	699	0.10071821283608781
623	627	0.16880292704221767
630	632	0.1321738073437838
632	634	0.11444889518577459
632	676	0.11687312856189191
659	934	0.1090595936362262
694	696	0.15659849748227875
730	732	0.11848428884832887
733	949	0.1130432424775259
771	941	0.13323369336125845
775	914	0.12855544581239733
780	802	0.11961973924134268
791	793	0.10762535798571043
823	834	0.1058795321064246
854	886	0.11271421527720292
865	866	0.18710516592028384
900	926	0.10431023119780475
904	938	0.1028019676229981
944	954	0.13343531018779015
974	978	0.11852360211165004
990	992	0.11034068321968658
