0	2	0.2120353769407768
1	387	0.10512568714420009
1	844	0.10049706843049301
2	4	0.11565266865115284
3	131	0.16538366408206215
4	6	0.12548915812349468
5	366	0.1030133836063122
6	48	0.10694710002357888
7	237	0.10521894328739709
7	288	0.11708616218291908
9	489	0.22709103265391023
10	229	0.10500493888876065
11	712	0.11845910996420628
12	59	0.1102302491116584
12	94	0.11740753709931284
13	517	0.12002978097918811
13	569	0.12116604400604301
13	797	0.12396824953523373
14	74	0.10581798683884888
14	657	0.12784402658274047
14	719	0.11205764165151241
15	776	0.16657258346469703
17	559	0.10526389658230832
17	623	0.11457966975614478
17	855	0.11241870470561938
20	255	0.20302103463560858
20	697	0.10089416846554686
23	81	0.1117292250732914
23	871	0.11629205516976582
28	56	0.12453551381793021
28	811	0.13230723422575466
29	178	0.13101160856859934
29	204	0.10384522028168491
29	231	0.10986163171626205
30	141	0.15659512009356538
30	317	0.13428976869422274
31	128	0.1175031392331851
31	296	0.10791759380393895
31	336	0.1396362346715264
31	356	0.10343503037506689
31	652	0.11656828236228244
33	362	0.11004604581664848
34	47	0.1215519915515054
39	437	0.12521811916040093
40	46	0.12043988704469971
41	419	0.1024474820916598
43	45	0.15265175343271775
43	888	0.11562486226902416
43	909	0.11319960798015495
44	811	0.10522004960272262
45	91	0.13569924591238597
46	102	0.10436205279914373
46	106	0.12041867623922972
47	964	0.11382062355681238
49	888	0.1027653116938983
51	245	0.11786850016782527
51	981	0.11518790880635114
53	961	0.22186087864615178
56	811	0.10081536207959313
58	957	0.11767271155605927
60	515	0.10547247298697125
61	240	0.10889897811659373
61	296	0.16078295634816728
61	300	0.14584632904889888
61	743	0.12498378352559862
62	64	0.11379960469205672
62	681	0.11142972702141349
62	977	0.20361210102987215
63	174	0.12160836721895496
64	66	0.10120941116081048
64	931	0.10442046096861762
65	613	0.10402345265749768
66	493	0.11146967027756889
66	549	0.10596676175367165
68	72	0.20639143580298203
68	977	0.10385845285376313
69	379	0.11139077493240479
69	445	0.11196833401676176
71	99	0.23749966544917261
73	848	0.11821869996842023
75	223	0.10628691952689462
76	210	0.10585136435037429
76	255	0.1654215229853332
76	503	0.11992006167708325
76	977	0.12765843038461305
78	82	0.2309555545634359
79	81	0.15658839706614205
79	201	0.10549483430621166
79	307	0.10656100651990236
79	625	0.10654349888154015
81	810	0.11377123563817194
82	154	0.13846792550472975
83	299	0.129293966267854
83	501	0.11595213455709441
83	733	0.1547793524407486
85	631	0.10835974389688748
87	270	0.10730941533612247
87	725	0.10096248625971337
88	92	0.1097474848015377
88	98	0.26414887045625457
88	104	0.17128999654384633
89	95	0.1231371019301011
89	418	0.15432762527741428
90	96	0.32103697853777985
90	104	0.1157402311492978
90	106	0.11900931322327431
91	125	0.10477690359271427
91	705	0.10649491727810727
91	808	0.10535078821092432
92	94	0.20687961872637692
92	766	0.1090888747049104
94	100	0.1285496032493238
94	104	0.13819084776833718
94	106	0.12949970180623646
94	766	0.13541488399219037
95	404	0.1040239185949684
95	854	0.11297189908525335
95	916	0.10303730203552773
96	98	0.19212983249473253
96	102	0.16832354748528106
97	274	0.11547450341168226
98	772	0.10810893201941738
99	269	0.14954902519029908
99	377	0.10495676548694274
100	104	0.1100951031611752
100	108	0.1773562249902845
100	986	0.10036152176391208
100	993	0.10219475953251997
102	106	0.25886566186204857
105	604	0.11146135252493906
105	699	0.1750030586767518
107	579	0.12064348023146358
109	251	0.1059339112673298
109	576	0.10101442764841753
110	593	0.12293914181785945
110	756	0.102556387793798
111	430	0.12787214243285938
111	432	0.1969229462463515
115	972	0.1390171318309786
116	221	0.11059802829399641
117	134	0.1333555559280252
117	393	0.14120505936490613
117	850	0.1119179605513886
120	122	0.10093189216866875
120	126	0.12037481889766367
120	138	0.15508648577335896
120	139	0.11112311353138972
120	667	0.10571303918115799
120	719	0.10486405252196596
121	333	0.20002466487898862
121	632	0.1148060118216009
122	156	0.13768266670434365
123	125	0.25329967605577003
123	393	0.10911792034193836
123	820	0.11152801070449818
124	128	0.11560954966964808
124	196	0.10797857429851278
125	127	0.22628487309401596
125	816	0.10547785838446981
126	144	0.17459808165188126
126	194	0.13153568296833892
126	196	0.11420827768750749
126	387	0.10240259261458347
127	245	0.15869450683946207
127	669	0.1629115316933523
127	816	0.10006000581921184
127	936	0.10185783672901456
127	949	0.11015844979030888
128	130	0.11418965094042949
128	335	0.11747018995490938
128	436	0.10456695238360945
128	497	0.11706479661307077
130	144	0.10077825656173069
130	168	0.12215070231227897
130	198	0.13075562475312622
130	226	0.11245942929389284
130	228	0.10303490669925
130	904	0.10368597356517167
132	404	0.12742631930295523
132	434	0.11827641127095043
132	438	0.15446228533754477
132	460	0.19261088310479754
132	468	0.10024326816081687
133	406	0.10494692167853258
133	519	0.10202065964611969
134	142	0.10697485340144197
134	402	0.10090550088886224
135	294	0.10349830994255448
138	188	0.10459540970369222
140	873	0.10170333206652013
140	970	0.13251803534931503
143	275	0.12297110122445844
145	264	0.11236740717858207
145	266	0.1050832159172533
146	168	0.1016432178457188
146	341	0.11974126377615629
146	508	0.15481626560986075
148	174	0.10026022342068024
148	989	0.12327947898311306
150	216	0.10040298476469912
150	335	0.10221038744477784
150	338	0.10514706847659094
150	436	0.1655068216358062
150	747	0.15411085259059223
150	969	0.14642271943588256
151	699	0.11602815987706494
152	154	0.1318513897319428
153	159	0.12285895758449035
153	182	0.10325216147567372
154	209	0.10513015801984299
155	404	0.1007342353150612
156	231	0.19102943863728838
156	711	0.104673855673276
157	627	0.10234819262477178
158	174	0.12586656490429518
158	799	0.10185057875118084
159	214	0.16917235077427076
159	497	0.10024936149458204
160	164	0.10186939352365991
160	655	0.10189706234797927
161	960	0.12113688320431866
162	197	0.10570176956149104
163	935	0.12442587052935696
164	711	0.17365701600414513
166	174	0.1592851054561092
166	176	0.16398115380497907
167	804	0.12719747964992648
168	216	0.11995449766858501
169	400	0.10228577873617622
169	597	0.10678671376898957
170	667	0.11183199834902728
170	773	0.10039274163504942
172	198	0.10402191791289309
172	585	0.10643665406032958
176	197	0.17093809353897402
176	299	0.16414434459001473
176	587	0.12424543977212546
177	444	0.13180422586780188
178	767	0.10451112065240212
180	497	0.11816608603494339
182	401	0.11457022568889207
183	397	0.14110238832591343
183	465	0.11517547951146656
183	878	0.11672129067393143
184	233	0.11502077850877056
184	321	0.1366530920955079
188	196	0.11736162456036275
188	491	0.13278729279536597
188	875	0.10488921028381051
189	420	0.17319919754207214
190	196	0.10007830673649801
190	200	0.11874030565925839
191	193	0.1750662171967935
192	231	0.1051837011579995
193	413	0.10597111631087705
195	964	0.11540112843868884
196	198	0.16855054231879033
196	491	0.15622282575440635
197	299	0.10030404624122985
197	373	0.10574124038987884
198	228	0.17806466224277556
199	294	0.10578600460317593
199	557	0.10270875073664976
199	900	0.12062480810986877
199	904	0.10893325308481894
200	228	0.11359843103121894
200	491	0.2417181896508973
200	907	0.19016399112120413
201	553	0.1075754249317366
202	204	0.1994965707557333
202	587	0.10743763347769422
203	280	0.15578506862685915
203	296	0.1468888291442321
203	345	0.20147650077629217
203	463	0.20309937109577691
203	496	0.1143429639555094
204	869	0.1091573567756491
206	497	0.18212900801212586
206	557	0.10118916169506754
206	613	0.11244491841939813
208	857	0.11202624881973963
210	406	0.10581396386127555
210	670	0.1114363360528512
212	497	0.11648042308556847
212	655	0.11103153279799288
213	646	0.10338385026578333
214	393	0.1048487754567404
218	350	0.14648000550182871
219	855	0.10073537175745355
220	969	0.11629137161933047
222	751	0.11923571224901629
226	228	0.12890920585709456
228	333	0.10111937908101494
229	807	0.11939010122473767
230	719	0.1156882722230039
231	821	0.10185308718102129
233	598	0.11613723307514805
234	240	0.15052761363355227
234	244	0.10574422116195369
235	241	0.11847040160318668
236	312	0.10019210658633172
236	743	0.11245768136958313
237	576	0.11855267819935597
237	595	0.14736984224075636
238	369	0.11911166397203629
239	470	0.12220596096588078
240	242	0.11552594674725127
240	369	0.1086395329067478
241	605	0.13908703749176551
241	828	0.10480209157278816
242	369	0.10955607131748998
243	658	0.11844761548831755
243	930	0.13614215024936224
244	284	0.10463393678994151
245	639	0.13219880495405406
245	647	0.11547344991206485
245	666	0.13002035026378195
245	993	0.1268258565284303
246	248	0.10016870275101498
246	337	0.10601791888608485
247	452	0.13868669524878702
247	848	0.13898004598579725
248	344	0.14780018278303034
248	677	0.18998402611786755
248	960	0.1011600025291783
252	266	0.10425404376178878
254	647	0.11388061310513528
254	680	0.11681671754470005
254	997	0.10380624041816826
255	697	0.10358996606982583
256	258	0.10816662155058938
256	314	0.10395693310765552
256	546	0.10180226277530338
257	470	0.10442494695785935
257	474	0.12066268538508326
260	695	0.14964527142360753
261	613	0.10916999268574644
261	812	0.1372822208728596
262	358	0.10972953648870087
262	441	0.12249568476318488
264	266	0.10683928294073775
264	323	0.10131425657459359
266	278	0.12193136300370483
266	302	0.11591295897874
266	423	0.11230516964468744
266	850	0.13111075689573728
267	270	0.10753299928047041
267	741	0.10783774316840426
268	359	0.11085091054269389
268	370	0.10004521606140483
268	963	0.16038294928247848
269	573	0.11686433611397931
270	292	0.12059541012685522
270	387	0.10383023281708227
270	867	0.1227428046932652
271	605	0.10523198569584771
272	373	0.11323055264187658
272	864	0.12978201330053593
272	995	0.14388434267286737
274	290	0.13343706049937637
275	406	0.10613933131548484
275	442	0.19139267798954582
276	482	0.153527846499126
276	671	0.10234433403505928
278	576	0.10070860509894584
278	693	0.15240219041251402
279	835	0.10450027608506113
280	284	0.12497227852544868
280	735	0.1119878643480856
281	413	0.1277881889527511
282	283	0.11307917067572641
282	286	0.12296101947113222
282	729	0.10399069458964876
283	288	0.12554368976255778
283	292	0.1139183576365825
284	535	0.10270474815149958
286	302	0.13825228659771044
286	729	0.10066957064509524
286	991	0.13598034595415198
288	292	0.13805860738649578
288	685	0.11414573556367599
290	292	0.23942868617073496
290	294	0.15347489365132203
290	298	0.10503135914888359
292	294	0.12959276728762215
292	304	0.11971642544135606
292	340	0.12217094382213897
294	328	0.1102479027490678
294	354	0.10106374128683537
296	300	0.15507794155936647
296	330	0.12167000799927555
299	370	0.10123649602645488
299	733	0.15999472684899663
299	788	0.10516064895991446
299	802	0.1367085104814576
300	505	0.1493057383998318
301	733	0.13938071635097182
301	780	0.10370557647195917
301	812	0.12441955403888097
302	685	0.11254994863991356
302	963	0.1675305223217884
303	606	0.12042604699138057
304	340	0.10946195083516533
306	312	0.10060615536917214
306	397	0.10392746399793049
306	995	0.12135863157990262
307	812	0.1066018061513844
309	848	0.10908304111202088
309	858	0.14143764803895548
309	893	0.1417677416555991
310	354	0.10562599541604063
311	539	0.11474198668135156
311	895	0.13016396864371843
311	978	0.15113185806861754
312	314	0.10930633853301702
312	963	0.15232707278465915
312	991	0.13056796482790414
313	484	0.10582128924332332
315	613	0.10673237559578228
315	708	0.11251893373028621
317	862	0.11465545789747172
320	322	0.14215035249512364
320	362	0.11786537143603576
321	789	0.10109454991421901
321	853	0.10164631229092924
323	364	0.13361484295528872
323	593	0.10577475688836753
325	556	0.10395060101764947
327	591	0.10026602483286351
327	830	0.11255528244950606
327	858	0.10044789653993283
328	344	0.10075538355944208
329	675	0.10807374325968697
330	397	0.10049401766917503
330	729	0.10525052003663737
333	649	0.1172790070773682
333	684	0.11304166936909585
333	694	0.10348051539832125
333	811	0.12051227960313403
334	345	0.19502382412656835
334	712	0.11824736179821653
334	714	0.12398882461292192
335	365	0.1184474984445565
335	652	0.1049833917738749
336	369	0.12053321065829815
338	341	0.10615208487869185
338	605	0.10402687593736043
338	675	0.17494696619587918
340	342	0.2678269563301614
343	530	0.10656951576131855
344	364	0.12029683226479043
345	723	0.14423856772759755
345	858	0.12272285648887794
348	463	0.15947475981874618
348	599	0.11031200977498044
348	753	0.10531485212022719
349	489	0.18775227579328374
349	648	0.12349645629864163
351	669	0.11093650786239512
354	370	0.16171707107282804
354	567	0.10429799278134229
357	677	0.1024702621870414
359	406	0.1128156945189985
359	739	0.13021785550045673
359	963	0.21296579630810306
360	364	0.16713611089006403
361	391	0.13355231915469215
361	398	0.10402613990774437
361	400	0.10698207957046656
361	461	0.1191712575987169
362	434	0.1288563898285315
363	491	0.10137367770917695
363	895	0.10431124316224487
363	951	0.10187475949441648
364	818	0.12330022028426693
366	370	0.14498454842443065
367	745	0.12949383971005188
368	666	0.1304355747192982
369	677	0.11165905758987396
370	675	0.16179157061777844
371	710	0.10272416257057743
372	674	0.11072398668274318
373	995	0.11282572164091997
374	677	0.16053875762311756
374	743	0.10190456122351883
376	991	0.10951534407518075
380	653	0.10584838581639136
382	936	0.11761876710959027
385	535	0.10213657602376575
385	926	0.10874236733077906
386	394	0.17065375280560854
387	634	0.11766089450239589
387	922	0.1193982707625525
388	390	0.1533534939870268
388	392	0.24801545623173665
389	398	0.1073169476642493
390	392	0.19103256199593566
391	780	0.1296136201490108
391	800	0.14387869317448143
391	908	0.10201665060163699
392	394	0.11859308216137401
393	792	0.1087866640820859
396	926	0.1201448495169049
397	685	0.15097307678609587
397	995	0.11392592526492187
398	404	0.11565096831994982
398	462	0.11201249714736458
398	478	0.140637937368005
398	841	0.1343509445555705
399	830	0.10086790222902724
400	408	0.14418286150774762
400	603	0.11753099273353292
400	723	0.11099725647870039
400	845	0.11405390931688655
402	465	0.13172771893579302
404	468	0.10208703749178896
404	793	0.12725190852326654
406	418	0.11946665515674498
408	410	0.16608202946373343
408	426	0.11567838865414404
408	432	0.10620571440213197
408	839	0.10578396976195806
410	495	0.11631559546204895
410	723	0.15212283202952834
410	900	0.1675257203383625
411	994	0.10509018272806289
413	738	0.11719904242205872
414	416	0.15151173702178447
414	739	0.15105755502624252
416	422	0.14236723788263142
424	679	0.12713795369191166
424	967	0.11298489960844159
425	944	0.17071717419158142
425	954	0.11947274351432104
425	956	0.12053431368944914
427	964	0.10716837237473315
428	796	0.10400254980216919
430	458	0.10355191671126984
430	487	0.1824376557244646
431	596	0.10710340801388277
431	972	0.10894561982656976
433	728	0.15348332872656456
433	844	0.13370467652942208
436	487	0.12237575858735111
438	460	0.13049778254672761
441	984	0.11671138607282405
442	446	0.11804918386089874
444	446	0.10861342848253457
444	448	0.3001627051407513
445	447	0.1820775275503353
445	449	0.21515753857768116
446	450	0.17359570263209395
446	901	0.11359532428461568
447	449	0.22704523924213876
447	451	0.17737578935472761
452	958	0.10385788384822264
457	972	0.16623745455577116
457	984	0.1425518094597895
459	960	0.11370585044406187
459	972	0.18054312069164305
460	484	0.11186039543511803
461	466	0.10571750058964233
461	471	0.12310693730638858
462	468	0.15273808510601605
462	951	0.1432076231515493
463	496	0.10805021805391755
464	839	0.11448541280505253
465	647	0.1769676136724633
468	488	0.15638997613312325
471	822	0.11593819071091062
476	480	0.12049670276881161
476	910	0.10041580285215011
480	717	0.11692135638561026
481	791	0.10750158980071053
481	958	0.1225668960708045
481	974	0.14443440646934463
492	510	0.10897383895558473
493	521	0.11833540485025772
500	709	0.1047792934031601
501	599	0.11597696368247737
502	853	0.10535688047920685
510	514	0.1043492914144086
514	518	0.1192693895083039
515	519	0.1318108196738312
515	525	0.16400964678643662
515	772	0.11948061800099384
515	811	0.11024277631055286
516	518	0.15453342753704366
517	521	0.251883622561923
518	879	0.12091438448867656
519	811	0.11407904798634692
520	524	0.18388301694109288
521	807	0.14900195010190065
525	772	0.1047799284379432
525	811	0.11252815704927659
526	920	0.10027123493485751
530	534	0.1029883551522215
532	973	0.10128606746102313
533	868	0.10645369972742631
535	605	0.10650632098837566
535	756	0.1054909023029878
535	887	0.11268456130965651
536	790	0.12545934826620944
536	792	0.16117519158337887
537	978	0.10392022667806762
538	736	0.10094580664096407
548	888	0.12710478238457237
552	584	0.10383644873396518
556	560	0.2073213289470729
556	592	0.10275086341115483
560	584	0.18635249363041045
560	779	0.18140560218424698
562	642	0.11310322021017676
562	787	0.1082908928356215
565	621	0.10181128584130976
568	592	0.10350583816400072
570	704	0.12200122398536942
571	575	0.2039861697881695
571	589	0.12311862413846927
572	704	0.1479601516687165
573	576	0.10128543864588288
574	577	0.3100603903223091
575	789	0.12053622324365841
575	853	0.139214623450709
575	910	0.11147226513074131
584	590	0.12738644226640244
586	592	0.1439010026450112
590	592	0.22414388532980137
590	953	0.10043141873308806
591	647	0.13583638202820544
602	779	0.12383021271103441
603	723	0.10740565488904817
604	606	0.23467413030062012
605	633	0.11180285820749307
608	908	0.12413087284553852
610	654	0.11409938184853259
611	922	0.12173465532945041
612	699	0.12442795567397302
612	929	0.11408974392883696
616	620	0.15535139480471766
617	745	0.10563005561114204
617	755	0.10348308513414134
620	624	0.2361687074493384
621	625	0.11565476060081704
622	626	0.3144750849759151
622	628	0.29274537426083197
625	858	0.10876120864832657
626	628	0.278212691236542
630	658	0.1074769412104112
630	666	0.11110683473701712
630	906	0.10161404682057117
632	636	0.1279080916878458
632	642	0.1493352855437996
632	674	0.10256925707394021
637	645	0.2447042167103305
638	725	0.10333224209457025
639	949	0.10223626838476518
640	847	0.1600906731395111
643	731	0.10896285756340328
644	656	0.11176228132618976
644	763	0.16757112261018853
647	839	0.20825313119964095
647	864	0.13867367498531272
649	708	0.14515179814140586
649	726	0.13286241692124565
652	668	0.12327391728278032
653	751	0.11297050556687778
654	679	0.13404863305595374
655	799	0.1499595861658591
657	839	0.10453379114383185
657	850	0.10446019309968176
658	967	0.11257290507721805
666	783	0.1312802731691699
668	670	0.1090945054349355
669	949	0.2041078383884744
671	741	0.12707702111468802
671	761	0.10314162930638786
673	945	0.10512117401565177
678	728	0.10147755886922095
680	736	0.11966179841960914
683	840	0.13073070825289063
683	880	0.11195955786535304
684	889	0.11673927266765922
685	963	0.12179375421317093
695	983	0.11549912169100307
698	712	0.1158129916621784
698	714	0.13557284368471348
698	716	0.10055027546389173
704	967	0.13544504258575196
705	778	0.1014389010831824
706	847	0.11657785168656958
712	714	0.1311127272066076
716	947	0.12903896872803836
726	732	0.18937177015183668
730	736	0.1236491834087862
730	879	0.10135816995980312
731	844	0.1481656705568898
731	850	0.120116099730044
731	985	0.10294627465778276
747	969	0.12037316303221449
754	760	0.121529894724698
756	762	0.11283292642392097
757	861	0.1139335619812683
759	791	0.10089892925861454
760	774	0.1004909458606946
763	854	0.11254973269442228
772	807	0.14292116743402292
777	795	0.10291662891392749
780	782	0.14946486140833323
780	784	0.11636784033862055
780	956	0.10884495112584736
783	868	0.11056684137854642
784	964	0.10011810451128199
785	797	0.11862688425103379
786	814	0.10674108211306696
787	811	0.12021404143307916
790	792	0.1413998827894479
790	843	0.15341742070685174
795	974	0.10480420800377985
799	985	0.1434318186115405
802	987	0.1503412647835529
806	819	0.17198304328987826
807	957	0.12886574428101702
808	814	0.13009362131893956
808	834	0.10377910108697075
808	909	0.10522499155988689
812	816	0.11847854510408257
812	818	0.12678918706363473
812	821	0.10807612612456648
814	967	0.11613126701716572
816	909	0.11719734959529597
816	949	0.16695269612791866
816	951	0.105382927705187
816	953	0.11877907328537168
822	909	0.1071435988075402
841	927	0.10343322864623881
843	865	0.10994098953066012
848	884	0.10679529777737651
848	933	0.12557282638378742
848	990	0.11031640958005477
848	992	0.10939071877416708
854	886	0.11669627853356507
855	961	0.11043517498496293
856	865	0.1159733083392818
862	865	0.10937687229358552
863	979	0.1006232824806527
864	970	0.11264929121102839
865	868	0.14528527579061565
867	902	0.10684944799371524
867	904	0.1032676294817283
873	879	0.12017935750365762
884	886	0.11046048933564304
891	893	0.2225870991050324
891	895	0.3170327519234252
892	894	0.27190118002293007
893	930	0.144223528101458
893	941	0.1396138373365933
899	964	0.10855262000921617
908	932	0.10356897413564124
922	926	0.11520363833227343
944	948	0.127992243720544
944	954	0.13997792350189997
944	960	0.1419533909718744
945	974	0.14811958125147714
948	952	0.10834931465813351
949	987	0.1226684532288397
950	952	0.22068059771519424
951	953	0.26784565003581284
956	960	0.10367333480149653
960	988	0.14406745843579358
977	988	0.1103631382442671
978	980	0.10013395336458848
980	984	0.15910200614323902
988	992	0.10088010951379886
990	992	0.18377776341413823
992	994	0.13500584419847145
