2	4	0.22650875351926278
5	274	0.13462485567516494
9	489	0.12943584056722646
25	715	0.14016189054657718
34	36	0.17272484170911517
45	639	0.13056631359502338
61	306	0.10583134453186609
68	70	0.18436389544541584
69	617	0.11689548384580133
75	307	0.10141705563619538
77	205	0.16952787452875304
79	81	0.16966416720509184
88	106	0.14951663759748154
90	96	0.11375004822863867
92	104	0.12259933710707432
92	108	0.16902062732146353
94	96	0.14366489282352116
107	634	0.10748897581108212
113	567	0.15207111518150476
115	712	0.11785364036360178
119	610	0.14040652334894868
124	126	0.20723099242892587
125	127	0.1025564186106211
128	200	0.10079529409245384
132	430	0.11351717804454213
134	146	0.11575389744257644
145	968	0.10332312977724348
145	978	0.11028361354095685
150	436	0.10837232154752051
151	275	0.11054015804475138
152	158	0.1791194681251041
155	279	0.11318419636443576
178	191	0.23148715187493088
195	623	0.11768863774822495
196	200	0.20748838315362841
198	491	0.21164620640034673
203	463	0.1756185949194921
221	228	0.11149834369824668
229	515	0.13101704004226714
229	807	0.15855525903866224
254	262	0.1566609682539098
272	408	0.101994837559354
275	420	0.10735083054670934
275	864	0.10316644188656507
292	298	0.10609263042530398
292	633	0.12201389451063094
297	890	0.15851609814813813
298	359	0.11084235617393046
308	310	0.11719662271244778
312	326	0.10493396516324775
319	824	0.115187875972943
320	729	0.1132365692223151
320	995	0.1039917569505766
321	834	0.10966910174182966
356	423	0.10800505036269889
388	392	0.19807550995509607
389	393	0.18392003844033847
401	535	0.10915645866290963
404	406	0.22101749747932775
418	657	0.11674463775797451
441	972	0.10408446235444518
444	450	0.17825884616493845
445	447	0.21062247454711533
447	449	0.1900598887156536
447	451	0.18813870209555786
449	451	0.18169985058437593
457	960	0.11392425108597179
472	547	0.10690969440191932
508	935	0.10221356003943642
514	520	0.1953236718837989
521	772	0.10910194274509744
552	554	0.12139788910728197
553	555	0.1288949023650519
558	560	0.1048468291207472
565	567	0.15534964209139743
573	705	0.11845284011658645
583	744	0.14395956778243119
590	592	0.14864209765997735
601	731	0.10604208751490629
616	618	0.11872389427460125
617	731	0.10275848370705358
617	800	0.11114466358045785
623	627	0.1658581469171542
630	883	0.11385918170578417
650	654	0.16250182003903396
669	949	0.11435001588600839
725	727	0.13452240074151994
795	958	0.10314214948415411
864	867	0.21183667231700393
865	868	0.16468485754381157
880	882	0.11599502294057341
885	923	0.11530139161873776
891	910	0.1006019155726594
899	971	0.10792819157634982
944	954	0.1616400846699573
951	953	0.13437999323485925
