2	4	0.16801653968904925
35	331	0.10674153402738606
43	45	0.12798747564621768
51	347	0.11277350828066027
52	519	0.10296722820152043
68	70	0.16662941194310113
88	92	0.13503516547899577
88	96	0.12191038278303229
88	98	0.19709005585947947
88	106	0.1404575589143106
88	108	0.25800742678768745
90	92	0.10723843507700237
94	98	0.13570453554728817
96	100	0.14413861664290178
96	106	0.12376232467621247
100	108	0.22032605456711515
119	608	0.21819772733479367
124	126	0.13472619834126737
124	143	0.11702510649184306
128	130	0.13954054271268182
130	168	0.10911672919251084
146	150	0.1491718232068901
146	406	0.11563420520147796
149	636	0.1010933599122961
150	843	0.1205008518438347
178	193	0.23372499388082407
178	197	0.13024192497159467
180	200	0.11956575194200725
186	198	0.10032647771566558
193	197	0.14999291723713384
194	491	0.1954791436973209
198	200	0.2204995235553831
217	284	0.11874802206462137
228	491	0.11654601246538644
229	515	0.10315593250685458
236	238	0.13879190488683682
237	595	0.1408486338111007
238	991	0.10689124299788537
254	262	0.12065315500938137
269	595	0.1772339852497584
274	605	0.10157076235806481
282	286	0.15291648758730136
283	294	0.11598321865805133
290	292	0.1310991014937987
300	963	0.23285871629735683
301	909	0.11532276036872921
319	980	0.12445158704876598
321	502	0.11012740335908781
325	602	0.14524429658810628
336	342	0.11602940988781313
345	723	0.10305143190236263
361	452	0.10968020571968568
361	603	0.12368406708109739
373	675	0.1848978969317047
388	392	0.1456705296916193
389	393	0.14839152294405597
444	446	0.15128849884789541
447	451	0.10560247078163967
449	451	0.12529164409497334
459	972	0.14309703108394656
466	933	0.1031663112394979
481	976	0.15182077003262937
503	926	0.13671967127346973
515	517	0.1583853560961011
516	520	0.12860217871168297
517	519	0.19768677017967434
518	520	0.12811031752272498
519	525	0.1790882343316848
537	945	0.11126624329222451
543	889	0.10090460792219233
570	572	0.1523281559317958
571	573	0.16629248041481634
572	574	0.20748466182473413
572	577	0.1755726496830529
583	744	0.12098508874369521
603	647	0.18522973351426128
603	679	0.10731603306435757
608	610	0.21790895081412798
621	627	0.13368466345901464
652	654	0.1242939769271141
669	909	0.1077082422258557
698	785	0.10484594756756865
725	727	0.16679433712812702
770	774	0.21268732486862615
780	782	0.11040800040382033
781	924	0.11450986192461637
790	792	0.2593082472576039
805	807	0.10582255727459643
814	909	0.10440675795125189
834	927	0.10605199378493005
843	865	0.10407202504465998
843	866	0.12100381899652159
871	947	0.110010164279078
961	974	0.10886589002701591
978	982	0.10550079660405351
