1	465	0.10113744895145102
8	437	0.10174050893874215
14	657	0.1210020160097412
15	243	0.10790283362069682
29	176	0.19568787655147188
32	141	0.11983424871445958
34	38	0.11670596545989426
40	607	0.1255372802656703
52	229	0.131251689256686
62	977	0.1094490479729607
63	65	0.18842387636248756
68	651	0.10859614620502217
73	156	0.12588975195253252
79	81	0.120158140873436
88	94	0.10328144222834626
88	96	0.10539465026679246
88	100	0.11361621676091888
92	98	0.16218408648647256
92	106	0.1032954205693232
94	96	0.21296699504765157
94	98	0.26038534070219876
94	102	0.1933510457512943
95	739	0.1036256569830605
96	102	0.17794652888488477
98	102	0.1559109161917775
98	108	0.12271224519019444
100	108	0.11410531027480296
108	766	0.13080170404174674
121	684	0.1280432311513718
125	127	0.19108690615895627
125	826	0.10878277351139726
129	287	0.12257363621082036
130	667	0.1052544453995867
132	420	0.11026944297832472
133	182	0.11657980471030387
138	140	0.1430978119923469
143	144	0.1344373999577352
149	972	0.10473197455902657
151	341	0.10191460564785094
157	481	0.11057174574131726
172	178	0.13275437687933128
178	191	0.15141934944055796
186	194	0.11210182474898998
194	491	0.12794213220555486
196	200	0.12121125264068824
198	491	0.16346478934046285
201	909	0.10175004543591151
203	345	0.11146814502954672
203	463	0.1779081882925501
213	215	0.10359541690194135
231	233	0.16420840534837322
240	248	0.12095701894235487
254	356	0.126804640224696
264	332	0.10191168666959585
274	397	0.12053894531636682
281	897	0.10930317375749773
282	318	0.12317276294950749
286	296	0.10494361079719583
286	306	0.10348075465474438
290	292	0.12179949621518357
296	302	0.11414909962178191
300	302	0.13124070435543356
300	310	0.13057637820911513
302	310	0.10654054406732016
307	740	0.10630957792167518
315	434	0.11693489089265854
323	378	0.10882248295071106
334	344	0.10891083826446345
342	344	0.11464131200646575
343	973	0.25654756290115077
348	463	0.1168815805348754
351	653	0.12121637043941377
353	497	0.14204688832182782
400	402	0.12612705924925016
400	465	0.11314230445482745
408	867	0.18417849547000403
412	647	0.12134102893878727
414	420	0.10335601288182035
420	488	0.1077070121522841
420	603	0.12033871064438928
430	436	0.1284038066214608
433	953	0.1044488159622253
441	956	0.11024179252199831
445	451	0.10876679617127492
445	527	0.11137071364559128
468	599	0.10459456073352259
472	547	0.11798083997328683
481	978	0.10210818406859443
515	519	0.14300089276593916
515	521	0.10531880510701289
518	524	0.11038007332673687
520	544	0.1041038113229498
527	676	0.10416075561093925
530	973	0.10076486084623153
552	554	0.18074396039259677
556	558	0.1819593219216692
558	560	0.21406702228911592
562	784	0.10293612588361017
565	567	0.14286446149703744
570	572	0.10366136556580008
571	575	0.20858931633007766
571	705	0.20369084817590669
578	919	0.14658971676312707
583	744	0.13880960692064462
593	873	0.1410020116110743
616	618	0.1519130475009983
621	623	0.12079748250678646
622	624	0.16989780143732383
622	628	0.11725260489250319
625	627	0.13775270991948732
647	839	0.16534045704939118
673	958	0.15001166677984565
712	791	0.10500442692166377
725	727	0.24639502261499302
739	862	0.12345455985893625
741	848	0.10327642306718236
753	785	0.10190975889530945
757	943	0.13267152658801756
758	774	0.11214505845227705
804	819	0.10116032471341461
814	909	0.13274047613325837
818	909	0.13179499916490753
848	896	0.10855045748540361
854	872	0.10753329959906222
855	976	0.1031244621979548
855	978	0.10656525356028583
864	867	0.16231728898677228
881	980	0.11725365700339586
890	894	0.2097734751573693
892	894	0.11783561123769058
909	987	0.11288753102484549
934	936	0.12243694138449887
941	953	0.11583133844256267
970	976	0.1109080869158031
