0	6	0.11016579780907411
2	39	0.10795750585013734
3	77	0.11540993863263595
3	271	0.13957852672253754
13	569	0.13133811553783906
29	197	0.12000466021008048
35	37	0.27889485953321985
35	331	0.19970312363382714
37	331	0.10480944626404808
43	45	0.14145679272787792
43	639	0.10193147208942337
45	788	0.10619087834641683
47	523	0.10092004262715765
47	970	0.11474826073534557
49	155	0.10767085575019648
52	255	0.10807511329335302
54	519	0.10989018870916159
54	521	0.1894450706115159
57	540	0.10120157357487296
61	246	0.16158542498475884
61	306	0.200100990203099
63	65	0.3610499209491849
71	237	0.12769211524532678
73	275	0.10337235014835654
80	82	0.10154113685209432
81	83	0.11745205339331902
90	96	0.15501425230015828
90	98	0.21722764254242743
90	102	0.15834758214505695
90	106	0.11169367086649432
92	108	0.11233702037580287
94	100	0.11586043636849422
94	102	0.12614890958927658
96	102	0.3148252132766895
98	106	0.13421473492449115
99	269	0.13670147445913147
100	102	0.16501610148893334
101	493	0.1111354076715227
103	973	0.1323393437019641
110	119	0.10655854187807769
111	927	0.12952689574713594
120	126	0.10782837892803636
120	130	0.16578220794882717
123	127	0.27730611981291575
123	733	0.13481392065108835
123	814	0.1021938345431292
124	126	0.12392262640710483
125	733	0.10453563636606365
125	786	0.11094939231722808
128	144	0.16076075566414158
128	228	0.13931590225828122
132	438	0.304022221456129
134	711	0.11331769273673442
139	218	0.10833239265780241
140	264	0.10581061896799528
144	667	0.1374110111804321
145	960	0.1110354278979156
162	198	0.10059356298928761
164	191	0.11769382182026385
170	257	0.11918760390705173
170	363	0.11684546913643877
174	955	0.10588769399916186
178	193	0.11320600190766225
189	854	0.15851735081843457
193	197	0.10657557524401155
196	200	0.23805567383913306
196	491	0.14848516021978445
198	228	0.11765082843339619
198	873	0.11403828106580502
203	334	0.15181369337164222
203	591	0.10968290660068036
206	497	0.11641392860895791
216	655	0.11200416029683116
216	972	0.10070985234912425
228	811	0.12339807398239731
229	517	0.1312448583988862
232	250	0.12009953462062159
242	336	0.10356037922877429
242	991	0.111156809778121
248	677	0.13036583477446967
256	258	0.14902174751145647
257	259	0.2950532460443108
258	421	0.10308390056256632
262	264	0.12054666613187909
262	266	0.156680846190074
266	296	0.10205983385285398
266	323	0.1312576478645521
270	995	0.13115583301457792
273	431	0.10137350827326481
275	470	0.10107371876276124
278	306	0.10959105980623945
278	865	0.11373361702007603
283	397	0.12777744670506425
283	685	0.1626136612419114
284	298	0.11464511660062318
286	298	0.10369540185465746
296	991	0.11664246730912751
298	427	0.1017406377750751
300	302	0.16857821356019803
300	374	0.12689462325841958
301	669	0.1073852305649979
302	397	0.12383516776752222
302	963	0.27947764545894577
307	811	0.10494627574325632
307	836	0.1574338430535188
313	679	0.10268734551464538
319	824	0.11297496885989332
321	927	0.1632211575464839
322	324	0.1077477104385816
323	368	0.10704445864377683
325	560	0.10370409394092431
336	344	0.10356357847334928
337	825	0.11843660411166132
343	973	0.14500235766769526
349	688	0.10285511901779999
353	497	0.11526546146540677
359	852	0.11396685640507756
361	398	0.11845878661633613
361	839	0.11051451756748784
370	675	0.10767844946906166
372	674	0.13424866535287366
373	675	0.11187131612307427
373	982	0.11381947225009416
387	904	0.100276581853242
387	916	0.13661927824182207
389	393	0.3139086091368035
391	987	0.12714215124773798
393	816	0.1144341836591497
393	909	0.11904047526139726
398	603	0.11366685627751405
398	667	0.11208485733538714
400	414	0.1051834680880193
400	422	0.11331989065381952
402	406	0.10859076160913474
408	867	0.3092979999983337
409	773	0.10985833681312814
412	495	0.10409738216410522
412	864	0.12978197035503827
414	490	0.10191154919161553
419	904	0.11705372672755886
424	432	0.1217483183285866
433	736	0.1228515992900217
434	452	0.10368901614110461
436	438	0.2681057335834945
438	460	0.10132510856670073
438	679	0.11394408405181523
444	446	0.2150557836245668
444	448	0.31833436469461873
444	450	0.11279920564202812
446	450	0.16253796090445125
452	839	0.10101454111985037
455	696	0.1201314189717322
457	459	0.18984330946965877
462	465	0.10694441562586984
466	951	0.12113367682307044
468	726	0.10122398100523033
484	668	0.18659069573493195
495	864	0.10218607887340415
509	922	0.13440038493416423
511	825	0.10790864455021346
515	519	0.1299916085700896
515	807	0.10278963533644782
516	524	0.22914307283288837
519	521	0.18668548421457803
519	525	0.2425383185451484
521	525	0.13407590116920035
523	962	0.1687079969137127
525	805	0.1075495870925319
525	957	0.15323009403972815
526	809	0.10733413169485478
528	831	0.14642254984950653
539	665	0.11679583074917288
551	583	0.29110347199661357
552	554	0.1272242627950006
553	555	0.17242437143705155
559	899	0.1966687741522351
559	966	0.10022744862714425
570	574	0.26468068573126546
570	577	0.14854168859252323
571	575	0.33962360467105296
571	857	0.12831052265489512
572	704	0.1624294422783345
573	705	0.1507932816423744
585	587	0.15463897953765882
593	875	0.28121671324492353
593	879	0.11502320286597806
604	606	0.1865500241708651
604	608	0.13453365453782828
604	610	0.2635044993761078
606	608	0.15417981532078354
606	610	0.2703479193096562
608	610	0.2001682287531602
616	618	0.19058221687420052
617	812	0.1517292570151601
628	656	0.13582609638366508
644	763	0.10109684257016217
650	652	0.19827472391185802
663	860	0.10192833633154488
669	808	0.10284191811298488
672	899	0.10290518207509713
673	947	0.10352461283200083
689	861	0.12454760297361246
690	798	0.11676948697194027
694	967	0.10159230903184614
732	736	0.12296290308351196
745	824	0.1419136295275317
754	756	0.1930934199394292
761	961	0.100754668548456
790	969	0.1054318855313346
818	949	0.11587592407714171
834	853	0.10065550509301993
843	865	0.1001033402418451
855	974	0.13157947656057145
856	858	0.1458557512746348
864	968	0.10062413572085967
865	868	0.1795038752575226
867	904	0.12434267506391239
871	982	0.12320196156834673
872	874	0.1030954149203146
873	879	0.1043708809875016
887	942	0.10728384000977959
890	892	0.43267413709052377
909	987	0.1325636143409659
934	936	0.1379828258979959
944	984	0.13406471211440515
948	984	0.13125996775873433
960	980	0.1291112973799427
978	992	0.1128638227510838
