0	2	0.15536610728259978
1	133	0.12425131808920392
2	48	0.12572216315055265
4	6	0.12895728408490584
4	48	0.1122377198522965
4	651	0.13682862721157876
5	274	0.1643551146029626
6	651	0.1347387015783742
7	105	0.10921894629673305
10	84	0.11076084028293699
11	964	0.1035637733947103
12	74	0.10524713733257417
16	591	0.1035580276835649
17	161	0.11753573114599836
17	960	0.1006360185838672
20	255	0.13267801695439968
26	54	0.12029753885992595
26	443	0.10351231940185981
29	191	0.10723716666699575
30	141	0.2189324656050023
30	861	0.11592180359252584
31	195	0.12191540734908492
31	254	0.10938397514656364
31	423	0.10776581460875286
31	608	0.10394933469707435
31	654	0.10283674147682896
34	36	0.1104406572625669
35	331	0.23905423103797463
38	689	0.11445728850835077
41	890	0.13445602797489528
43	45	0.26062694889935456
43	639	0.1359397334300952
43	822	0.1063724706582171
46	90	0.10446923799959147
46	94	0.13475263734569579
47	739	0.10347987922834796
52	805	0.1479137704922128
56	609	0.1084077987495799
58	339	0.10640274410377261
61	369	0.16480176948137396
63	309	0.10078335104109677
66	68	0.12293945354200657
66	833	0.1334410806624523
68	72	0.21673963071325794
68	549	0.13516794583278044
71	99	0.11025978486117187
73	143	0.10041809036758516
76	262	0.1322118848004238
78	82	0.11848557491996443
81	83	0.233706890791762
81	793	0.1043652862169506
81	812	0.12947323218809736
81	816	0.10222037648445363
81	820	0.10201471868762241
81	824	0.12816186264015703
81	828	0.1071267012351549
83	299	0.12811614460402174
83	816	0.11044193807400532
85	631	0.13291954331035158
87	250	0.11241122025022447
88	90	0.15601383637432337
88	98	0.3856136287919393
88	108	0.23123134081295835
89	402	0.1296356644470297
90	94	0.11186255560895536
90	98	0.2993282335241873
90	100	0.13459026232722635
92	98	0.19639271325036695
92	106	0.2356645406595647
92	108	0.1063363322280196
93	617	0.18516667029859296
93	914	0.23695662629515724
94	100	0.3333315077836605
94	104	0.3688896161463267
95	263	0.11871199386689714
95	796	0.11607357616011857
96	102	0.17861129526853797
96	104	0.22846039576116683
98	104	0.2157347045818717
98	108	0.15459861013145287
99	237	0.13337817041668396
102	104	0.15215707474761658
103	343	0.17411799878977285
103	508	0.10118390355248333
104	106	0.1258521597012774
105	670	0.11542680908256026
105	699	0.12205316968132772
109	537	0.10149470486498641
111	438	0.13376714153662034
112	747	0.12354627697502384
113	785	0.12894324561245618
113	803	0.14963263144507088
116	204	0.15409169185338584
117	174	0.1200575201017356
117	267	0.10679550336740408
117	400	0.10580481998390638
118	122	0.1128591655305521
119	602	0.11088416075950372
119	608	0.1133746169901973
119	668	0.1036604593165512
120	124	0.10003597574893049
120	143	0.14007127536358066
120	667	0.13381382852542012
121	455	0.11473122391735012
122	124	0.11924100550968131
123	125	0.209791144308599
123	301	0.12645404599717133
123	733	0.12265504740470821
123	815	0.10901862087740036
124	497	0.12701050510966663
126	142	0.10796846544716826
127	301	0.1033746468782912
128	150	0.10274797141821186
130	194	0.1122776179827595
132	420	0.11704809685820235
132	927	0.1333010688264926
134	158	0.12263299431151857
134	178	0.16733524046131223
134	197	0.1751740118498575
134	222	0.12053713788500692
134	253	0.11883295286686202
138	140	0.10572510332251488
138	143	0.11730762404901116
139	144	0.11312463329851609
139	186	0.1287906165398034
140	408	0.10366740730225227
140	593	0.128674701371837
141	839	0.12954137317746164
142	667	0.17769175098875098
143	198	0.11170356146024243
143	220	0.12892724730306754
144	216	0.11101905169833376
147	212	0.10258821089360057
148	221	0.12662960889255126
148	783	0.1098889442394978
151	406	0.16793695925379723
151	436	0.10817362152739927
151	976	0.16802842400493262
152	158	0.14929442608337729
159	212	0.10240897444015536
161	344	0.1151048422082358
164	174	0.1838781667814481
166	206	0.11500326511926652
166	245	0.10228839563307797
167	191	0.10027359696331559
169	613	0.13077650258520887
172	363	0.10194321932364682
172	377	0.10557595483760465
172	883	0.11032714047554637
174	200	0.11980444774464204
174	491	0.12773493929208876
174	591	0.10162698857343401
177	448	0.19726178378464246
178	197	0.15487391763692343
178	711	0.10324385508042419
180	363	0.1432987516390829
180	585	0.21473064182211385
181	946	0.11119370058448995
181	968	0.10154996953591802
183	320	0.22765867704466
184	502	0.12672592916304856
187	352	0.10651616415873719
190	231	0.10574162265096163
194	196	0.15515352431006413
195	978	0.10166555840998304
196	200	0.10821121008399019
196	226	0.10793439727812053
196	228	0.14762319973777255
200	228	0.12911255627188023
200	374	0.12383340631309718
200	491	0.22484795180019423
200	771	0.11476944483135255
201	669	0.16834824524186492
201	810	0.15943137120746892
202	747	0.1077002121195146
203	250	0.10249255947014423
203	300	0.1155044813668443
203	463	0.26324265876868674
203	535	0.13720113683668353
205	893	0.10331235578540823
205	974	0.11013517195602356
207	834	0.11871748932875234
209	253	0.12977875958311444
212	214	0.21354720389654347
213	215	0.17558783092963373
216	497	0.1632513862181732
219	815	0.10155666679993303
220	711	0.10795580865567711
221	585	0.10355913683256987
221	989	0.1080530795979523
222	224	0.29084233647601954
223	439	0.10131718244075459
224	497	0.10560491649317862
224	608	0.10088387957493136
229	807	0.1453863774769317
230	232	0.11457021441053705
231	619	0.1071991757492577
232	278	0.10056422865920897
234	240	0.13691382535947885
235	241	0.11552368773580732
235	912	0.11740106481428571
238	244	0.11240762511985955
242	246	0.17288160485474702
243	387	0.11207217610191762
244	743	0.10370361331712757
245	617	0.13339102507098352
245	786	0.11926678117834791
245	909	0.10031839865756303
249	920	0.11263923436289398
250	535	0.22291106074811778
254	268	0.10526208556007913
254	359	0.146276692680938
254	677	0.10758317765697722
254	693	0.14538434073562884
255	805	0.10637648741116534
255	995	0.10602785902619138
257	370	0.1032645609069221
257	373	0.11711824857191966
259	373	0.11979473510414047
259	773	0.12262934866419573
262	264	0.1406429445158335
264	677	0.10024824601339437
264	848	0.10385422027921642
266	268	0.105976680760426
269	571	0.11237156857295556
270	316	0.10384604107249538
270	633	0.12062446266720772
270	990	0.10709912880181824
272	387	0.11113486326791906
272	408	0.1602620701473315
274	320	0.12688966531467613
275	418	0.13490605496810676
279	379	0.17174314393517467
280	345	0.11692249611230197
282	296	0.15023585010462764
282	298	0.11901822908495725
283	288	0.14051076195169948
283	630	0.12513807176557074
284	680	0.14622843571890334
286	344	0.1185663368339378
286	991	0.1373964936015418
288	290	0.13335924434323138
288	292	0.1190910539858259
290	342	0.1583203347261556
292	304	0.12062082456901221
293	825	0.13503690638740976
294	316	0.112409271428507
298	316	0.13342423110267354
298	328	0.10154637147847662
298	397	0.15775800690900918
298	633	0.12549193311450685
299	814	0.1346613992846767
300	302	0.1885271196505266
301	818	0.1873908720300483
301	869	0.11099400106280106
302	306	0.1846519363811792
302	991	0.1097840801297985
305	645	0.14070368837905434
306	344	0.11360312622945803
306	963	0.18025237057222135
306	995	0.10379793349323332
311	562	0.12566111096376384
314	344	0.12337975094606958
315	488	0.12396478616815551
319	441	0.16917275654523295
319	908	0.10196368852666934
319	956	0.12445408875663344
327	749	0.13206504576554254
327	814	0.11662307329160833
328	423	0.11087113475923203
331	479	0.11001004703254633
332	368	0.11240643556875785
334	463	0.12730001406238473
335	654	0.10218390337439705
336	514	0.13275819624985238
338	354	0.11138743980821453
338	385	0.1283611931661157
340	342	0.1170473964341419
342	520	0.12233384425349955
342	870	0.10842466310231184
346	363	0.1130505660768968
349	648	0.1354378820494097
356	462	0.10831767941764192
358	471	0.18830041110713233
361	389	0.1073950957596405
361	478	0.10123389217923788
364	366	0.139731671630595
364	605	0.11133926631054751
368	718	0.11487626028460471
368	726	0.10391116243763893
370	373	0.2030895058303608
373	675	0.3281464954239057
377	474	0.10534847735748083
381	642	0.102307004079617
386	392	0.12113838057483046
388	390	0.14844838393534332
388	618	0.11709391499935683
389	393	0.21823189486016692
389	745	0.189228388393571
390	430	0.13820871076123145
390	458	0.103653555197403
394	484	0.12413446179883189
400	657	0.1219156221940344
401	641	0.12049438226610874
402	408	0.10265693346001507
402	461	0.10661475556362124
404	422	0.10830568032080792
404	466	0.10449210395158688
404	761	0.10613302502309187
405	407	0.22740176614601582
406	452	0.10979424810740332
408	410	0.1626551038141493
411	478	0.14154540193439372
411	982	0.11652729643482294
412	443	0.11139169167444633
412	603	0.11689913804273734
412	647	0.14904409342761846
414	416	0.24634079836559872
416	424	0.10314032548425399
418	647	0.16211258095081357
419	908	0.10385176089792486
422	811	0.1039584785055232
426	450	0.10541899740854356
427	727	0.10068987115351985
430	468	0.14307423628766705
430	488	0.13135864642563566
432	891	0.13733160937641462
433	726	0.12490045970198242
433	732	0.10606903140323927
436	458	0.10012125502519603
437	439	0.22003372205845179
438	603	0.14213279701674272
441	761	0.11339712936770603
446	448	0.15663730959785407
446	450	0.14043645393862436
447	451	0.17943849780474985
452	461	0.10521274262038068
456	603	0.10093240178404167
456	815	0.13828009286939655
456	946	0.11976939786041266
457	459	0.1215619227740515
457	972	0.1773425947401572
457	976	0.10497329524773984
461	839	0.10081135626336679
465	573	0.12190607224553965
466	470	0.17175548118489162
468	484	0.11726981458517499
468	488	0.12401189322069997
470	826	0.10350733723453091
471	495	0.10944768838724003
471	575	0.10377790914007766
472	797	0.12187273415780091
474	534	0.10411050045381284
474	953	0.13773687537188004
477	601	0.10436622050600282
477	848	0.11538260339599003
477	854	0.10995783665057066
477	865	0.11207037852434264
477	868	0.12634297531314923
481	962	0.11634985402383322
481	964	0.11162403945320576
481	976	0.11667829240692222
491	969	0.12522128138591437
492	494	0.15793407925196437
493	517	0.11075987814632926
493	805	0.10184941469881197
496	723	0.11767559686589835
496	821	0.12894354774050845
501	599	0.1253309428631895
502	834	0.13033260488236945
502	853	0.18870804598789534
503	926	0.2756000975190593
506	518	0.11012861549567601
507	867	0.1194168228271574
516	520	0.15467360753378945
516	526	0.13238446413092522
516	875	0.10812517755625836
517	525	0.15146422058868822
517	807	0.1078040380192114
518	917	0.14874307343845572
519	525	0.20741058516452804
520	526	0.1816245857370869
521	609	0.14713414727665403
523	673	0.1160360133276879
524	526	0.14465404303820656
544	545	0.11962379875438622
546	571	0.10682265720161999
546	789	0.11213417591876843
553	555	0.10121239349965386
555	785	0.11882951963710801
558	560	0.1454346714048952
560	715	0.1278500538531899
561	899	0.10904938123040983
568	592	0.11682631144446441
569	939	0.11947422276918471
570	574	0.16153648819913483
570	577	0.11793415900483055
571	575	0.21019181656998084
571	705	0.18031631719169422
572	574	0.2577587986165125
572	967	0.11418178044353125
573	575	0.20520308612539326
574	919	0.1270221329303517
579	653	0.10683003739044408
579	891	0.10075308764591998
583	744	0.11749865217541582
585	587	0.3125653029505308
589	648	0.10297646574511293
589	755	0.10096568838024364
589	814	0.10084912569230259
591	619	0.11149478967359171
592	730	0.10309261185303671
592	779	0.1120219025849707
593	873	0.27328009069372944
603	850	0.10413179897711729
604	610	0.33420430867741324
604	615	0.10732606712773103
604	699	0.11522765793925216
605	693	0.1264944095022145
605	834	0.10986531465552694
606	608	0.10709266960228199
610	699	0.11608986909180904
616	618	0.13631211119709138
617	780	0.10559731470082026
617	881	0.10809871282002598
622	626	0.16681731956228546
623	627	0.24002709841933204
624	626	0.15343801518659494
624	628	0.1717030126877546
626	628	0.16369847744976326
627	881	0.10862050629923378
630	739	0.11083045121097408
630	906	0.12214186454319712
639	893	0.13024890666373282
646	648	0.11205173219229149
647	666	0.10191276189589853
649	742	0.15877435312592286
650	654	0.15150915332634463
650	763	0.10884300082382355
653	799	0.12356305491806395
657	838	0.10461379869567412
662	664	0.23647195976635704
671	972	0.1102855246867733
673	709	0.11180951887123271
678	775	0.10595651234867597
680	736	0.10765471650858055
684	726	0.10507718616464161
690	798	0.10068102363335808
690	844	0.1182390205184186
694	696	0.2272680381865245
694	726	0.12098910984044427
695	697	0.17682581045977874
711	889	0.10013675077408389
723	821	0.18398010309957458
724	736	0.12177677706061324
733	812	0.1262248967455415
738	851	0.1081303471551178
739	882	0.10705670519389507
755	821	0.10990164145732487
760	762	0.2187366939572918
761	961	0.12447129728166863
763	854	0.10569358575056297
765	830	0.10335969855982434
766	986	0.13680874225219178
783	790	0.13845830955986466
783	866	0.10662559476241716
785	887	0.1067032964863624
785	916	0.10152646092983443
787	989	0.1149428173480956
789	975	0.1101700914718114
790	792	0.2524622562040766
790	796	0.18519280772816016
790	895	0.12203772462329211
790	969	0.10122603578081366
799	969	0.10678252713550984
805	807	0.12045145796360959
810	909	0.10728946106247704
812	816	0.1024511832203725
812	818	0.1462082042275329
814	821	0.11840234932503188
834	836	0.10748521457188731
836	976	0.11916795119585258
837	975	0.12691432980187634
839	992	0.10258070151109946
842	880	0.10665936333026022
843	862	0.1093168025267347
848	862	0.10873006497283844
855	945	0.15091114422722265
856	937	0.10549904389015433
858	868	0.11654535600675985
862	865	0.11063634689596846
875	917	0.16234615149160306
884	967	0.10618704322256309
889	947	0.11476779361222726
890	894	0.1725944471666089
891	893	0.11355093441349633
891	895	0.22782844350258497
904	945	0.10222741097252755
910	916	0.10615921736328286
930	932	0.19335698825376355
944	994	0.11394811863271855
948	954	0.2041616816657718
950	952	0.13419111675689413
960	988	0.12537444668572614
961	970	0.11778996581345468
972	976	0.1065314387365387
973	976	0.15964270533102023
973	979	0.17837293464128082
974	982	0.1686908329700356
994	996	0.13969637529659087
