0	691	0.13678444867733075
31	284	0.1057561722522382
37	331	0.2415901968669279
40	609	0.12105174988059893
56	977	0.14557583385312958
59	69	0.11157904652685796
65	213	0.10349793675095045
68	70	0.1554496470085473
80	82	0.15801946219908822
83	299	0.15956497320649793
88	94	0.13360709363906276
90	94	0.21862234776014153
90	106	0.15494048773991695
92	108	0.11524228652562599
94	98	0.10344389205300052
94	104	0.15268520098886956
94	106	0.11905379757184903
98	106	0.13686395956536015
98	108	0.14900161173963647
100	104	0.10449976045888824
107	797	0.10318523881268843
113	565	0.10709402149922875
119	604	0.15008411106852015
119	610	0.10654479951255172
128	186	0.10481993327368445
134	406	0.12718039474273204
142	900	0.11527341460549509
153	159	0.12825592767932825
178	191	0.10527980107780734
184	401	0.1257928387120721
188	226	0.11446228508501871
190	192	0.14389175371353763
192	497	0.10241849249075174
194	196	0.11962513144985362
194	491	0.22734215875388034
196	198	0.15890357612163583
213	215	0.12470253645802935
222	224	0.18308945230669252
229	519	0.11128986596883814
238	240	0.1334384019634532
269	595	0.10052281812642322
274	359	0.10662694864376097
288	290	0.12713543096971597
296	330	0.11133656612638967
305	637	0.18852003333355724
311	562	0.1253531548842249
316	329	0.10656755242199527
322	324	0.1255287533727234
367	745	0.10003036656322929
373	675	0.2746189435153193
388	390	0.10363201019741898
436	468	0.11193046776410069
438	468	0.12789241036677346
444	450	0.11880702445081091
446	448	0.12337684822876605
447	451	0.13237792045422822
449	451	0.1678128605876833
451	793	0.10827642350827747
461	703	0.10124051962460225
462	464	0.10672255144937516
465	839	0.12064243609348452
472	547	0.12788760750483244
474	478	0.10529558823477661
514	520	0.12662313666309077
519	525	0.12291015267812991
529	707	0.11251106207281646
530	532	0.12973459202240323
556	558	0.10074260384357753
556	560	0.19175545410376071
558	560	0.3592588943928392
564	566	0.10691658300771313
570	577	0.12365375120111617
574	577	0.13983673573690253
607	609	0.10193598519221204
620	624	0.1527557935263479
621	625	0.12688271744983923
622	624	0.11548987675411997
669	812	0.10490387549593158
694	696	0.11064635710746755
718	724	0.10388496459250478
726	728	0.13030200216449228
739	844	0.1522258639706377
749	798	0.18108412086411582
760	762	0.10199902177209243
790	792	0.2512544480810122
797	887	0.12950994270170615
805	807	0.13889668903113245
842	874	0.11811037211155644
855	961	0.10879962314133487
864	867	0.16167384771617152
865	866	0.14632354725850494
866	868	0.1381177488562617
872	874	0.17881114264049433
874	886	0.10214558955184813
895	910	0.11375464622754361
930	932	0.14526139010820105
950	952	0.11865739859804053
951	953	0.3459122017181965
956	984	0.10174943992548602
