1	853	0.10527898058219416
20	255	0.10853107720175188
20	878	0.12022365738025967
29	193	0.12556896003650084
35	331	0.11379684365907225
37	331	0.13475766248044185
45	788	0.1383119591966005
77	410	0.11820452527467097
91	788	0.11250606298809245
92	98	0.11247290513312945
92	102	0.13298517507743676
100	108	0.15834802369716405
102	106	0.1561321008843962
111	440	0.10080830782004524
117	861	0.10305862969248111
123	786	0.11255356937276773
124	128	0.10773513148157439
127	733	0.10664991225086208
132	438	0.12649619853872524
138	875	0.10389416864719983
150	438	0.10031867939367164
166	170	0.11385627792709066
176	193	0.11455451264119984
189	880	0.11132098001154725
190	192	0.10330953133493642
194	198	0.12617910982256808
198	202	0.10076471083950461
202	204	0.10889087493324566
209	923	0.11355034782989443
210	653	0.13792965948205888
212	214	0.27953859180714713
216	608	0.10196643021959347
229	519	0.1210573354398152
231	233	0.18840343241728183
234	336	0.10604996008856825
238	244	0.12276050460354233
245	802	0.10950290209304642
256	834	0.11467528382108332
283	292	0.13623732111974055
286	326	0.10781163271071882
292	316	0.11303745825015854
300	302	0.11189163880431947
301	949	0.1438815902613208
302	963	0.2324115911282409
306	342	0.10011536372706384
306	963	0.19902352879376106
310	368	0.10562148521071649
312	344	0.11244572063837749
348	463	0.1145281487239951
373	675	0.18119208452154945
389	393	0.11582441934698354
391	987	0.1136087631427884
408	867	0.11190279021365114
414	416	0.10016004459897362
414	443	0.11682208572403752
426	428	0.10836118161980675
433	704	0.10272115321003492
436	438	0.2262130340491854
438	487	0.10137647525827839
441	457	0.11972941548095227
441	960	0.11697660451671109
442	487	0.11364438167462866
442	657	0.13487083692861915
444	448	0.12244714633431075
451	460	0.10569831982362689
456	815	0.14930020919603806
457	956	0.1220003453693172
459	956	0.10484387080378225
481	964	0.13444624023183313
514	516	0.14464337804812433
517	521	0.137760469571481
518	520	0.1452240330535961
518	526	0.1147414295492511
551	744	0.1282762269812032
552	558	0.1313870654469397
558	590	0.10565036660284327
570	574	0.1010302700736581
570	577	0.16063817556768994
589	648	0.120369908214342
593	873	0.23026329682132327
599	617	0.11764891751900419
604	606	0.10461566630995162
623	627	0.11112708734132037
669	814	0.10808383600404443
669	949	0.1142458554548698
724	728	0.10392058079011791
733	818	0.10661411703072009
780	802	0.10455601889748072
799	989	0.10081219958191492
804	806	0.1677027918347278
814	949	0.13132122040223668
818	987	0.10348601892820551
862	884	0.12803099338090704
865	866	0.17764067815603143
923	975	0.1323678129574448
