0	4	0.27644406146341816
0	72	0.11985453906135252
1	705	0.13052677333735474
1	783	0.11198662100119047
1	803	0.10561705614221978
2	8	0.1358931355032286
2	691	0.10868243569802609
3	109	0.10779144574858596
3	398	0.12936749332433395
3	850	0.1036685262896525
5	274	0.20163871545654918
5	320	0.20822143117456188
6	651	0.14842408761436976
7	34	0.10236581175146812
7	51	0.12176293975723541
7	141	0.10882151695059036
8	651	0.14078634721537756
9	489	0.13297522686832405
10	493	0.16271247146579898
10	799	0.10829018626912168
11	489	0.10931691353439695
12	106	0.12395912602401427
13	76	0.11278175747966192
13	98	0.1017286794848624
13	173	0.10118912525549917
13	517	0.12596046315246368
13	982	0.11191948434034958
14	657	0.17101638279871578
15	405	0.16315250275592827
17	632	0.10100998048564487
17	972	0.14392367387131128
17	978	0.10033917811824976
18	54	0.104272705383773
18	431	0.12623680344866278
21	880	0.10031108948457046
22	30	0.10065922117029909
22	68	0.10891273689497633
26	28	0.16513407071783479
26	101	0.15397334095471318
26	576	0.1068586797139487
29	206	0.10411538195222701
29	363	0.11521598132070135
29	613	0.11729492138198265
30	493	0.10384719339119892
31	128	0.14306691546949907
31	369	0.1454454368053032
31	745	0.10104194189888002
32	151	0.10515661966358222
32	389	0.10398852949178451
34	210	0.1553597701256576
34	682	0.10821890060753979
37	331	0.22563034760541456
37	479	0.14572995459831112
40	811	0.14202400689734967
41	205	0.10507378294316531
42	811	0.14357300347319285
43	91	0.1159550633408253
43	327	0.10228724338967227
43	788	0.11413993469972668
44	48	0.16658687096763145
44	772	0.10049114823352621
45	426	0.1132911327327289
45	749	0.10571529227628997
48	75	0.13078157707968038
49	227	0.1117869403781869
49	579	0.12902032459808976
52	519	0.11689818678606653
52	521	0.12362924805316836
53	569	0.10668036034960167
53	612	0.10740295617076648
53	613	0.1025456555028316
54	229	0.11533280144794153
54	253	0.10445756732131521
54	772	0.14819660261299253
54	807	0.13590603709926433
55	719	0.10173200396431688
56	110	0.13665626443362186
56	957	0.12963979549278998
56	961	0.13828697946422064
57	817	0.11797780176709946
61	234	0.10745186560618936
61	344	0.10227021766762016
61	369	0.23026238117416697
62	64	0.37007561687170404
63	213	0.12886080145080303
65	215	0.15455353757183113
65	571	0.1108574964049219
69	445	0.12035008693398383
69	617	0.1945955417507909
69	887	0.10956611306863866
69	914	0.11283737197326904
69	938	0.14266799830312316
70	439	0.14783765907857424
71	99	0.1470492801278802
71	595	0.14714596198877503
71	804	0.10326728297825753
72	691	0.11832316250963833
73	168	0.1146609571712634
73	466	0.10897890610268292
74	536	0.1332085703571579
74	792	0.12015386888142866
76	264	0.1501491061091103
76	365	0.1043343701466911
76	401	0.10157116121716538
77	199	0.10334453291910305
77	891	0.12960585537052757
77	904	0.12101365838925904
77	976	0.1216761014276974
78	768	0.10075789039930574
79	81	0.3745238435841733
79	83	0.21311543571290803
79	245	0.11340726984312048
79	253	0.10135175107097232
79	299	0.12818660020240477
79	791	0.10425178640185104
81	201	0.15498433396317507
81	836	0.11102943734369279
81	909	0.15839105873306447
83	466	0.11765198463736004
83	729	0.12449793142941071
83	784	0.15702270322287465
87	660	0.10085157359110775
88	96	0.14475209161198174
88	98	0.19551735649927499
88	104	0.14811940188657924
89	398	0.11695156804754288
89	404	0.18024255667378425
89	416	0.10177138472914332
89	603	0.17265921288356167
89	679	0.10017515600363894
90	98	0.1234551888098605
90	102	0.26931658448955614
90	934	0.10281010645593215
90	936	0.10558500714194055
91	299	0.10369129237152108
92	100	0.26821167563892956
92	102	0.31195048826515176
93	291	0.10126577891921261
93	553	0.10285075052926973
93	794	0.1430876801918026
94	106	0.12938756350926134
95	149	0.10570464912053641
96	102	0.13936004432242638
96	108	0.21582748715219335
99	959	0.10369218757797136
100	102	0.20103436722932239
100	108	0.11921503948234424
101	339	0.10098068815617729
101	924	0.10159659346593064
103	125	0.10854069218345071
104	108	0.15401266540706368
105	814	0.11513563301562005
111	132	0.14932186166162903
111	422	0.10949853193834742
111	461	0.10386513429231647
112	120	0.10344197141435103
112	198	0.1035273341831177
113	621	0.12264283795329607
113	833	0.10348508450142437
115	305	0.117835090244012
116	128	0.10225663421720058
116	168	0.11264156795807308
117	375	0.10511763318981425
117	389	0.1305138842850621
119	558	0.10210914265473096
121	333	0.16587380616650782
121	730	0.1091878077684138
122	535	0.1001379837527798
123	821	0.13027040997591072
124	143	0.12319679360255502
124	160	0.10419863351945449
124	196	0.12033825534417938
125	192	0.12295864275029336
125	429	0.10022105126592366
125	808	0.10700371064702019
126	162	0.10917185847299028
126	272	0.11983587821476588
126	754	0.10726572234431495
127	201	0.10566054503686843
128	130	0.3414032331682353
128	144	0.1431298880551329
128	200	0.11834479768971172
128	216	0.15305620384825827
129	131	0.2769051725970733
130	142	0.14612578401766274
130	148	0.10533340721930329
130	361	0.10175140397443275
131	421	0.11159503005014718
131	921	0.10547972701066098
132	436	0.156208212991426
132	438	0.15107803586445004
132	487	0.15239903370763594
134	142	0.14287772873350812
134	404	0.11689480746610256
134	945	0.120226705803346
136	191	0.11300843324900293
136	968	0.11242963745396582
138	200	0.11217578921384408
138	202	0.10808336304802231
138	587	0.13076334764314496
138	747	0.11096500412685203
138	972	0.12069188084860802
139	228	0.12266568682186828
139	491	0.13720481177562585
140	144	0.11473418326149064
140	410	0.12065689419406697
141	839	0.1150347745227518
143	266	0.101116461155782
143	495	0.12882816927430252
143	982	0.10186616826157747
144	216	0.12760959566545182
144	956	0.13710321677217047
146	155	0.14573430388599645
146	170	0.12546277443762516
146	174	0.11428641895180072
146	231	0.10659029661674342
146	391	0.10464277570561685
146	404	0.13822008482849651
146	577	0.10980949412561863
146	678	0.10078270220031624
148	150	0.1078796546073173
149	656	0.10687841720607738
150	438	0.12350468357587145
150	989	0.10734426611491663
151	169	0.11401774380044334
151	428	0.12400420642512294
151	703	0.12734581474302878
152	154	0.11308340215893267
154	574	0.10676670563345261
154	613	0.12058710205677137
154	751	0.1241379938282081
155	241	0.11415666167960122
155	379	0.1247994743130857
155	791	0.12541191915159067
155	793	0.11366332648410774
155	865	0.10708722615560129
156	160	0.17181009755312285
156	231	0.19322635272866437
156	233	0.10939763802293977
157	930	0.1076995223168927
158	537	0.11442589523322458
160	178	0.11581593082693517
161	195	0.1617933735060303
161	489	0.10018206153427703
162	194	0.11111902938017602
162	655	0.15616116534363847
164	909	0.11788090324577433
165	287	0.11976994848879124
165	295	0.10665654544038036
166	172	0.13456758856894185
166	193	0.12335050870318431
166	987	0.10531085075150853
166	989	0.10356302076560836
169	559	0.10857279481459585
170	178	0.10624783798634935
170	569	0.11125013972655576
170	667	0.10241902159292761
172	191	0.10033520091997303
172	953	0.11102906419803443
174	178	0.1542054223201539
174	200	0.16140967724591243
174	373	0.163773820693902
174	461	0.13716592723981882
174	910	0.1018767934996951
176	178	0.14769018152649446
176	182	0.10403539702811365
176	299	0.1273016768898972
177	474	0.1066199779945697
177	769	0.12385419777501541
178	353	0.12003373185229738
178	491	0.10237675580016527
178	711	0.10397221209259619
180	196	0.14469908333643555
180	200	0.13378449596885478
180	363	0.1269496733092687
180	585	0.12540067572760374
180	908	0.10548477984695839
181	195	0.10086629602022544
182	939	0.11621571517020919
183	203	0.11424792163668386
183	214	0.10912404744297961
183	314	0.12345504505324538
183	316	0.1695951205345453
183	995	0.11718462708295027
184	635	0.10153316108750014
184	834	0.19295268719521028
185	353	0.13715174350948764
186	226	0.14746535224455212
186	464	0.14082577993372244
186	587	0.1300864630303212
188	873	0.10424093332081831
189	684	0.1289094288576052
189	856	0.10119776837035273
189	874	0.11790221772712721
189	886	0.1879345092209232
191	193	0.18367703388317586
191	197	0.13035831326180952
191	370	0.11243403922239481
191	453	0.1278486787658717
191	937	0.11209603935325094
192	194	0.14659237030257283
192	214	0.1129102940188927
194	196	0.136075103959694
194	198	0.24636712458355342
194	228	0.1194483666977392
194	592	0.12125996449592003
195	457	0.12349058699378608
195	761	0.13763229469721197
196	200	0.1963941059045443
196	202	0.13484964916863296
196	344	0.10392959259833157
196	907	0.12500523574134367
197	224	0.1082673278545894
197	481	0.100766843354205
198	228	0.15433170042267685
198	491	0.15436547478932508
199	353	0.10169829636535135
199	503	0.10184126409179461
199	633	0.11284170353312718
200	491	0.1793058838437145
201	909	0.10596892501844965
202	587	0.11154525681637363
203	345	0.10305086308337075
203	348	0.1591435303005121
203	537	0.13464733469766785
203	858	0.11554277746899151
203	963	0.10230564299920991
204	226	0.14181838809264435
204	491	0.10233826732708458
206	212	0.1162051684230803
206	220	0.12466087419682674
206	222	0.10507035630664949
206	613	0.13194865070345158
207	792	0.10429126241659618
208	497	0.12401079975041655
209	358	0.12386097595708606
210	751	0.10911933191189399
210	773	0.10162477595249886
210	898	0.10394764754023063
211	293	0.15645602872271946
212	497	0.18838128955815753
219	867	0.1182702372360139
219	899	0.16049586651856554
221	363	0.10821702484321769
222	799	0.12604498856277843
224	363	0.1148358620619289
225	722	0.1151322591875027
228	333	0.10219414835498622
228	491	0.10042483986771067
229	772	0.10252798808632474
231	233	0.30298551568427406
233	937	0.10055221389366631
235	775	0.1454003762377658
235	895	0.10684908249074371
235	914	0.146749430008596
236	238	0.16535900738465584
236	374	0.11243532308448446
236	554	0.1288521890675759
237	340	0.10747305563914927
238	743	0.15520045294153959
239	866	0.10486387176686675
239	884	0.10066582104212209
241	942	0.11774543454441296
243	930	0.1265214811555639
244	369	0.10750911497197951
245	501	0.13559563196128985
245	745	0.10049243509286807
245	949	0.14105848692527953
246	312	0.11964372797788277
247	452	0.11054789921722227
248	266	0.12423451302673508
250	274	0.12213458124907335
250	397	0.11285175278099793
252	284	0.10855441121724899
252	634	0.14207665332799305
253	772	0.11398988059362969
254	262	0.1275273487254419
254	278	0.13076319974914866
254	368	0.12172656707442299
254	374	0.1276075039726696
255	532	0.12821361892471092
255	961	0.11041758865620507
256	889	0.11147437532862461
257	589	0.1187861171605416
257	716	0.1175336115872402
259	589	0.10466818603563977
259	759	0.10500552077941962
259	821	0.10155525394721962
262	268	0.1311132795493805
262	296	0.13448548618652917
264	272	0.10321127497831058
264	312	0.11567350477590209
264	972	0.11307942965105842
265	398	0.15420619866757151
265	420	0.23009678391014834
265	488	0.10268478781103527
266	270	0.11976276405802704
266	296	0.17734604586785996
267	270	0.1065551075295757
268	272	0.1041926749486686
268	356	0.15890353511983085
268	848	0.10727869539521845
269	347	0.15777616145040088
269	546	0.10084224495882832
270	296	0.11383144144539133
270	316	0.12152400010505167
270	634	0.10475191309473048
270	729	0.19210643353224238
270	864	0.10467155422758194
270	889	0.11900261644352302
270	961	0.10404446583515456
271	630	0.10029604096014229
271	785	0.1367053271491754
271	967	0.145727338307953
272	298	0.12255570038514474
272	675	0.1255315817131468
273	627	0.1000576894608221
273	658	0.1006377925254385
275	418	0.10633017857123266
275	422	0.1265771476248074
275	543	0.1682567497448275
275	657	0.13878882051453023
275	850	0.10838377440399306
276	482	0.10131849539976448
276	557	0.1524358519342092
276	729	0.1257305991666942
277	542	0.1368282930995465
278	438	0.16972765953369431
278	693	0.13198663832484714
278	811	0.10514707729277176
279	655	0.11333681281488572
280	306	0.12359646836292479
282	306	0.10050902540601989
282	314	0.17980031432683782
282	508	0.1395285132320823
282	670	0.12501626039569494
282	784	0.10261957294280681
283	292	0.2516478656914471
283	294	0.19734167884763681
283	380	0.21488845406437967
284	296	0.10055256460003478
284	991	0.10841814238263768
286	314	0.11049168181695589
288	397	0.11686759618370977
289	648	0.12243464091691673
290	292	0.21696854166441332
290	316	0.10309857218997234
290	729	0.15598079247027347
291	800	0.10318063813952594
292	294	0.13817148543438224
292	296	0.15658593821806766
292	298	0.10857335810628163
292	314	0.10249038091523477
292	338	0.10106850991730504
293	825	0.13692592330731285
294	545	0.12503545532455504
296	328	0.11203366447468965
297	894	0.12846906823266638
298	344	0.1004753675773563
299	784	0.10551083433736927
299	799	0.1030275483011267
299	814	0.1619881749198674
300	302	0.10739377236070419
300	306	0.10308525872527238
301	659	0.1067572254935777
301	788	0.109168290007827
301	812	0.11676087370504357
301	830	0.1653934262858015
301	869	0.10481901025754721
301	909	0.18078466001291238
302	326	0.16583020514814978
302	342	0.1449905517613196
302	963	0.3864716943307955
302	991	0.13919173506810936
303	590	0.1023552736853341
303	779	0.10297098382830477
304	320	0.12356931927070182
305	645	0.12218279867860196
306	310	0.10765090445327054
306	360	0.11071872223972937
307	809	0.10471112288652497
309	862	0.1003639737633095
310	326	0.18717587766874677
310	397	0.1368938083685884
310	735	0.10021851083083744
310	963	0.11158280528642125
312	336	0.12319833974047271
312	677	0.10056406774787409
315	351	0.11493431820107537
315	493	0.10916810472066166
315	794	0.10013733772060983
316	324	0.12845292343469938
316	397	0.17267806453729537
316	995	0.2171555839095867
319	441	0.18779913671121592
319	481	0.11148328784906182
319	625	0.11659876951363192
319	946	0.11010047982375855
320	382	0.12691737275644369
323	366	0.1092699329729635
323	374	0.10220732296203587
323	463	0.14725516951445253
323	605	0.11478475396184594
325	554	0.12388321249334523
325	779	0.1849773909719597
327	363	0.10008797870906724
327	802	0.10078470776668493
327	821	0.16036784113492547
327	824	0.11203362874214329
327	924	0.11068437136490768
329	735	0.14908421292095264
330	880	0.10040007963096102
332	362	0.10762949865398375
332	470	0.1284905586386965
333	455	0.21752299205481795
333	680	0.10538653483989813
333	694	0.10405945339157595
333	746	0.1022283088435349
333	811	0.1445753329119143
334	723	0.1766751587270163
335	630	0.10309554957347403
335	632	0.10928017544084757
335	638	0.10696124672921252
335	642	0.1453511360052811
336	368	0.10782181432548352
337	558	0.10407175366505073
337	984	0.16364098427234777
338	342	0.11343392014771153
338	963	0.1316040413839918
341	473	0.10505869231908839
342	572	0.11454519776103597
344	369	0.11611979959683709
344	530	0.11413173127726411
346	711	0.1457064492633003
348	373	0.13200711075672655
349	489	0.15823449392774253
351	653	0.16342061213488351
352	739	0.12652983687349162
354	889	0.1031869601889841
356	373	0.1295782272316254
356	877	0.1867678804595338
358	360	0.1069812595066781
360	374	0.11164057129308308
361	402	0.10947399106471657
361	406	0.10359180594681812
363	613	0.11592849508598721
363	839	0.1311849856667218
364	382	0.13216119323100214
364	397	0.10186048729761642
365	437	0.10837483292682687
366	378	0.15903440113538764
366	728	0.1601261134281842
367	652	0.1395415886132121
367	842	0.13428171697001315
368	666	0.10969722473614876
368	726	0.12651080711210275
370	373	0.12311315026005315
370	675	0.2480935647826248
370	895	0.10783313362267972
371	396	0.12945160219208732
372	630	0.10735625364971271
373	675	0.12677854390990495
373	846	0.11216679510099208
374	378	0.1020066047367422
374	677	0.1017867273609359
375	864	0.12080278809868786
375	967	0.18294808483287162
379	591	0.11987640793032067
379	797	0.12965084185103384
383	860	0.10270159262742637
384	392	0.18990524645029383
386	462	0.1109073345684235
387	902	0.11149487123353471
387	926	0.13388957312831626
387	938	0.12682301717110359
388	616	0.10306438422891188
389	393	0.10264464425765822
391	816	0.10857450928451104
397	463	0.11675394777811436
397	889	0.1279284712269201
398	404	0.1266959948242735
398	776	0.20714082413210852
399	705	0.1016195900759567
400	741	0.14618974444054536
401	443	0.1214861349225401
402	474	0.10722761673529839
402	495	0.11234061946236855
402	974	0.10314045008170863
404	412	0.12799771839619495
404	470	0.11209564110503457
404	871	0.10436332769301487
404	964	0.10941476755999864
406	466	0.11713439959442212
407	505	0.13390121930233304
408	682	0.11121133770529784
411	478	0.13159534832727826
412	537	0.10302747525398454
414	420	0.104788243680568
414	422	0.16095468746600894
414	634	0.1070027608416851
414	647	0.10358322741065286
414	723	0.11316745886633763
414	753	0.10271750074432044
414	864	0.108386220823896
414	992	0.1101388605520162
416	442	0.10721834652339235
416	603	0.11199857642710376
418	456	0.12752177418924487
424	723	0.11046834086203194
425	954	0.11454064204467328
426	679	0.11217445810266523
428	796	0.14067461950719792
430	436	0.13339202987798404
430	953	0.10972770639784879
431	635	0.10707985345557149
431	776	0.11078118563244828
432	862	0.10407038243560456
433	514	0.11174984313900795
433	688	0.10003954140856977
433	710	0.10193242532609932
433	716	0.12265017761046701
434	725	0.11219966392463511
437	439	0.24445516211200458
438	487	0.17122183226579388
440	442	0.11025340311102683
441	623	0.11191338867642085
441	968	0.10850915657115667
442	478	0.1004489314149004
443	465	0.11181310085993477
443	647	0.11250825907306122
444	448	0.1666123651825277
444	450	0.31444971948920153
446	450	0.19107062388608329
447	451	0.2888610436273563
448	450	0.10758985867765576
451	759	0.1245434324706526
451	920	0.11681194354509973
452	456	0.11342976462349144
452	465	0.11270288137579419
452	562	0.15105679738352173
452	839	0.11089381123136134
454	986	0.11051551320381835
455	704	0.10600717674514212
457	761	0.11004885623560245
457	960	0.17207395030464723
457	976	0.10737316591782164
459	621	0.10302078608462592
459	960	0.34914764102119716
459	984	0.23442537692582094
459	996	0.10655463506046207
460	462	0.1113152907325404
463	591	0.11110208623272874
463	629	0.11076142388459101
465	786	0.10812249754784657
466	679	0.12767566774253425
473	491	0.12526245563041236
473	539	0.1024776535044146
474	480	0.10225964432160387
476	867	0.12237584850100892
478	797	0.11822189601340699
478	841	0.12276087714999116
481	553	0.10460297897822295
481	625	0.12131105240722552
481	755	0.10184427721701693
481	817	0.19114890122459144
481	958	0.1969854294256517
485	671	0.13350861226768063
492	494	0.2360143221242139
492	524	0.12099236705098367
493	814	0.10551510980481191
494	512	0.12988199823414223
494	514	0.10445244741325325
496	852	0.10519229578807383
501	733	0.1007050270052332
503	910	0.10750124027515304
509	896	0.1204358383790475
511	592	0.11146495061265496
511	687	0.11112351966927
511	824	0.11794127622814102
513	665	0.138828349899559
514	516	0.37871363225114013
514	518	0.1423699017069289
514	524	0.1477509509463605
514	905	0.1199984615603934
515	521	0.17181319333733563
515	525	0.13608330284859535
515	772	0.10189533186757213
516	518	0.30002890604192817
516	526	0.1079564202424118
516	873	0.10235642594461516
517	525	0.11796553087005682
517	635	0.10030529806686955
518	524	0.11486620898529797
518	979	0.11887855810775554
519	521	0.41941315613809277
520	524	0.1438443978254906
528	831	0.20389832449533055
529	707	0.1566995533688864
530	973	0.1094651553201581
533	865	0.11217649194930265
535	636	0.16758946814287368
536	792	0.1650451743195328
537	891	0.11605497325393163
537	893	0.10258648875678972
537	904	0.1482766087557259
537	916	0.1060609471855271
538	544	0.12685407103689472
541	982	0.1360976549699504
542	611	0.11014148572488351
542	832	0.10223730247295067
545	699	0.10385759476731565
552	554	0.12014671973509145
554	592	0.11471367060565102
556	558	0.1377889274312672
558	677	0.1013716014516926
563	619	0.12500240727943862
563	759	0.13827236375395657
570	574	0.1530417225344139
570	919	0.1170067113612263
571	573	0.1010341880231155
571	580	0.11247242397209782
571	589	0.11441990114478323
571	741	0.11385419444953787
571	955	0.11216355508934636
572	577	0.14735876230189243
572	731	0.11287601684844391
573	966	0.12397987653959844
575	639	0.14493254778285194
575	705	0.19673207121110864
575	910	0.11480091018265944
575	972	0.10620926929896479
577	704	0.14927896068080226
579	662	0.16687345361342598
590	592	0.1513834882940016
591	810	0.1148655036303551
591	821	0.11264997719960519
592	606	0.1549647537634843
593	875	0.33380873460718263
597	864	0.11435708259522001
601	858	0.12159297971027512
603	815	0.13261923411790724
603	909	0.11809559731581028
604	668	0.11795767846933146
605	778	0.17300472267898567
605	995	0.13166494121406166
606	608	0.21612524859533394
606	610	0.20737313493474271
606	654	0.13116880495878755
607	609	0.27905514168683193
609	833	0.11236843323391246
611	902	0.10191434868292559
613	775	0.1037524617942671
614	699	0.11755953617660396
617	815	0.10189970589296567
621	623	0.2402539175491984
621	635	0.10450206609374933
621	968	0.10113131221556373
622	624	0.18839655378305353
622	628	0.12380980006786785
623	627	0.10698669143475832
624	668	0.10885084104229328
626	644	0.11817756852468238
626	650	0.10952721129516202
627	856	0.11615808705196139
633	974	0.13616207697106802
634	970	0.11273571741102714
635	964	0.11068456487400061
638	813	0.1180068053757029
639	796	0.1418513336463798
639	798	0.1304410952833719
639	987	0.11237873495628863
640	656	0.11349286714360377
640	847	0.25403473665857723
640	850	0.1272439364750741
647	690	0.1195898588659768
650	652	0.16215745138608373
654	656	0.10405711825256972
662	862	0.10542079885811786
668	670	0.10279698510464273
669	812	0.13654003210590185
669	826	0.10272308631197431
673	947	0.14996322187427522
676	803	0.10266036155330698
680	684	0.14678247905821887
683	886	0.11426890241754852
685	781	0.1255640897741268
690	704	0.12073819430492386
692	700	0.10533970961334112
692	734	0.1348852433120765
693	783	0.10282086165761944
694	696	0.16300785945460097
694	746	0.10864718136323907
696	967	0.10141745409403745
696	984	0.11078873364914156
704	742	0.10159536142498012
705	739	0.1365002074377783
708	714	0.12873432389240028
711	909	0.11050621652467879
712	714	0.1122686001867361
723	947	0.10426965680560864
724	726	0.11481784459724646
724	736	0.1837454780336179
725	727	0.10211453419557112
730	732	0.14119091382715038
733	810	0.11849912594371691
733	815	0.14363457354839507
739	906	0.1147664867721198
741	970	0.13250291901201858
746	987	0.13177868208130533
754	756	0.1731519646413779
755	798	0.11779213584683784
755	909	0.10621716510009677
757	861	0.14721217060634914
759	866	0.1112402956743203
760	790	0.10228749893164332
760	917	0.21232508224592703
762	997	0.1304207102161762
765	856	0.10881775715545373
771	904	0.11677934675706843
775	914	0.12277688574246418
778	836	0.1436459879342148
778	962	0.10625566050883299
778	964	0.10911599694546184
780	802	0.1633834699387072
783	868	0.11195679712703634
784	814	0.10670529697800392
787	919	0.21812842255993473
790	796	0.14869631355205057
790	828	0.10006240454295758
790	865	0.12278823148512265
790	987	0.15268564973451237
791	793	0.1699519772919829
791	924	0.12818567311722956
795	958	0.1509411423862449
796	987	0.10950883778759835
797	867	0.13817922476011749
797	938	0.11528124771034678
803	873	0.1010669430510137
806	819	0.14441662777635617
808	946	0.11971670713666775
809	828	0.1042496988206252
812	909	0.12581174779596546
814	987	0.1751029786804921
816	818	0.15729231515098155
817	871	0.1168481182488506
820	824	0.11276336646037077
826	828	0.10835291463806164
834	836	0.11802533592844146
836	909	0.11219160394730454
839	893	0.11687784602890336
841	867	0.1270067147899436
842	882	0.14020941844609194
848	902	0.10911983391566182
848	978	0.16045942552939885
856	866	0.12045020178129406
862	893	0.12566146318306237
862	998	0.10527430563930192
864	889	0.1180720752251454
865	868	0.16362515665738564
866	919	0.10193494446048958
867	908	0.1003628172218996
873	875	0.12565167792954066
875	879	0.10361821338084536
888	900	0.1267811270069153
888	914	0.10172831547513161
891	893	0.2178710815619713
895	941	0.15362433083905475
899	964	0.1675323473211407
904	982	0.1191190538913359
906	998	0.11364355649478172
909	949	0.14300247218747755
914	989	0.10649704429137491
916	995	0.1427374392386021
944	984	0.10179275516250867
945	976	0.14149613478729503
948	952	0.11252176420589849
960	984	0.1353871901408913
960	996	0.10918830096606595
968	972	0.18101048334132241
968	984	0.11818694598119543
970	984	0.1349731173142857
972	980	0.12390168830182878
974	978	0.10520408796110181
974	990	0.1088795709482353
978	998	0.11622484273851987
980	984	0.14043285614884773
980	994	0.11637098899411086
