0	6	0.1086409876021519
1	783	0.12056633917287952
2	691	0.11738028305864913
3	399	0.11107810921429753
3	634	0.10226950845554228
4	39	0.10346541437541129
4	68	0.11138026310570685
4	240	0.11955995420890841
5	358	0.10355286892272232
6	39	0.11456219446746292
6	651	0.10913475438660793
7	559	0.10667697387854697
8	72	0.12653887569886
10	12	0.10516809793119676
10	74	0.1020664899089885
11	73	0.10171093235863153
11	848	0.11181652818989217
12	94	0.11362793036232362
15	51	0.10397695138349039
15	407	0.11916862266541786
16	917	0.1122493942802264
17	411	0.11728675744143907
17	431	0.1332200624961601
17	457	0.2101720160329946
18	274	0.12008784926503265
20	255	0.11946251557792374
20	364	0.12035672566311922
20	428	0.1319349958376248
20	792	0.1014928041977654
26	32	0.10989050004494764
28	30	0.14174915884521383
28	254	0.14755583089329316
28	772	0.12250717455027656
29	206	0.1034043612636718
29	353	0.13742747412934586
30	286	0.10224687941848219
31	254	0.1092754476512908
31	286	0.10713957631976527
31	650	0.10031297234409983
32	151	0.1250921434095396
33	413	0.10041892379034784
35	331	0.10414656087319765
36	689	0.10993299819991047
37	331	0.28455929542070707
37	479	0.15579951783637194
39	549	0.1482652205496929
39	691	0.1316900772010733
41	199	0.10887544332908884
42	44	0.12399648157901341
43	788	0.10637421798433283
43	791	0.10369450313182486
46	51	0.10720605178041327
47	402	0.10736590943770861
47	465	0.1117715617823095
47	485	0.11416288607571075
47	958	0.1592294180719625
48	312	0.14809898709811345
49	723	0.10530433068688724
50	63	0.10026470087873701
50	92	0.10036661711312606
50	175	0.12084412018888804
51	978	0.11954541483004397
54	229	0.12873728366913278
54	515	0.16135357122326632
55	605	0.1006319094434341
55	992	0.1135363686055977
56	74	0.10193992359269968
56	525	0.12218527946702887
56	542	0.14265664122265673
59	791	0.10128565940264236
61	300	0.11119663135200063
61	743	0.15714670222630137
62	630	0.10135550030446978
63	65	0.10989367949511039
63	250	0.10922233800387945
64	371	0.10384100151215364
65	811	0.10043975837105722
69	395	0.10617020558378248
71	237	0.13391010512351115
75	93	0.14689468754074542
76	80	0.129659987200052
76	255	0.12518506795769294
76	348	0.10046261734315488
77	205	0.2277272702044109
79	182	0.10057934896500494
79	830	0.12258493401836539
80	82	0.1280933249759976
81	147	0.10048192050279027
81	470	0.10881915053523679
83	123	0.13135986959300813
83	299	0.1519559168076765
83	617	0.10026960633121294
88	90	0.18366515161299798
88	96	0.1991229651019809
88	102	0.22789176456768176
90	96	0.2574754205350579
90	102	0.11137162387659762
90	104	0.1179588439442956
91	705	0.10284962780114337
91	827	0.10246063911163554
92	94	0.13518696155893345
92	96	0.3370203693405041
92	100	0.15680037996466614
92	104	0.3113659434864618
92	106	0.1322586229831895
93	307	0.10130205272995295
93	617	0.14072129537627556
94	104	0.22992166496489022
95	755	0.1044733600999525
95	854	0.10148097518877225
96	104	0.1668883167049281
98	100	0.2186216581147359
98	106	0.15109330467214563
98	108	0.10271963033865947
99	705	0.1119518160045258
100	106	0.11499820762906658
102	106	0.343843019780827
102	192	0.10408250323997306
103	973	0.11451923404720644
104	766	0.11412195547471976
105	670	0.12625494898166773
109	692	0.10549800636764001
111	432	0.12292767229179966
113	565	0.1412047475400624
115	609	0.13353014015710324
115	810	0.11019633109863394
115	967	0.11337851596413007
117	402	0.13767155298751585
117	611	0.10487894994415509
117	972	0.11288324155704771
119	558	0.10876910617136129
119	568	0.1183772621604063
120	143	0.12509497082505994
121	333	0.10317810963835203
121	483	0.10613130999675624
122	124	0.10905708491204935
123	822	0.10198863152307258
123	949	0.10565451833341213
125	190	0.10804102287698807
125	669	0.11253724742011183
125	733	0.23707355171128391
125	814	0.1113595702815034
126	931	0.10818886320241097
127	733	0.10244228789658644
127	826	0.17304016491934351
128	198	0.15338242931844231
130	194	0.12088029267419635
132	647	0.11459351706069008
133	521	0.11434709252626137
134	182	0.12300937452505276
138	140	0.19773358090451124
138	593	0.10141700216886333
138	875	0.11277204488085327
141	452	0.10271001151058656
141	839	0.12499183519660198
142	154	0.10062672124004397
143	206	0.10013829616455874
143	221	0.12419788843887934
144	222	0.11474183275223265
145	961	0.11177971414780459
145	990	0.1468869292710671
146	176	0.11463489777855725
146	404	0.1002481975527841
148	168	0.10316539497659254
148	699	0.13095381922463195
150	438	0.11445573055937608
150	747	0.10368906949489634
151	400	0.15583959641733547
151	679	0.10187643443971518
151	864	0.16461350695550517
151	976	0.1498231463245431
152	711	0.10734389710239584
153	159	0.24613437269259858
156	233	0.14159862638030402
161	627	0.10281642839191836
162	676	0.1254233460442986
164	170	0.1745812328608475
164	174	0.11495398799131029
164	667	0.1273796135584313
166	176	0.15048559505017006
167	193	0.11666765107798313
169	669	0.1023721084429263
170	204	0.12324937427078193
170	221	0.11911858015005214
170	585	0.13153000653654992
171	383	0.10992522735551846
172	196	0.1334777737451662
173	659	0.1138570687158377
173	748	0.11672247672261239
174	193	0.10671871825488327
174	587	0.11600711606376188
176	231	0.10953272667406677
176	667	0.13924320157429257
177	450	0.10159876090344926
178	197	0.16760947558200368
179	367	0.16990524632495413
183	633	0.1039096947637454
184	321	0.16518442834772604
184	502	0.1588648356403974
186	196	0.13742100801238746
188	202	0.1206658568665435
189	248	0.10561502660399917
189	880	0.10453445385425933
190	192	0.1703412458936573
191	193	0.12895789347281938
191	197	0.17659602086034024
192	836	0.11116468788956092
194	363	0.11096345930006607
194	491	0.1555288214343221
195	658	0.1627134539271513
196	363	0.10595036115167547
198	200	0.34025527406063716
198	204	0.18110632395154358
198	228	0.23523913203082256
198	711	0.10381452562863254
199	943	0.15895292939469785
200	204	0.10283366366038314
200	228	0.106042660707382
200	374	0.10016167838124154
201	301	0.11028203049459734
201	669	0.12565467843240177
201	810	0.1283395804417222
201	818	0.11393330638902212
201	909	0.14753755862287732
203	280	0.14278173788606283
203	320	0.10399765545342554
203	345	0.1632529970239003
203	963	0.12829469838821458
204	221	0.1278657995025992
206	353	0.2193000697404868
212	324	0.1013268598975155
212	497	0.13126740045090435
214	220	0.10143970734275598
215	598	0.10899130949209081
216	667	0.10416437865309741
218	751	0.14016437272382004
219	788	0.11246738190759867
221	222	0.11111063149741898
221	439	0.10137299009891836
222	224	0.2674200619802737
224	610	0.11478772986223504
226	880	0.12150430896648416
229	521	0.1022257168670708
232	373	0.12894240870692703
232	719	0.12302391316498325
233	619	0.10698440389576401
234	242	0.18887128797765493
234	244	0.19214770637342773
234	323	0.11045388797039757
236	240	0.17616613956549862
236	248	0.1368339860049418
237	269	0.12932365727983364
237	501	0.13266076068145233
239	858	0.11849278043856486
241	676	0.12388246291187631
244	248	0.12473358731419687
245	874	0.11120322432961514
245	987	0.14369871968348658
246	991	0.10661262167986689
247	681	0.1029600678342202
247	835	0.1000704282199333
248	264	0.13072807231002495
248	266	0.1239669430186283
248	312	0.10038904837107455
248	337	0.10543665423784424
248	457	0.10380942680411356
248	745	0.1519064549613744
249	322	0.1078551752421589
249	662	0.10062099524444158
250	535	0.133883506851658
250	633	0.11790618430572576
253	257	0.10568625628874888
254	264	0.1422374353059439
254	332	0.1325847413486626
255	833	0.14482146066830115
257	259	0.34601637729820306
257	589	0.13452367125479311
259	666	0.11763523570787769
259	773	0.10559279163308852
261	909	0.10796009476654402
262	332	0.10434943517301012
262	995	0.11453169658559609
264	266	0.22397244565576002
264	288	0.14510336567607085
265	414	0.10500558606388323
265	420	0.11274780938082771
266	423	0.10788650636078491
267	861	0.13162118557432745
268	848	0.12422226587735707
270	272	0.11519521249501549
271	324	0.10478697647248697
276	557	0.11312761422168091
276	914	0.12286448138931899
280	292	0.1075849293232444
280	338	0.12722181836804522
280	463	0.14312019423638964
280	963	0.11090463724455737
282	298	0.10124306949220087
283	336	0.15178433466049276
283	963	0.15424676338482018
284	292	0.11687583532433231
285	877	0.1260208117374927
288	290	0.159622788185731
288	294	0.1197701741547533
299	323	0.1004279800802382
299	821	0.11413915749807767
299	822	0.1156064110229998
299	841	0.10138946325158954
300	302	0.21033430590133553
300	306	0.13304416333390684
300	359	0.10008619802067835
301	949	0.1121060287048862
302	963	0.2514962821334459
306	463	0.1318432019935534
307	809	0.1255047295883537
308	397	0.10373613584395812
311	387	0.10162208840116356
311	891	0.13219674143785642
312	323	0.13663903598958205
318	397	0.14086814557858052
318	729	0.1241810352265144
319	457	0.11934464342209558
319	459	0.19019180563179428
319	960	0.20605449287392008
319	984	0.15279368887464734
320	324	0.18751797793287672
320	326	0.12990386414331417
320	878	0.17275858242268136
321	401	0.11632857217993657
322	324	0.16066901630018768
324	571	0.12109892114744879
326	963	0.17082746082004563
327	802	0.1563874685209127
328	338	0.1051701301625864
328	385	0.11134230163461806
328	877	0.10435234536731028
330	423	0.12374446572706287
334	345	0.12374550278585947
335	636	0.10081794201516515
335	666	0.13109282011650747
336	342	0.1563288736225034
336	677	0.11652311976923817
337	763	0.11324993533731152
337	825	0.13926228570683635
338	344	0.16991740925777524
339	861	0.10575546910208607
340	342	0.34080879598091524
342	593	0.11695227785425573
343	530	0.1242072985251451
343	973	0.31579258205662153
344	364	0.10139032795087966
345	348	0.12335606508742729
345	599	0.10097898521705886
347	571	0.12455703475669826
348	376	0.10409803786262153
348	463	0.1412888213349482
358	471	0.11219423740531537
359	370	0.10308242818589496
359	474	0.11171458499855952
359	633	0.1541039706751661
359	889	0.10126961608565951
361	422	0.19609851612634588
361	465	0.12267165421770074
362	995	0.10211132493747209
368	677	0.10555678835380855
368	991	0.12251195260463218
370	373	0.1586295032345043
372	524	0.10514537987473017
373	376	0.16290900581980064
373	410	0.10096709887893493
374	423	0.2057145777403433
375	998	0.12065186474098703
377	627	0.10560626279068484
379	627	0.12418848574013333
386	392	0.12243436775661325
388	438	0.15587943375398802
388	458	0.19078567117568274
389	555	0.10063589999196117
389	820	0.10063082014917883
392	488	0.10589508226226028
397	633	0.10079364147903293
398	603	0.11319927236304628
398	625	0.11095095154597354
400	412	0.11292185607044122
400	638	0.10585259453043591
400	864	0.16096120828697236
402	495	0.16045023505408026
402	630	0.17137346351893992
404	422	0.11161420765393118
404	657	0.1392089959060919
405	505	0.18702795953101353
406	470	0.14194482088236698
406	603	0.11349414696056302
406	871	0.14723123586911774
408	416	0.10774452523306384
409	931	0.10336917091365204
409	964	0.11107638448290799
410	603	0.10991067798644681
410	810	0.11350360761898845
410	909	0.10768667596133612
416	418	0.11587615125184653
416	422	0.10227900507822227
419	894	0.11099393071557404
422	657	0.11428299727553394
422	797	0.10594384292333453
422	990	0.11431256374493469
424	426	0.1867852460708344
428	566	0.10339105994941161
430	464	0.10198154609085311
430	468	0.10748993472625344
432	436	0.10994321410949137
434	490	0.10251526337182514
438	440	0.12240274147083438
438	465	0.11485417968967945
439	549	0.11884104268145652
442	487	0.25460600612583933
442	657	0.14262059896236082
444	448	0.1428355492943251
444	450	0.10266226739586168
445	447	0.1313384643372968
446	448	0.1462276059765353
446	769	0.11501160325882229
448	806	0.10462422373082399
450	822	0.11387305094968149
451	460	0.14254504570856025
454	837	0.11120314827994383
457	984	0.13564289321079004
459	754	0.1014149454607868
459	960	0.23120619118832625
459	984	0.11442689034067119
461	927	0.10044633688493762
461	988	0.1003501643945772
464	468	0.15396313690655478
465	575	0.12469140666553126
466	603	0.10344423432557392
468	470	0.12947854467758643
468	679	0.12053756804915652
472	547	0.20986732922252388
474	484	0.16982653464270248
480	929	0.12573260965517105
481	483	0.10438079952112513
481	627	0.10370613111967734
481	817	0.10934688763044043
481	942	0.1082589379371456
481	976	0.19696096387858236
483	846	0.11130436989405043
484	610	0.1024258893784373
485	978	0.10388593638637923
486	822	0.12377154394953581
488	490	0.10292410190209353
493	525	0.11661226223785877
497	603	0.11920955237820409
501	731	0.11236607666779963
501	800	0.16914921023308455
510	520	0.11548754560002737
512	516	0.10627035638544215
514	544	0.10900826000108511
515	521	0.12795046845925956
515	841	0.11913309276671911
515	985	0.10942948356811211
516	518	0.10536879081999867
516	526	0.11860801825822136
517	519	0.16488480530296193
517	921	0.12305314934925714
518	917	0.16572273510325022
520	879	0.1359013954631448
521	607	0.11809592728314014
521	921	0.11395739546291764
523	962	0.3036569214386841
530	534	0.13721666844251282
530	973	0.1085797548177693
532	702	0.10063095540877426
533	663	0.10745642182275372
533	866	0.11540435478628205
536	790	0.15589444480088757
537	895	0.12514675493702346
541	823	0.10012309034296499
541	922	0.1122046593756131
551	744	0.3810035427266001
552	586	0.10418311656446078
553	555	0.11604907097067349
556	558	0.3098635644185559
556	560	0.14018972631025667
556	608	0.12520232618736657
557	792	0.13538989501877416
559	945	0.11504772183060002
564	566	0.249480984163056
565	714	0.10395026320073447
566	897	0.12979083736531655
570	704	0.12617356679158956
571	576	0.1424136683014154
571	705	0.10030834926395371
575	972	0.10449502950591236
577	699	0.1047733613499668
579	589	0.15333043450150383
584	592	0.19780843864821612
585	587	0.143721454600055
588	790	0.14008270687915914
589	961	0.11366971086750721
591	909	0.10839777538007984
593	873	0.10406927171023178
597	788	0.10389141076778369
600	897	0.12650557019306996
601	850	0.14702525507296463
604	606	0.28620181296052055
604	908	0.12307526368939552
605	663	0.12172378888738518
605	995	0.12267790302788549
606	610	0.2435731560872459
616	618	0.15224257655813997
617	943	0.10247306716036123
618	620	0.11823800456559022
621	623	0.15002694757638457
621	625	0.14573299837335718
621	627	0.31475973417837483
621	988	0.10744867067876852
623	627	0.15416725453909294
624	628	0.16489750681098664
626	628	0.12331806997549162
626	644	0.1129968208306774
632	676	0.12114598130727328
634	848	0.11866651078813402
635	961	0.10043755757772993
635	998	0.10613794926257716
638	803	0.15687825786220982
640	847	0.18524449511338806
647	810	0.1078670326297596
649	742	0.11132244132383749
650	656	0.11616991652945859
650	763	0.11340735420080983
656	674	0.12023166290905496
656	763	0.13967743311391584
658	905	0.13066206281265946
659	748	0.12810597032014992
662	664	0.1469702346414949
669	909	0.19102181310683422
673	958	0.10434203363876692
673	998	0.10170624588792584
678	688	0.10341072617722291
678	726	0.12238373692866296
681	958	0.12586806137999676
681	990	0.20479729658370638
685	995	0.11446195702271764
692	985	0.10271823107641206
693	991	0.10404996269895499
694	698	0.11837827241680947
694	989	0.11802572868083001
698	931	0.10253118843371405
708	871	0.1455226569730605
711	912	0.10260497336594766
716	887	0.1003769748815063
725	772	0.10720078827333845
728	730	0.14262878453820854
730	732	0.15251882468501085
731	862	0.15629198644224018
741	844	0.10620348992277004
754	756	0.18629937162567112
757	943	0.12229594486714573
773	913	0.12201270513142003
781	924	0.10884826998105755
783	921	0.10563134406300033
784	961	0.11383286389570786
784	964	0.10374995184481395
790	792	0.11214952578195707
797	820	0.11315774251125463
804	819	0.1059165426148983
805	807	0.31549439319654493
806	819	0.13698175370888818
811	897	0.10037569180360313
815	946	0.17453532461454754
821	987	0.14530904121057667
822	824	0.1136341373184042
822	828	0.14457932164039286
824	995	0.10812666688823629
840	843	0.11642284404644732
842	874	0.10952943835748712
843	874	0.10832102801741625
855	945	0.11753720000750255
864	867	0.297925828683243
865	866	0.14217689871134753
879	937	0.10485097651373192
881	948	0.1228239827155846
888	914	0.10419705351427462
890	894	0.38185905452046
891	893	0.17836234908174028
891	914	0.11305325777784904
893	910	0.10279279996864571
906	914	0.12378353637249294
910	916	0.1057400242805245
944	948	0.1746828981487911
954	984	0.13849481546327627
958	982	0.11613954316457688
960	984	0.17478530755360547
961	998	0.11573872346631688
966	978	0.13243081485135044
968	980	0.12455880948317728
968	984	0.18355409049913848
972	980	0.14868392036372854
974	990	0.1126729253452668
