0	2	0.12234500707715698
0	6	0.10654966674243506
1	761	0.1066474118442459
2	4	0.24188735198138075
6	549	0.13746847536375395
7	571	0.10385892639831286
10	255	0.11585825883576785
10	493	0.1230883595616959
11	619	0.10239892829992382
13	36	0.1214751099653416
13	105	0.11536861349001303
14	18	0.15982764794605078
17	881	0.12757289406202452
21	518	0.11138238719401478
23	612	0.10080013807877214
24	772	0.10395177575027728
27	968	0.11595805528194927
29	197	0.12851124543201584
31	312	0.11403052229954698
31	679	0.12734576634439781
32	839	0.10831935774591632
34	689	0.12989399086654577
36	38	0.11596894563826027
42	44	0.17434975766434918
43	788	0.16566756539943947
45	788	0.13008626035262624
47	97	0.10774697991479085
49	379	0.1032683839490863
52	772	0.11406394505788439
54	229	0.18725248968582775
56	609	0.14599444157813177
59	155	0.10195576956125131
60	427	0.12743903359454656
61	312	0.1426327828324493
61	505	0.12000435420408187
62	64	0.15974431628621288
63	65	0.22232845307934984
68	70	0.16839767235884562
68	549	0.13895882099110082
69	447	0.15144731254537777
70	72	0.12923182913049874
71	99	0.1863176690387486
73	160	0.10106065353698325
75	141	0.11602920579681916
75	307	0.12050861141061252
76	751	0.1057210799982337
77	205	0.19549236904727846
79	669	0.14513119493304874
80	82	0.18500606763263958
83	299	0.11279909026988674
83	481	0.10407003558930206
84	86	0.10388312028386151
87	725	0.11943459122894355
88	92	0.14505251543213699
88	100	0.17786912754807385
88	104	0.3815670255977474
89	400	0.10175573100060849
89	416	0.10308472357731846
90	100	0.11849823114312155
90	104	0.15315438107314355
90	106	0.11525393045587151
91	575	0.10205917343890253
91	639	0.1144401847378517
91	814	0.10493889911621011
92	766	0.12558243466726693
95	874	0.10278855012019014
97	233	0.11191066619371713
97	274	0.10903913325894707
99	237	0.17921508974885125
100	106	0.11993301842568316
103	973	0.10721404768762807
112	144	0.10691564877355847
112	221	0.100751456239868
113	565	0.11132210628205688
118	166	0.10455603363264902
120	140	0.10531243298210911
120	221	0.11379580013755056
122	126	0.13755405211430982
123	125	0.1365199712589229
123	836	0.10125694410582728
124	126	0.16754510422970562
124	128	0.11229145726998498
124	250	0.10458393902664863
128	194	0.1271172571171303
129	131	0.11021042057427607
130	200	0.13438973486805775
130	603	0.12355719904669832
132	402	0.12929904817994495
132	436	0.11766392844574929
136	569	0.17640783917554356
139	969	0.18906227273332768
140	875	0.11641709896152806
144	642	0.1478229785123391
144	969	0.10846033046050761
145	262	0.1422435041267167
145	984	0.11503416112255357
151	481	0.1120815019273409
151	699	0.10686743259262682
158	822	0.10769701635607147
167	806	0.12078738702248172
169	559	0.14000380339318036
170	198	0.1031916552170571
172	176	0.10501343776736453
172	200	0.11845039455576002
172	202	0.10426490584284474
172	808	0.12649928862687124
174	984	0.11526439202540621
176	178	0.10159402144479536
176	191	0.11075036881482835
178	191	0.1624352514745117
178	197	0.1358381245625572
180	200	0.1008729578991287
183	633	0.10531804527632424
183	685	0.11621492026273056
183	995	0.10581846412066334
184	502	0.12094029246194056
188	196	0.2421131466111851
188	200	0.10964647430430542
191	363	0.10722700810704915
194	204	0.10284573111313755
195	635	0.10150426654948817
196	198	0.12541071266349516
196	200	0.10707241356219184
196	491	0.1269736093117197
196	736	0.12083161526630874
199	902	0.13701994535408307
203	284	0.11201728037998956
203	463	0.1288274175770961
203	723	0.12555385948122627
204	226	0.12006867555430586
206	210	0.1214638312940032
206	497	0.13781816477914885
208	233	0.12058003080366295
212	214	0.11188204418304568
213	215	0.13741828657037525
222	224	0.15206540332541807
226	907	0.11589413898879034
231	233	0.11513031599496407
234	236	0.108462946583863
234	244	0.10328701037017696
234	246	0.11228112018646781
235	895	0.1424399874329707
235	916	0.12447297566417069
236	240	0.17570835084884862
237	550	0.13854790851004678
238	246	0.10309952827821833
238	248	0.10142786861676704
239	866	0.1111795542910464
243	387	0.10311981171495464
244	248	0.11979717383299253
250	330	0.10404438005221696
257	589	0.10705503333327522
258	364	0.13271252923778626
259	930	0.12414776618862794
262	264	0.12205616904052724
262	272	0.1124276250868653
262	312	0.11681825192170707
262	397	0.1001581287867291
262	972	0.11048218016250255
263	858	0.10129785103034088
264	312	0.10886337008781242
264	633	0.15565950113536503
266	290	0.12359549809303823
268	441	0.1338581529576886
274	314	0.1172224800959862
275	400	0.11242509407188515
275	416	0.11878113674285873
276	482	0.11693541932367803
278	368	0.10845601866862956
278	693	0.14585417787285054
279	755	0.10047664229660987
282	991	0.10067362458931356
286	344	0.1046116015951619
289	357	0.10065606572536605
290	292	0.13045347605077
292	298	0.12772251759687347
292	364	0.1062756016074586
296	298	0.14151648335305855
299	794	0.10968596135865842
300	306	0.14018720519585037
300	963	0.13139801635628162
301	389	0.11070793679267328
301	629	0.10237729161592142
301	812	0.1328732776572929
301	909	0.11551139670053245
302	397	0.1317938743284588
309	533	0.10788158235800621
310	330	0.10617304742704273
312	464	0.1018663159907246
313	650	0.11178728524763919
319	968	0.1078310881195642
319	976	0.11869413774022121
320	778	0.10058090206049342
322	397	0.12371531230447318
326	963	0.11539195195738004
327	821	0.11329883625459279
329	742	0.10572604462948962
338	463	0.10217077121921844
343	532	0.13674323304570943
344	423	0.11557956822796521
345	995	0.12285346035683496
348	370	0.1494549359805387
348	373	0.14053120582873835
350	594	0.10975663055352729
351	669	0.10359384370150339
355	413	0.10278766900643026
356	877	0.10546497352559213
361	393	0.10346011561028907
368	468	0.11381886519690718
386	392	0.1449617943079388
389	393	0.12047710995362165
390	488	0.11072297019587189
393	945	0.1037412073588038
398	487	0.10154510956992983
398	864	0.10736192719756588
400	542	0.12429815367313965
401	834	0.10942453943283538
402	408	0.1808396173964984
402	422	0.10071945084794251
402	638	0.11535412766327503
405	407	0.1740081403543548
406	422	0.10079858092298491
406	603	0.1086435384762008
408	603	0.11252109903654371
408	867	0.18806724327248056
408	978	0.12826269211307192
414	416	0.13904288852652547
420	487	0.10308833638306784
422	603	0.1106652031937055
426	448	0.10025106958348567
427	493	0.10522401412640374
428	575	0.1330302614966453
430	436	0.10233897875389303
434	487	0.1292071658637476
436	438	0.125960446542939
444	446	0.17917618925268072
444	448	0.183937280197084
444	450	0.1257199116096402
445	447	0.1531479621594391
445	449	0.25892776912569604
447	449	0.24451209836784948
447	451	0.19465736606387815
447	586	0.1103723444031807
448	450	0.13941269989415933
457	980	0.1467096388408459
459	960	0.11241022095552543
461	951	0.11106516139540483
462	464	0.1604973098598334
466	848	0.16217283940664678
466	896	0.10113837488718712
470	761	0.10109038653299546
470	835	0.11315099045436396
472	520	0.10694956946338935
477	868	0.1092889909823769
478	953	0.14447668443120804
481	961	0.1000493564745814
481	976	0.15449908711353066
481	982	0.11136478230327397
495	603	0.12787760387359645
503	926	0.1437751246735086
510	512	0.1409770467596359
514	518	0.23565358309833256
515	517	0.1397388499017755
515	521	0.10615569708842236
516	518	0.2042841746324023
516	538	0.1183690471869127
516	710	0.10990375148947486
516	760	0.11035352964249581
517	772	0.10022977863668274
518	710	0.10281400764402945
518	917	0.1100680815167831
519	521	0.12484540180808786
541	795	0.10432599866609803
553	555	0.2350878779953786
556	584	0.10189241011807745
558	602	0.12025999478330157
559	561	0.12385241698105129
560	592	0.10048165074713154
561	899	0.10321335473780209
562	992	0.1067032409087726
565	567	0.19437934645302457
568	610	0.11578782749137902
570	574	0.10779521885687457
573	972	0.14871646277547973
575	589	0.12301345450110636
584	586	0.14912880984315466
585	718	0.12874909963753162
591	787	0.1211312570254862
592	602	0.18148921262129375
593	875	0.11943698381077705
596	598	0.12890106052263953
605	778	0.10579501098677302
606	787	0.10115997028047713
611	906	0.10849986740966851
613	653	0.13567059324054448
616	618	0.17614355882353483
617	791	0.1054030338524714
617	812	0.14946996512736035
621	623	0.21571429080884547
623	627	0.17768416137162027
625	970	0.1025920531041492
626	628	0.23975235699700417
626	644	0.10956509224875893
632	668	0.10053490996487638
644	650	0.14381183647675516
650	652	0.24631611263050787
650	654	0.19355537833680045
652	666	0.12140180156674495
652	670	0.11871157006204844
658	754	0.10914693893173208
662	998	0.12085710348689363
669	812	0.10224216416463236
669	814	0.1131067491916012
677	991	0.11654254698111281
690	844	0.10520900131563857
695	697	0.10695053739824478
698	916	0.12355751321510361
711	907	0.13565035941850517
729	793	0.13833347182088626
739	844	0.13831567555468524
742	746	0.10852029311132037
749	798	0.10984817623335323
754	756	0.15656560306092043
770	774	0.3848001165160453
780	802	0.13676307469341126
780	842	0.10728471631331159
794	796	0.13311651129481833
804	806	0.14881068101227335
804	819	0.16888376761771454
809	828	0.10743095082940782
814	949	0.1884277708457899
816	824	0.14177774297656076
818	820	0.12276278058120485
834	836	0.20323494003549472
843	868	0.10414470233238536
847	871	0.10697050929091191
851	975	0.10628910407471853
855	978	0.11234489258013226
872	880	0.10564272278184265
880	882	0.12197314591376568
890	892	0.1201390374411031
890	894	0.23464825612598067
891	893	0.10427341442439536
904	938	0.13269286535278543
904	968	0.10063331044545269
906	958	0.10107520696216278
922	926	0.10085394087578327
923	975	0.11470509573580284
940	941	0.16304669773694577
950	952	0.11320558719822149
956	978	0.10981785763011424
956	984	0.10612595870385408
956	996	0.11040514482451705
960	996	0.10098626093065892
966	980	0.10670748881379029
968	978	0.11494995901345324
