1	924	0.11117579829324323
3	705	0.10299386379854304
3	904	0.10436745876238389
6	68	0.1204371048723051
10	422	0.1284769392749174
11	73	0.10204269909929513
11	156	0.17582151272678997
12	58	0.10259705983768203
13	54	0.10428697903085127
14	96	0.10040658238481082
14	143	0.10587314505587513
24	739	0.14258101496341224
31	877	0.10782424558501005
35	331	0.15286376120355788
37	384	0.11419522099164095
39	74	0.12069330543748184
43	207	0.11017514098279292
45	788	0.10887435575655427
58	957	0.151383360020445
61	306	0.12301828112488161
61	312	0.11027967589646605
61	326	0.12167702878419198
68	72	0.13862212729099077
73	112	0.12386032795671607
73	143	0.10335923318169771
74	147	0.106310174562045
76	588	0.11395958486634045
77	902	0.26458641597454
78	80	0.3175361692453741
79	83	0.2585803435104334
79	793	0.10258566165406206
83	659	0.11238781891978378
83	820	0.10081536302320598
88	94	0.13733206332383263
88	106	0.18408662720848626
88	108	0.20877419442508846
89	315	0.11061893978068928
89	418	0.22041406450167156
91	572	0.10348367925945881
92	98	0.10215847154639388
94	96	0.17343063711000292
94	102	0.2259469193621602
96	104	0.23914000120016898
102	106	0.11430268145967999
107	593	0.10757022548359184
111	265	0.1229484897361054
111	927	0.11320834097517905
115	967	0.156485518656817
119	608	0.16066267919426352
123	456	0.10515645325851067
125	669	0.12195359975780268
125	821	0.1012586567477314
125	828	0.1046574410997444
127	812	0.11943902289705016
128	130	0.15751299946328404
130	140	0.1091236817648675
130	198	0.11795151464119653
134	406	0.10513026048501631
140	799	0.14480528081842203
143	198	0.13447609938080468
143	653	0.11934257572078918
145	855	0.11640286108974114
149	632	0.11163936280275925
149	644	0.10553675971500606
153	159	0.10244788134216537
159	208	0.11296641575754479
159	531	0.1060948076223453
161	319	0.11083207766250511
162	200	0.11957320669805795
163	647	0.10801432763483486
164	170	0.11776117730456803
164	174	0.14909975728352623
166	182	0.10139647589174923
166	194	0.10447060489267133
168	747	0.10181445339310605
170	176	0.12583009958231323
170	233	0.10984316520908032
170	587	0.11238240702010042
172	797	0.12516876035335767
174	176	0.1214221440352017
174	363	0.10606815838522836
174	980	0.11344739695514003
178	191	0.14035518438808897
180	196	0.11645870153746386
183	366	0.10720577739985711
183	955	0.10588979392963038
184	834	0.11823050925338015
188	204	0.11680365667391966
189	874	0.1116548708329726
189	880	0.21000617206353364
191	197	0.17550782214011246
194	200	0.13722760141028065
194	587	0.13714790276548489
195	679	0.12261271911491965
196	200	0.2235989899130508
196	228	0.1920165178011736
198	491	0.12291490326536737
198	938	0.11620119114186506
199	387	0.10457287223453489
200	363	0.128743336601815
203	282	0.12377458489270457
203	334	0.11444098743808785
203	398	0.11263138214127182
205	902	0.13038007228049428
205	982	0.10445017361760392
206	497	0.152430865999558
209	958	0.10372906782651235
215	646	0.1058489887928326
221	437	0.11020149630504701
229	521	0.14721055673262756
229	807	0.13729476018154144
233	578	0.11553313979067258
234	238	0.10938459229701936
234	240	0.10616476985080274
234	242	0.11873214489961731
234	244	0.16568534491658699
235	916	0.13309164565974466
236	244	0.16954913511673833
238	244	0.1517358151579952
239	315	0.10182180036724368
239	843	0.1018568619145294
241	863	0.11220101916876925
248	960	0.12716878390934075
250	348	0.1052116720193458
256	258	0.1381462817116207
257	259	0.1114527479291737
257	879	0.12770649465203981
260	348	0.10582784189925747
262	268	0.10201673198747838
266	270	0.10833248545483436
268	326	0.11190126482931531
269	595	0.20446211260732014
272	408	0.1234237068139101
276	729	0.10324088453977774
278	790	0.11715691075384534
281	413	0.12909769439558486
282	292	0.1464865217533047
283	292	0.20785203229772717
284	286	0.10633251206577593
284	336	0.10578523400879558
284	344	0.1196352915372864
284	360	0.12919636729015596
286	344	0.10469513954147655
298	397	0.11881088460214315
298	904	0.13281227278850943
299	822	0.10212661446726377
300	329	0.10069527183615952
301	327	0.11375852351736189
301	669	0.10217642159362096
301	909	0.20649350148398196
302	314	0.1155275436731742
302	685	0.10220627991975169
304	320	0.101360239378155
309	858	0.1119683496002364
312	314	0.19448871567177733
316	397	0.20893609936404198
319	441	0.10982278866379873
322	995	0.11116678105730238
325	602	0.1623158710508275
330	423	0.12975973291671455
333	809	0.10941152650031379
334	858	0.1102107182681554
338	342	0.10266427639818497
340	342	0.12178364722031083
340	678	0.1094319999189598
348	370	0.11226325008915627
348	675	0.18849890866952695
349	489	0.17739757821806465
361	452	0.14151521394393118
361	474	0.12876913273092344
363	587	0.1011715135989169
368	374	0.10079927685100964
368	468	0.16712940013017413
370	675	0.10385846542820062
372	674	0.24992991214480648
382	385	0.10407697119750463
386	392	0.10073703879166171
387	655	0.12492736472567935
389	391	0.1745515366400079
389	785	0.1231844336653064
391	393	0.2473153575824381
391	465	0.10588967489172722
393	669	0.11504315214114574
394	458	0.1218024086522375
396	400	0.11873688712325099
397	991	0.11300399898748208
398	465	0.10940319331927964
400	466	0.10143845016987522
401	502	0.1163146796305197
401	535	0.1055257787420521
401	927	0.11094197287321204
406	481	0.12332577309629342
408	476	0.11516425076157426
408	867	0.16941562713222386
410	412	0.12546064139403773
410	589	0.11361226816721808
412	414	0.10742361796051374
414	647	0.13449371600477603
420	657	0.11169550122681779
423	753	0.1111366825188282
424	474	0.12661490240678053
426	698	0.1088335036560212
431	970	0.1179675046259354
433	678	0.11533508796118581
433	710	0.12217337957470202
436	438	0.2380767670326713
441	980	0.1104872664727342
444	446	0.2331040660813054
445	449	0.15321739617417235
447	449	0.1777563897297742
449	451	0.13186308345896908
449	460	0.10503206836677347
452	466	0.11041588831592299
456	815	0.11702370996742828
457	968	0.13253421197088355
459	980	0.1629521977686275
462	472	0.10262054338870559
468	599	0.10814877904161849
468	726	0.11054714551946913
480	490	0.12286618070952078
494	514	0.11019112657480339
496	723	0.13915940043711714
497	711	0.1308089338842824
507	860	0.1141847530525972
514	544	0.10699806634926247
515	517	0.23849527890696667
515	519	0.14375292320711358
516	520	0.1853529874898468
516	544	0.10069066768031638
517	525	0.13530099213622307
518	520	0.14692279360431806
525	807	0.10554644215186285
532	550	0.10822921370051154
544	545	0.10995675475404701
545	767	0.10537712192151347
546	705	0.12871852622139507
551	583	0.14292971247811698
553	555	0.1314254850875169
554	602	0.12912650294645636
556	558	0.17937827750277296
565	567	0.2832639282115927
570	577	0.2614762448891846
571	705	0.23549550076559353
571	972	0.1652631375440627
573	575	0.12039001652504994
574	967	0.10281578494226164
575	705	0.12905033376672895
576	581	0.12500888590434292
578	919	0.10745088511487813
589	634	0.10420226786296559
589	648	0.13717413911786
593	875	0.1818715827619998
606	654	0.14236700702595007
616	618	0.17161963680328315
620	644	0.134138680532741
621	625	0.19430965364182512
622	628	0.11333656964741436
624	626	0.20747021532518095
624	628	0.22849956153359818
625	627	0.10724802702379008
626	628	0.12152625875961337
633	685	0.10090770476923959
639	786	0.10631951213356876
647	839	0.14787291375658565
650	652	0.15802234125808332
663	860	0.13766789288825587
669	786	0.11959003202138353
673	958	0.11947557061437566
680	730	0.10099489719941238
681	785	0.112872352084624
690	844	0.10960572258662969
694	696	0.2597768109444288
695	697	0.10895322718149154
696	704	0.17293377450621783
705	857	0.1005386168955531
706	738	0.1005981279226748
714	716	0.10298542311824463
723	995	0.10604250397696677
724	726	0.1892937396397459
724	730	0.1424193433628434
724	771	0.1127591315867566
753	785	0.1034876075594052
755	821	0.10823391785061492
770	774	0.10465014662509504
771	928	0.14319371276259008
782	869	0.16570826827689397
788	798	0.1270886087075527
790	792	0.20358534621168836
796	987	0.10293345669362157
809	836	0.11023706469328781
812	828	0.11346199985618902
812	987	0.10536233361206193
815	946	0.14852263750555086
816	949	0.15098404176820826
822	828	0.10194129733604472
824	987	0.10506711152717267
843	866	0.12208626975962833
862	866	0.10139507513684762
880	882	0.1315784299504223
890	894	0.10869603226576326
898	955	0.11014014244289189
900	904	0.11017096607440356
944	960	0.12225376516984336
949	987	0.12330508296533978
968	976	0.10119688612003507
976	982	0.20086226345563277
980	990	0.12020097694137509
982	984	0.1134307707585777
984	988	0.11897449633141735
