4	39	0.12712429476429896
11	924	0.11274999598819872
12	682	0.1254209270387479
18	654	0.10366113150380342
29	193	0.1548470656292698
32	389	0.12875041856963051
34	40	0.1394399064571211
37	479	0.12180343950225203
42	44	0.1048153867360612
45	123	0.18476770691065414
47	966	0.11554459511972619
48	312	0.1200075127942888
51	304	0.11928142129491268
52	515	0.1603760590849308
52	807	0.1233632888502508
54	515	0.10173418720386343
54	519	0.20849538787861654
56	957	0.10926244327275016
61	236	0.10516291996657694
66	68	0.11076372988703681
71	921	0.11058064254863006
72	977	0.10159973833167549
75	141	0.11629146501670287
77	902	0.13745689205165892
78	80	0.13507871950952338
78	82	0.1628291873142468
79	81	0.21903838549373938
83	557	0.11674705843467727
88	90	0.11983175238738428
88	104	0.12597538501160188
89	420	0.1389401402298795
90	92	0.14886608564680223
90	94	0.1818768042667013
90	96	0.12169469891348601
90	100	0.2153145916167048
92	94	0.2961223292646838
92	96	0.14685050498444507
92	100	0.10595548039414142
92	106	0.20556155376675594
94	102	0.17486805710074596
96	100	0.11766409899901104
96	102	0.11642184759894908
96	106	0.1569108339418601
98	100	0.25719231830779066
98	104	0.1036948479537115
100	106	0.17347139208370183
100	108	0.12347512809506948
104	108	0.11726916673613082
105	608	0.15793610079837883
106	108	0.2126779895868852
109	734	0.10379885566570615
111	132	0.11225694818707878
115	708	0.1201862906778755
118	569	0.10758199375765719
119	608	0.23901004473915818
119	668	0.1164648109285278
120	150	0.10070053445022673
124	535	0.11384634743583508
125	127	0.224843478273619
125	987	0.1070324292793141
128	144	0.13419318388006798
130	142	0.1089881934023273
130	200	0.10660073066212604
132	468	0.12898442293150014
138	972	0.1084905916715011
140	587	0.10270581538276274
140	799	0.1043724824732785
145	485	0.10919091230174571
146	839	0.1010795561577535
148	783	0.15169625439924064
149	264	0.11916948734432484
150	168	0.1464852035043971
150	436	0.14898116372469766
150	969	0.113852630765912
156	714	0.10875636139000201
161	960	0.10783109351604447
167	804	0.1046613722638542
174	828	0.10021317507720998
177	769	0.1223200363827037
180	190	0.12181844026614971
180	196	0.14124636709199237
181	623	0.11459419523748125
181	627	0.1191597417903755
191	197	0.11508367730344574
194	196	0.12074588743531192
194	873	0.10474733926483333
195	962	0.11674428998483169
196	592	0.10121536704222824
198	228	0.18643071684451626
198	491	0.27386250474942203
199	902	0.17580991976599966
201	669	0.14347368506526503
201	794	0.11234471962201233
203	280	0.1368909064975616
203	294	0.10374674520029803
203	345	0.17529612207066816
203	463	0.1682901862465552
203	629	0.11063138155391113
210	959	0.10874811251718475
212	655	0.1250116101278612
213	958	0.1118560990916514
217	302	0.12129975732259475
219	946	0.10610652936424522
222	224	0.10317086630153109
224	799	0.13981054840359278
225	875	0.1282163867802852
228	491	0.10197462468066396
229	521	0.10047051384209622
236	242	0.10871041843669
238	677	0.10743254960640071
245	341	0.11233310594806413
247	839	0.12200992250963648
250	535	0.1180019549406976
257	259	0.1306364872549125
260	350	0.13226914769322876
262	270	0.10493866153587046
262	889	0.11030436510011432
265	491	0.10872230952113832
268	465	0.11635857837060676
268	917	0.10651328384221191
270	633	0.13176925889781976
274	972	0.10402466098632643
280	463	0.11780554076014214
282	292	0.13292028907141976
283	292	0.11179599794640167
284	296	0.14780205588027798
288	290	0.19307297515862396
290	316	0.10513412226311343
293	825	0.10540330967946163
294	725	0.10232036193199431
296	342	0.11065810576895592
297	419	0.1385595188629407
297	892	0.11845965906954008
301	814	0.10287042809975813
301	818	0.12539962222091577
302	312	0.10907660953185172
306	963	0.10099857540765883
307	645	0.10327673970080614
318	878	0.10049387219510504
319	623	0.15573651595128032
325	552	0.10378742172876364
325	554	0.1372869373355205
334	976	0.10295459103267822
336	342	0.10439939984287719
336	344	0.10515537579772602
340	875	0.10651009121803191
345	942	0.12090510568957728
351	610	0.10748065323330992
359	567	0.10387014221262313
359	995	0.10375835547134504
361	404	0.11182278695820717
361	461	0.13252877063461813
367	745	0.15658434826414458
368	666	0.10571222237138359
374	378	0.10185428550576571
384	458	0.1015171563343321
387	916	0.10663895599919829
389	391	0.10261597033207077
391	393	0.10091567420991993
393	987	0.11526357914912898
397	557	0.10508766461809703
400	723	0.15671479276784087
402	964	0.10332674485643326
408	864	0.11391837251296774
408	867	0.16995020500270844
411	980	0.12392630827766221
412	416	0.144512227210088
414	723	0.11926285912865446
420	478	0.1063028501230395
425	948	0.19083876674908018
426	448	0.10195685062571873
432	466	0.11528757751465442
433	877	0.11342457087216626
436	732	0.1008038326895113
441	457	0.10401069639252622
444	446	0.164987008763684
445	793	0.10054562531282626
446	448	0.15703284802525916
452	796	0.12588938521841442
455	732	0.10032724373642316
459	956	0.10409004772649587
459	960	0.23876339821937126
468	603	0.14366239622226923
474	647	0.13496380359330568
476	864	0.10110296603363762
481	817	0.10021849200912074
481	964	0.12659456147415443
491	771	0.11137454292860936
492	494	0.34460360394427875
496	530	0.13013176043230562
496	537	0.10643463961317536
502	504	0.13251113216950383
503	922	0.11777354762112743
503	926	0.17327305291474615
514	516	0.23724109542740468
515	521	0.2968515041996874
517	519	0.3072779413490265
518	544	0.14116709654660156
519	525	0.16583308112242173
534	945	0.10403529983931363
537	938	0.1035332730595605
539	609	0.1053961226031075
539	665	0.11393005530166478
551	583	0.10286910930023105
561	635	0.1090498642185209
561	964	0.10801360276344188
563	591	0.1081281329743758
568	584	0.13274597806727262
569	613	0.10494650045343633
570	704	0.13549438942835468
571	573	0.11477342350014401
573	575	0.10155251602842261
574	577	0.19011062233090736
574	704	0.13123992702780465
575	705	0.15700593315181374
575	739	0.1600979472228339
578	787	0.11222729982002354
583	744	0.10775211371451157
592	602	0.10121070864635118
592	608	0.12125648313179961
594	812	0.12515922553126818
594	932	0.10994101894991098
603	839	0.11653800444750315
604	608	0.10353747894704572
604	668	0.10868982310184262
605	778	0.12107499721667916
614	699	0.11415677147545608
620	626	0.14769121503639565
620	628	0.216262682582768
621	623	0.12373153599924072
622	624	0.1387014520257041
623	627	0.1548139341811352
624	628	0.17722123517073526
625	627	0.20784811161982703
626	628	0.46680623873868515
631	965	0.11503606956777787
634	636	0.1236641639184304
634	674	0.10153587062023953
635	855	0.13735758515482596
636	763	0.1548012102822147
649	847	0.10687692365033113
652	654	0.2457996271375381
655	799	0.16564840651787688
683	840	0.1324007487212944
688	730	0.11264985630812242
705	972	0.10218571334035932
706	728	0.12435730090483166
711	924	0.10266234443953913
714	716	0.16528093915528913
728	730	0.12640941292216637
728	987	0.11773505588265627
733	893	0.1151581919135563
749	798	0.11725753945343409
763	854	0.16288720277089583
770	774	0.1904629421484728
781	858	0.11736775933399723
781	924	0.11417960257624232
784	794	0.1278198804919031
790	792	0.1115682363145343
804	819	0.13119687769232513
808	869	0.12973244094253839
814	818	0.12139338487136458
816	909	0.16117395139955595
816	949	0.1153436170614738
848	850	0.12477485476176572
866	868	0.21587906097524426
881	996	0.11590666523863997
893	895	0.1091913431556271
895	941	0.14178354048266145
909	949	0.11512599369554347
934	936	0.11468120350788104
945	962	0.11705384490334264
945	974	0.11927835911732061
950	952	0.13810434686380305
956	988	0.1259745660894329
961	970	0.124586321657045
