2	691	0.1336727957140718
5	778	0.1002472113972801
14	838	0.1289483098472049
16	42	0.11825015205874617
17	978	0.10287450396278547
25	715	0.1672733759012731
31	323	0.10100366424402496
35	37	0.1398880934899845
45	788	0.10418522217008144
47	621	0.10984979396920129
47	968	0.11099381305618294
50	471	0.10756441931881888
51	268	0.1522581469508822
51	292	0.10393939568290371
54	525	0.12300609960499495
61	991	0.13786317223596695
70	72	0.17604408258022694
76	153	0.12560522950219316
79	81	0.1809702933731466
88	102	0.20591073496069284
89	408	0.10080821187593612
89	465	0.110110787049517
90	92	0.16729600671312625
90	100	0.12148510585084715
90	104	0.12467349068331675
92	100	0.14049478188155146
94	98	0.10118128275668818
98	100	0.2095622816306301
98	102	0.22665713062460904
104	106	0.13053253070320478
106	108	0.1783715245391945
107	875	0.10546670701150858
111	747	0.12109525655882897
111	787	0.11105723735313093
119	606	0.12527739238210553
120	150	0.12797563227645592
120	667	0.14223438787247486
123	733	0.11950631432825858
127	669	0.12085503546801837
132	402	0.10170327805666787
132	468	0.10314984068429724
136	497	0.10642044220915212
143	216	0.1040605906741727
144	202	0.11200740019312302
151	603	0.1146278501923598
151	723	0.10016073451094698
152	957	0.11355185012564373
156	231	0.10062090917063769
167	806	0.1120904680443879
167	819	0.15327464848960992
168	754	0.10605743746498876
170	259	0.10074470286244824
172	196	0.13182579143883172
178	193	0.20557813683062737
178	197	0.12143216673398675
184	834	0.1371777285817333
189	874	0.11875004510605794
191	193	0.227282989364492
191	197	0.13425365912897602
193	197	0.17913530989626958
194	491	0.14977664061891274
195	968	0.11701214510168308
198	200	0.1588933587864391
198	228	0.13535772147037547
198	491	0.19344867370041527
200	491	0.3029932991993609
200	809	0.11238107983519356
202	587	0.1227919680681431
204	491	0.11359202512560646
212	214	0.10696897977031307
226	746	0.10012507576911536
234	236	0.11903527099981602
234	248	0.1369568453868144
236	238	0.13991169602109868
244	677	0.11352214587494253
248	254	0.1188563742637412
248	262	0.10420387590541522
250	535	0.1628334583884033
254	340	0.10190245937103949
260	830	0.10052426409379016
262	264	0.18226626167957474
262	270	0.13053767648633102
265	398	0.12154276216587888
266	889	0.10925409981907609
268	978	0.1075291050677308
269	959	0.15683475215725193
270	359	0.10182009714497092
272	370	0.11722204399663053
275	723	0.10060530661105947
283	292	0.1086105731148064
283	336	0.11602486860354533
288	995	0.11082645851606115
295	958	0.10071072087076624
297	890	0.10951655380038129
303	604	0.10202897749399557
303	919	0.1020752367835246
306	344	0.13476189541310674
313	420	0.1076628237662464
314	605	0.11553524555347901
342	514	0.10501465581596105
359	370	0.10202124191876946
361	603	0.13886159204916207
363	969	0.10296596501178522
364	366	0.11775792792068102
368	378	0.15475393012341856
369	374	0.13691754174913603
386	394	0.11211490168884058
386	458	0.1299795516137409
388	392	0.20508107996536154
388	394	0.10520993434074595
397	685	0.17445396633331842
397	995	0.1387997532497635
400	402	0.12852641612586
401	927	0.10648213234427284
408	864	0.24596677143964948
409	467	0.1343828139961473
414	416	0.20790387032008195
422	603	0.11133734065627775
424	438	0.10247395889729707
430	436	0.10488842587627752
431	502	0.10284518581846273
431	768	0.10021151160816616
442	657	0.10526978587881883
445	449	0.19163216283032522
446	450	0.14135778193891574
447	451	0.1603962535665518
448	450	0.10958048796848574
449	451	0.11472847804575897
452	679	0.12099044576988748
455	724	0.13328808709433224
459	968	0.13296367674313955
459	978	0.1002709071538937
460	484	0.10266462496930041
462	464	0.20020314100217568
468	647	0.11025271542586573
477	850	0.11510351964106014
481	964	0.12158686773498201
495	690	0.11231373984679553
496	821	0.1553015860135758
506	550	0.10763387894378154
510	512	0.12698125518822012
514	518	0.13359951442079743
515	811	0.11307547531804235
517	519	0.3177275498591256
519	521	0.11894416536359588
519	772	0.11191977244730855
520	710	0.10928121635322482
542	545	0.10652101664930495
553	836	0.10100868158856462
556	560	0.15684369274256774
570	577	0.158583019483796
574	577	0.11646841727927663
575	705	0.13381553382575942
575	955	0.11243290821667336
593	873	0.2917208621164998
603	867	0.10617973772047176
604	606	0.1550023459202273
606	908	0.10694705954633643
617	812	0.11687428892756917
620	626	0.2188132826080119
622	628	0.1695637254559116
630	763	0.11032011616861173
640	847	0.1329242658677387
644	652	0.10537898008264276
666	763	0.10221746064617529
669	824	0.10937792661000438
685	963	0.10403526843414057
730	732	0.1387198845925862
741	972	0.10135935230247896
741	992	0.13287440235558215
744	746	0.1071857845390927
745	824	0.1390834575517103
750	762	0.10029135017651632
771	932	0.1260450841301236
780	790	0.1157086917597018
790	802	0.10047282658111263
791	793	0.17447024710069098
796	834	0.10107803189859631
808	822	0.13353509538600175
814	909	0.10827500421901985
834	836	0.10956821932629046
836	853	0.11116714751899373
838	850	0.11072870575334531
843	866	0.12821490026088522
854	886	0.13056709412031714
862	891	0.1372775220926705
864	867	0.10857575944095609
865	866	0.1750960946039949
866	868	0.12819391185243229
873	879	0.14392256671417486
892	894	0.4029324705220663
893	895	0.12140260361947877
945	974	0.10813329066505703
961	988	0.14130140225120005
968	978	0.1168772186725975
