0	2	0.18213568402779132
0	6	0.11267203684950408
5	274	0.12493017870135745
6	651	0.11786368139924254
10	229	0.10679825373317596
13	569	0.11448888239410897
16	66	0.10462874739659324
18	20	0.16757865241097086
34	36	0.1309889015766306
35	37	0.10011944792451774
42	44	0.12296408134332663
54	517	0.13871982500512894
62	977	0.11716585560418569
68	70	0.1338165470565237
69	501	0.11147381496415265
71	595	0.11195686917628875
77	902	0.16150759549311478
79	81	0.22619917164488204
88	108	0.13936306824776593
90	102	0.18396661974623424
90	106	0.10521472004323476
91	788	0.13661030690519818
92	96	0.1041517673046338
92	102	0.1627558288728638
94	108	0.10058805846022437
96	102	0.17457437592366373
96	108	0.1435578121072412
98	104	0.11526059951378054
98	106	0.1060807745169016
100	104	0.15614083868702155
100	108	0.19803622398114698
105	608	0.11885072736919086
119	610	0.18336712624628684
123	125	0.20440454711185846
124	126	0.13327655666854032
142	166	0.10020328317037087
174	198	0.13238610883289964
178	193	0.14157274968959996
178	197	0.2667534902001092
178	353	0.11713142274171882
179	367	0.12387377093982264
183	320	0.1401315989689725
186	196	0.12239553453404815
187	332	0.11795785158334599
190	192	0.17704226239018456
192	196	0.10169831895366215
194	198	0.21172935437476229
194	200	0.1084788754775164
197	871	0.10482332691510877
198	200	0.19633193725800177
199	896	0.15162030568304724
203	463	0.1068862587578938
216	653	0.1023645280203379
229	515	0.15004672143641068
229	521	0.10098219411667829
234	236	0.128883552766912
242	244	0.1023679928499251
242	369	0.14106507629000328
244	246	0.10152141670530428
248	268	0.10512069479157375
249	710	0.10207945681935411
256	258	0.4228239579257666
264	268	0.19558382942332864
278	336	0.10610884193325479
281	897	0.11281163011490158
283	292	0.12692275589475815
288	294	0.13728751637816639
290	292	0.13284171834039923
296	326	0.11714566347719121
301	816	0.11452209677234129
302	991	0.13911347901461485
305	637	0.11140443434980216
308	314	0.10426377946115692
310	991	0.17644915511265147
315	797	0.11165757388934562
319	441	0.10132743701801775
320	324	0.1612676616079674
327	759	0.10871055551372717
348	535	0.10990853609803108
363	585	0.14140526867284883
365	579	0.12410719178207935
368	468	0.12103418037433133
386	392	0.12369629898253187
389	393	0.10710023696348858
394	458	0.1350148362737647
397	963	0.13539933387898515
398	478	0.12267109239133792
404	470	0.1169563972620538
405	407	0.13995638312143224
406	493	0.13718386944236266
408	867	0.10843802764880392
414	416	0.15497254888427572
420	603	0.10347891192790039
425	944	0.11700312909478144
444	450	0.1351317807598823
445	449	0.13231189506965657
449	451	0.19328239986811988
452	456	0.11357753145551841
459	972	0.1324096469570905
461	464	0.11838473285285595
466	797	0.1431540292526474
493	814	0.1017453671870105
501	599	0.10936162437150337
514	518	0.1626974846514272
514	520	0.12174526269286148
514	760	0.1051233479405635
515	519	0.1802717169302222
515	521	0.19186389976777665
515	525	0.11715961985841644
516	524	0.11519143290699611
517	521	0.14604499501345186
518	524	0.17110044267784058
519	521	0.1605271965964102
520	524	0.2535762588461957
520	526	0.11723211910920724
539	665	0.11218594653112794
558	560	0.1204787300559372
559	561	0.10091473138587026
564	566	0.1232999211196918
570	572	0.19017818205788567
575	705	0.11064585258899864
584	592	0.10572739641173337
593	875	0.1556609362332169
600	734	0.11656522606898703
604	787	0.1196507171538472
606	608	0.1284935241715513
617	809	0.10767606304444777
620	624	0.10722091776502246
632	763	0.10862454303752297
637	645	0.10154842066709832
646	648	0.1599165808651769
652	654	0.12863787495192447
667	989	0.11441539871620918
704	742	0.11701970407188463
727	995	0.10740636572473307
734	738	0.13352018016426492
766	986	0.12297857093706756
771	930	0.1415902577586008
783	989	0.10166861505103715
791	793	0.10323089882472582
804	806	0.23627764432421908
809	869	0.11545704962028175
810	821	0.11183724255867877
818	909	0.20932345026704363
846	848	0.11401530063630685
856	858	0.15383936665373033
864	867	0.11541728875702659
871	982	0.10503501936100124
884	886	0.1071244296548156
891	895	0.14801501343623177
893	895	0.13896420550156174
893	941	0.10940236293427211
932	941	0.10145103664165536
934	936	0.186211526119532
944	948	0.12364176389264699
961	998	0.11970994830961938
970	976	0.10647077808596099
976	978	0.13128571898658073
