0	4	0.115420163816961
0	691	0.11306035471667458
3	447	0.10788995022538644
4	691	0.10673235276697919
7	258	0.1145907638608716
9	227	0.11936030697605841
11	160	0.11767565277698847
12	90	0.11303103739050847
13	493	0.11302749180795257
13	697	0.10659707854897488
14	100	0.10271272606180304
15	214	0.10523964287052888
16	963	0.10066600495336255
17	161	0.16783768212112768
19	331	0.10640561812961624
20	219	0.10286379970840981
20	428	0.1039571725585653
29	191	0.1179196032318503
29	193	0.11102164300529006
32	141	0.1355857896926864
32	861	0.12556742030160914
33	520	0.11053600099731448
37	331	0.12808697048532205
39	48	0.1397631648088308
42	48	0.1301336760222564
43	45	0.24391397853323143
47	257	0.11319072847943615
47	359	0.1315505371591529
47	571	0.12243946287394553
47	739	0.11846495731958029
50	400	0.11236713648759458
53	134	0.11215807749163507
53	751	0.11358381887643172
54	515	0.18534426311184743
55	992	0.10268812389605125
56	833	0.10200994422597548
58	957	0.10849255226642163
59	447	0.125814215979019
59	793	0.16672189284960698
60	253	0.10710707975672079
61	302	0.10276680489816997
61	306	0.140267908606986
61	505	0.16747640446804404
62	110	0.143048716908113
63	912	0.10819891342299323
64	977	0.12210783302241414
68	72	0.1256996145433833
71	99	0.16142256075545797
71	529	0.1229070593836853
71	819	0.13218897036971528
73	206	0.11906867723748744
73	657	0.13220061737329533
76	136	0.10801212538455211
76	955	0.14160240943985836
77	134	0.11067744071228751
77	205	0.26970414723548786
79	617	0.11958421027140806
80	82	0.11045558712126059
81	83	0.17961455966720702
81	669	0.11088451994767043
85	965	0.124374316140988
88	90	0.24902320221003685
88	102	0.18268785654978428
89	422	0.10805590318837095
90	100	0.2745118003072191
91	639	0.1762794766090388
91	788	0.15683899615350871
92	98	0.2973107102650666
92	104	0.16584283428112118
92	106	0.2458675534491891
94	108	0.17537525958829936
96	102	0.11834513316295385
96	108	0.14636845288381178
98	100	0.27421367416501796
98	104	0.17134648736725513
98	106	0.16063978511374571
99	529	0.11142097547869086
99	921	0.13229264352260328
100	106	0.1587232962473809
100	108	0.11831761309372284
104	106	0.12268278079103297
105	570	0.10238167805309409
105	610	0.11082357649511003
107	816	0.10794719698779244
112	228	0.11161802012081916
118	658	0.1102156686727635
119	351	0.11597374855067807
119	484	0.10728309883684366
119	558	0.11141932046731504
121	333	0.10028974776601728
122	126	0.17109232875473965
123	733	0.16476007299256454
123	808	0.12019411541866379
123	814	0.12402173647583045
124	200	0.1297493165942454
125	127	0.1518401404472942
125	792	0.12835754862185997
125	909	0.1064259165034998
127	815	0.11026149617267954
127	822	0.10367226593625578
128	989	0.11095926746993875
130	150	0.10322313932250698
130	168	0.1304063140768454
130	745	0.16288272163397477
131	163	0.10612419714341409
132	146	0.10777271853318916
133	400	0.12505580022235857
138	140	0.1468082551019564
138	875	0.13245410641879302
140	917	0.10310455972758245
141	776	0.12274738790790075
145	411	0.10006369136304546
145	968	0.11031221094587362
145	984	0.12870978430266605
146	170	0.11220754024505075
146	216	0.10561860559555118
146	224	0.12546390692078013
146	338	0.10487235770882304
147	446	0.10141294460529415
148	989	0.20838638463854936
149	632	0.12201713432400191
150	989	0.14720472110958904
151	404	0.1626115997922
154	577	0.10029266332630092
156	170	0.10342342144679463
159	646	0.10753224765271004
161	265	0.1314058037321549
161	621	0.11396409584140992
166	222	0.1191291610689009
168	204	0.1104192834820396
169	899	0.13970482511518761
170	812	0.1727210131175029
173	261	0.12409741707548891
174	176	0.17668192804261967
174	190	0.12467173904854152
174	200	0.13761462003091068
174	585	0.10374137168134172
177	769	0.11362712172676999
178	191	0.23460341313098432
178	197	0.14793771206069287
179	367	0.11472134274528586
183	270	0.10238611814575328
183	550	0.12680830082398203
184	733	0.10395924900530439
184	834	0.15911272026372741
187	270	0.10126937942385966
188	196	0.1507408729553848
189	683	0.10835151907884648
189	854	0.19230783319561295
190	200	0.1335790233948461
192	228	0.115323435971223
195	273	0.10473248203279051
195	671	0.10444712854287398
196	228	0.15211017853467637
200	233	0.10380332741539489
200	374	0.10361549946122835
200	491	0.3074803218092316
202	363	0.13930366187868415
203	280	0.1645138630636528
203	318	0.11729312379479195
203	345	0.13139159115305288
203	463	0.18744768887087118
203	869	0.12142748820440467
206	670	0.11024899128209348
212	214	0.23496444772781147
216	608	0.10928298113280707
217	284	0.16324261329367742
223	225	0.10508317543124136
226	228	0.1788736679699304
230	397	0.12558306315576948
231	711	0.21698804757683907
233	933	0.1021770827089089
235	575	0.11128864639928795
236	238	0.15910455691140377
236	254	0.10265352186845889
236	374	0.11080092968003019
239	843	0.10454397186284431
240	386	0.12324970619955951
240	677	0.10152460835656735
245	299	0.12003452883171398
245	327	0.1133520292734817
245	391	0.10572612132311089
248	743	0.10816164309112096
250	254	0.1124071017721011
250	319	0.11102106420169647
252	633	0.11889186696892938
254	262	0.1040269291312667
254	310	0.12062034435059266
255	823	0.10271079300159904
256	258	0.15366831591202446
257	259	0.24416298809281708
257	379	0.11609430627556008
257	513	0.1338173741095055
257	593	0.10300625737642514
257	821	0.11157518905124784
258	260	0.14312427605956404
259	665	0.11279950002247441
262	320	0.14046104092467002
262	323	0.12947753587606542
262	968	0.12374923380208984
264	677	0.11340801903507382
265	478	0.11196791198289789
265	968	0.10171295532567495
266	332	0.10795895648527006
270	283	0.12211960644600332
270	408	0.15009849559852395
271	788	0.10429899427682486
271	921	0.10561877638230087
272	864	0.10820859891811395
272	887	0.1084924893880636
274	685	0.10110927062590838
276	729	0.10366773007522942
276	847	0.10161032495126661
280	685	0.10327962034156328
281	396	0.10147531308480438
283	963	0.15634482488887527
284	314	0.1532228789158111
284	680	0.1458169887240121
286	328	0.14916681931833142
286	693	0.11045450350633515
290	294	0.14655821330380553
292	316	0.14202662498038013
296	535	0.10973398480409503
298	474	0.1226613190215175
298	719	0.10524757905962613
300	995	0.13116480813502296
301	812	0.14953913883846628
302	310	0.13159472076876902
302	342	0.12128278030613979
305	637	0.13802198175442448
307	809	0.12441461158000165
310	326	0.1328117708188561
312	423	0.11260122694186353
312	991	0.22610763810710297
313	679	0.11758556445374238
314	329	0.1627420884876229
314	359	0.11278748191500826
314	729	0.12415109806411122
315	397	0.1264403959752308
316	322	0.1190616775524228
316	397	0.12122334247793194
318	320	0.10641020805619993
318	322	0.10878204609860223
320	322	0.1093031074920871
320	878	0.11904362437453778
321	853	0.10219052686544186
321	927	0.1666521602283293
322	324	0.1267803612722513
324	508	0.10714970325250336
326	397	0.1407267216370768
327	711	0.12570768605828025
327	810	0.10862961163183453
333	811	0.11722386512140286
335	652	0.11684846087648394
338	370	0.11835009224336086
341	665	0.12404141150425037
343	530	0.19395038660558275
343	532	0.19944538789440314
343	534	0.123027172116522
345	858	0.1148434159320384
347	573	0.10222638833238215
348	633	0.1036773285322457
351	612	0.1274406467924704
352	413	0.2486689632272674
353	653	0.11872523283004854
354	476	0.1064413657571697
357	487	0.11181043188706073
357	787	0.10270208534592162
359	567	0.1012536666141266
359	889	0.11053206333170448
361	393	0.10270298786897876
361	398	0.1640581995004196
361	400	0.15535854278561154
362	739	0.10722736709093536
363	724	0.10187292586846879
366	951	0.11290636883607821
367	745	0.20632857630792756
374	677	0.11684406611272087
374	743	0.11287638588714721
381	872	0.11272768219680514
386	394	0.12512980248664723
387	904	0.14475642081047632
387	926	0.10608852624954869
390	392	0.12121796051603707
390	394	0.1383037258587857
391	393	0.31630266115603634
391	818	0.1212354196399966
391	945	0.12195023319083081
393	818	0.1517598336245405
398	474	0.12849278381006482
398	839	0.11554307090896276
400	402	0.25583311934867525
400	410	0.11229343246347433
400	438	0.11337129767409497
400	465	0.11351104515162498
402	410	0.16487210525305088
402	438	0.10010003919289279
404	406	0.14378829312355154
406	495	0.11786564366317355
410	448	0.1030149570847531
410	867	0.10333600242621016
416	422	0.10166560345246509
424	434	0.11976015409971934
426	428	0.12296188682232162
426	808	0.14042437080295447
428	647	0.10313645934342139
430	436	0.10629218943255374
430	460	0.11654385807690827
430	927	0.1367541048288519
433	714	0.1025316605499735
438	488	0.1297136456691717
442	864	0.10499405428604333
442	927	0.13537684150982546
444	450	0.2211250654189082
445	447	0.16532268335870093
445	451	0.13156922819434105
446	482	0.11341967082800317
447	451	0.15808578904166223
455	684	0.11665089128927612
456	815	0.13774441597584325
457	960	0.11403248686565311
459	972	0.17467164133994334
461	465	0.14699994649063675
461	466	0.15412597593672353
461	929	0.12114668788494275
466	797	0.10205644383469276
468	488	0.16408306711734263
468	797	0.11128961749698031
470	761	0.15020676230972077
484	610	0.1537236221880202
485	990	0.11081967638193194
503	537	0.10602067832474607
506	787	0.17499390490719047
514	518	0.11139207140187021
514	520	0.1551138524322107
514	917	0.11708763075134956
514	979	0.12378864215995537
515	517	0.10757397425816943
516	875	0.14791655223505323
517	519	0.23578787047465488
517	525	0.16122744125484129
518	524	0.1379857241190366
518	979	0.1427280164043004
519	841	0.12823732210208594
520	524	0.1277579293949599
530	534	0.18696752691955665
537	574	0.10984821745694115
537	961	0.10895091824217372
539	937	0.10739159531161667
540	542	0.1689861238310599
544	903	0.11037835066512672
552	554	0.15550848324312955
552	602	0.15014832112880291
553	555	0.5160515934227663
556	590	0.16185885852151433
559	625	0.11054771493877345
565	567	0.27900541678331475
571	573	0.25916991511647647
572	577	0.12264318113687803
573	705	0.16614259733512676
574	863	0.11383906852537072
579	636	0.10970256667158976
579	993	0.10059195877629161
583	744	0.28299965959755174
589	593	0.12489815305554168
590	608	0.11390770499792602
591	821	0.10358102311205301
597	879	0.10242115588881015
598	646	0.16581544082109537
603	647	0.1577289763568546
603	867	0.11427705625448761
605	934	0.10981729422557544
606	608	0.1621704089147748
617	793	0.11850151655639113
620	644	0.1887422489939511
622	628	0.22499501293330637
622	650	0.13148084869434928
623	625	0.16615829962842651
623	627	0.1085256108058606
624	628	0.11094331483232504
625	627	0.22774341638934156
628	763	0.1439891370299932
630	803	0.13398784274948786
632	636	0.10048619385900226
634	703	0.10126861195009404
640	847	0.10143824778931254
649	943	0.11624930526910594
652	654	0.24721053253358494
655	942	0.1071015618566082
661	787	0.10283767225901237
669	814	0.1494545218647487
669	987	0.10828782124642272
670	942	0.11552255382910728
674	676	0.1296140431933534
683	854	0.10492674567315041
683	874	0.11932582614179447
693	719	0.10387254462894167
694	710	0.1096407977062223
695	983	0.13165213329499612
710	917	0.1000446737920403
712	714	0.14895553254414387
718	953	0.11065047887265497
723	858	0.13763612173920647
726	736	0.15556040005405272
726	773	0.10074487514075114
739	961	0.11483215310443974
741	966	0.1105580032572747
741	990	0.10603127027878996
749	828	0.15100175589208634
749	834	0.10665970864708377
754	756	0.1391153051815175
755	798	0.12267130482994124
771	920	0.12957207727776057
781	985	0.10273458294812897
784	884	0.10718414274100219
791	793	0.1177376599274858
795	958	0.11667328828486208
808	814	0.11643330899441864
823	898	0.13555401742864265
834	853	0.13515022305285426
852	937	0.12491401109344298
853	927	0.14633959014880943
872	874	0.2601224979094578
887	992	0.12759576401646566
893	943	0.10192555688243736
895	941	0.1642659683407183
896	933	0.10831264145907285
901	923	0.1082874285685161
906	908	0.14434469091563024
916	938	0.1262665549797448
938	941	0.10941170778063607
946	998	0.14038556027429125
951	953	0.12069053325491362
961	970	0.13415655500154997
961	990	0.14916048459102968
969	989	0.10591435171549354
972	978	0.13276225239226752
976	982	0.20371709343773017
988	991	0.11473864334638872
994	996	0.1225052732798869
