0	2	0.19129715481635493
0	4	0.2680996153708949
3	377	0.1022096279732277
17	635	0.1028720009525462
43	125	0.10023363693058289
52	229	0.1303871184071087
54	521	0.12687570569395276
54	525	0.15671555749841762
59	69	0.10438227844735619
61	310	0.11359274589950821
61	743	0.1170397930037814
65	213	0.10041533723241017
70	72	0.16773528165671903
77	902	0.12134638056761247
79	81	0.21886271782109518
88	94	0.2390328002917597
88	98	0.10520580232393828
88	100	0.13386052976047672
89	414	0.18625812921632787
90	96	0.1861130519820585
90	102	0.22556833808280677
90	104	0.11543571666292726
90	106	0.116205965431105
90	108	0.26854224183506686
92	96	0.15580090181760028
92	98	0.10450311162668408
92	106	0.15704729068717643
94	98	0.21425814742264956
98	106	0.22419378118903763
100	108	0.1825759332737281
102	104	0.21306435472223365
104	108	0.11805075742355631
116	747	0.10027040890449564
118	153	0.10745534718506636
122	126	0.10128607943564431
124	126	0.22309955774872708
125	127	0.13486554473558976
136	741	0.11402628766966379
139	907	0.10262221822422005
145	855	0.13138073390689953
149	335	0.11566685623399574
150	335	0.11861253212327688
150	438	0.11852702008994188
152	585	0.10594088887907234
172	174	0.11997346026889513
174	178	0.18704989214630105
174	191	0.11423587105598558
176	197	0.13669661892235407
180	587	0.11736000233715102
184	401	0.1392428683890388
184	927	0.1001939048968395
189	880	0.17412024726829312
190	192	0.13545007018458532
193	197	0.3531710918311519
195	625	0.10309226032897674
196	491	0.30652238491419975
198	491	0.20379286022886062
203	298	0.10010695546570948
206	497	0.11957004309139438
206	653	0.1004186533235453
213	215	0.12762466460591068
219	788	0.12371580605658059
221	224	0.11337156648135978
222	224	0.26723362488980734
234	743	0.11118863022418284
238	244	0.11580898139688761
245	812	0.10010385017728124
245	818	0.11261115646281614
248	677	0.11875035121594929
248	960	0.10000828753878803
249	920	0.10596741443893481
250	535	0.12706869017942402
256	258	0.2705708650737982
257	773	0.11903905174446934
262	270	0.1009732558953972
265	968	0.10765624348075727
275	418	0.11673757426277427
282	330	0.10652804901084773
283	995	0.12480680399969238
286	294	0.10886487417121506
288	292	0.12059868153501063
288	330	0.1033409231452845
289	589	0.11836127098102625
290	292	0.10027304020481825
290	324	0.10866821892989992
292	330	0.1031644413956868
293	337	0.1033250643433544
299	821	0.10035853248097874
300	963	0.2113072789934611
306	310	0.11027747992488772
307	749	0.10955710110629824
307	987	0.11584257852989002
308	310	0.11856567852386402
310	312	0.14692715830013703
319	968	0.10070670186694698
320	878	0.10676624444412126
322	878	0.10554171383000897
325	554	0.11171787557783246
326	995	0.11922884314154726
328	373	0.11399229665780196
344	535	0.10806866778223502
349	931	0.10660889884974961
360	374	0.11484043651141909
368	877	0.1331111951384717
372	672	0.10443553747644344
373	675	0.12604476635844114
390	392	0.15834956459064223
397	685	0.1009098063161452
404	406	0.14294715522612447
404	964	0.1126364920881687
409	629	0.11031880787755088
410	864	0.10984834230900797
412	884	0.1329435646027539
429	800	0.11326398999221034
436	488	0.10058279890200837
444	446	0.12846702922002048
447	449	0.11849967019077198
448	450	0.19914611146343808
451	460	0.10229737934586076
460	465	0.1032657383709136
465	603	0.10319980349452487
470	826	0.10431895297729409
473	879	0.10380728848650551
482	839	0.10233404375822246
492	494	0.20147902217467847
503	926	0.15394805926607205
514	518	0.1843703216804987
514	524	0.15787506918327313
517	519	0.1640696596341048
519	525	0.11506803403176136
521	525	0.1104993161993166
521	772	0.12018667899288737
526	536	0.11261959562562468
528	831	0.14641655896040115
530	973	0.13194257972273554
537	904	0.10996787764150923
546	571	0.12170178017681191
546	789	0.10628491700967646
551	583	0.14215873503457502
556	584	0.11620753501720456
558	560	0.1901455976552676
559	899	0.10473016240934238
571	575	0.2516943104431054
575	700	0.13755163590853708
577	704	0.11328404649025295
589	632	0.12291255872332993
591	759	0.17037329666483697
592	730	0.1582052191477907
593	873	0.1166549014539185
599	808	0.13357082734847628
603	889	0.10210192117801464
606	608	0.11633577023124503
607	609	0.3463967659344809
624	628	0.1261172579607658
636	763	0.12849071091805156
650	654	0.12703619727948962
669	796	0.12837161692986038
680	732	0.11882818987908615
685	963	0.11388147361784062
690	836	0.10739196734040048
714	871	0.11437819976702421
716	967	0.10857063239186278
718	726	0.17700731107477213
734	748	0.10285583454768989
750	770	0.10494252898628692
780	790	0.10266203754352715
802	809	0.16236027300200925
804	806	0.20308703917436538
814	824	0.10276741085904283
815	946	0.1926751817035797
816	821	0.10952083720931968
852	856	0.10826009434149121
856	874	0.10518323748235883
890	894	0.19848936883735224
891	910	0.13117816624928824
892	894	0.20207087874031684
930	936	0.10635963247897307
951	953	0.16342967085656146
960	984	0.10643004942887652
960	988	0.1157129639551015
973	976	0.10838607502064362
974	980	0.11693520791882778
