0	2	0.1292249583149048
7	575	0.10372552175751709
7	796	0.10442782214322445
8	39	0.11813862477791603
8	549	0.15700531670577084
17	984	0.11447645298052758
26	521	0.10349832880359648
28	42	0.10551371130359857
30	32	0.1098549776732479
31	332	0.13300340836467944
45	91	0.11888102116353905
47	974	0.11933544819227757
47	978	0.1011684288499851
52	525	0.10548900378186071
54	515	0.10697417257617378
55	741	0.11051166133137072
56	525	0.12265045319431564
61	312	0.11126160557268762
71	237	0.10394015689844308
77	373	0.10520822799475575
79	83	0.12370234530385257
79	245	0.1013714736611539
79	299	0.12182573622934459
81	83	0.10436250174436602
83	816	0.10217791826222719
88	92	0.10946099922910361
88	108	0.10482601670297877
90	98	0.11103783480639857
90	106	0.22104559656853742
92	100	0.18633388412338017
92	106	0.14843266065837776
94	100	0.1554213728514875
98	102	0.2557027634832597
98	108	0.1983404912492425
100	106	0.17549805497488982
105	604	0.11897306069344031
113	565	0.15240007872470818
119	604	0.1992662465726059
120	972	0.10486317771315463
121	455	0.12463123904275746
123	127	0.12976560450474403
123	733	0.10764450779359415
123	755	0.11714535500158683
127	299	0.11348882092964138
127	786	0.12153677162909382
130	140	0.10082402699993362
132	568	0.10226447400525261
132	843	0.144880808030348
138	143	0.15943556190991387
140	264	0.10120776010627766
146	150	0.12441500422665229
149	972	0.1383205057970647
150	747	0.10708817291055384
151	398	0.13049221325911028
151	456	0.10696057916062168
152	155	0.11691424857393838
170	176	0.10794968119925763
174	198	0.14008345831269262
178	193	0.11827081097866741
184	834	0.12029722791786392
186	194	0.14842039860522244
190	192	0.11442403103910177
191	197	0.12494974305292578
194	198	0.18878475212199122
194	200	0.12756318965121655
200	491	0.213180660093856
203	398	0.10773838364092168
203	725	0.11594733867281039
204	226	0.10495013399661046
207	786	0.10721418439884242
216	604	0.1069491228916629
222	224	0.16896040311969254
226	746	0.11091692925162809
228	491	0.12049900160444926
233	619	0.10710747222598699
234	719	0.11747894415418694
235	916	0.11551005253374455
237	595	0.1130828254177695
238	743	0.11074565921193523
248	677	0.11025755770748445
249	710	0.1354130178214741
250	358	0.1081929162438658
250	535	0.15657028216761648
256	834	0.10987797219515649
260	985	0.13961831945313105
262	266	0.1345190071884768
262	902	0.10012557272145671
264	336	0.10670318789976406
278	323	0.10525378684948648
282	300	0.12537629333927644
283	302	0.10929333528633038
284	306	0.11339294954922786
286	302	0.10329748169695854
292	316	0.1356035865593364
293	825	0.13608523381650192
297	892	0.11286639590545608
298	330	0.11263618738809444
299	987	0.13694126821750918
301	812	0.1862368806642012
302	963	0.2420755258209576
305	645	0.13937589103423623
310	397	0.10404209419406887
313	487	0.11844718642874087
315	426	0.1272311714511894
316	324	0.10695853258348027
316	685	0.1602330972337304
318	324	0.10128502093098622
318	385	0.10339471642118482
318	397	0.13323203561498792
321	927	0.1992212958651783
323	342	0.1183124791789773
326	963	0.11355084340090198
327	828	0.1321324675819275
334	858	0.14714822196181881
338	344	0.1545492435077621
342	870	0.14507151409629646
348	753	0.10094491879208636
353	497	0.10298437101913419
359	852	0.13907921727805767
361	414	0.11684105458259848
361	647	0.15179184828035344
368	378	0.10390287610367956
368	468	0.10763601025249772
380	653	0.11856620274844155
386	458	0.16158853463361889
389	391	0.10937101753288725
389	393	0.2505393232484034
402	864	0.12273216717504888
404	657	0.10797066874093104
404	924	0.10314665433601937
405	407	0.15499360962137312
406	470	0.10157923514452022
408	410	0.12241210606144706
410	647	0.1257096275648407
410	867	0.12338384601676611
420	438	0.12723126044136704
425	948	0.10217633835874695
425	954	0.1517658116272593
426	428	0.1311037407873712
430	436	0.14595501281928047
434	436	0.10547511554119991
438	693	0.1156430619948262
441	972	0.1115912437327648
447	451	0.23898229021667844
448	450	0.10671554351260772
459	960	0.1099257940642492
468	679	0.1001382216883603
477	739	0.11823817521385091
477	854	0.10846959862292642
484	506	0.10872904896111428
492	494	0.18989659172165224
492	512	0.10080844254470132
492	538	0.10426352190803666
502	834	0.1375823724108065
503	926	0.10185313795599428
514	518	0.13582500887483603
514	520	0.32462623198338625
515	525	0.2663833534233108
516	518	0.1022976078442969
516	520	0.13653903230191727
518	520	0.1915115330300426
519	525	0.11280586622377425
519	772	0.12261763251380836
539	665	0.12518392932106476
552	554	0.15958129787340397
552	590	0.1007013455067577
556	560	0.10209592134133252
558	592	0.11287934833718528
559	561	0.18499603849232854
559	899	0.11413565517265148
560	715	0.10704297178707707
568	584	0.12271661968414649
570	572	0.14929081019137896
571	575	0.11629078797256359
572	577	0.10664814961650332
572	871	0.10375175278287371
573	575	0.175544493002687
573	705	0.16891335461099163
575	705	0.13232324657907443
584	586	0.14439106384057862
589	646	0.1521568804088209
599	623	0.10766611006074424
604	608	0.10895242030152505
604	908	0.10454501936355448
607	609	0.24313351184337584
608	610	0.19435112877511482
620	626	0.1264071770526398
621	623	0.10112583257003838
622	628	0.1719839207898159
632	636	0.1274833232080231
632	803	0.11340446057550353
647	867	0.10673372700533577
667	989	0.10143563047877201
684	988	0.11764923994639093
694	696	0.23457207614752754
705	834	0.11781516797316553
710	724	0.10272059326291856
714	871	0.11564958321938427
724	732	0.12639100025558922
725	727	0.18468798410898044
739	860	0.13323737036804761
745	824	0.10762043595908431
759	993	0.11869437566283954
760	997	0.13315075531490148
761	961	0.10674719802247415
770	774	0.12036116575881778
772	957	0.10785445135601397
780	784	0.1344195039003578
780	869	0.10833921867731897
787	919	0.12853656395645793
802	987	0.10744548500736836
804	806	0.1167176747224228
812	824	0.1150589332807652
814	816	0.1342736532191646
818	987	0.11545330178815649
821	909	0.12336948894132989
842	843	0.12043755171779874
843	872	0.10621889440116117
855	972	0.11751425789152378
869	909	0.1271128753506081
890	894	0.281106138821745
893	895	0.10292933478711755
896	933	0.11550283758405248
906	908	0.10007944712428082
916	942	0.11600682052596757
954	960	0.1330511459843699
974	978	0.10067091843082901
982	993	0.11189010984713851
