0	2	0.21600285640374517
1	844	0.11130512838750968
2	4	0.14044017997294406
5	274	0.16312028634046008
6	39	0.1512731779041946
7	705	0.10287814973304733
8	549	0.12461015366696855
10	84	0.1009964346404602
14	833	0.11063912188433178
16	56	0.13374674993240182
17	984	0.13545999121399652
18	255	0.11520031956393297
23	404	0.10584230683084092
29	193	0.11371311781601981
32	141	0.16945092804537037
35	37	0.2774782918875479
36	253	0.10179996797354428
40	66	0.11043235147874632
43	909	0.10772029797813341
50	787	0.10853098853756826
54	517	0.11970344248715345
54	519	0.13003384505437673
54	521	0.12024043170559956
56	58	0.11742144509942475
58	104	0.13492680555752506
61	330	0.12680783410016264
69	395	0.10273174593453105
71	269	0.1342698275373121
71	271	0.10660014185893632
73	156	0.12185722248985431
74	147	0.11630081268423786
79	81	0.24738998003379067
81	201	0.1005673058391919
88	104	0.10703363537234242
89	412	0.10393011158509301
90	96	0.21114133756479644
90	102	0.2929945427709298
92	100	0.11982095786121641
92	106	0.129206955846215
93	307	0.11788040477471255
93	814	0.10607656417596303
94	98	0.1645247781525802
96	98	0.23424655514226972
96	104	0.15100670702711544
98	100	0.15467927789294367
98	102	0.1783739691743501
99	237	0.14042046734682812
100	102	0.13257533538357286
103	395	0.1060515322765018
103	973	0.24252143042746904
105	653	0.10930269875246194
107	470	0.10962177406199074
110	593	0.10396530915621786
111	132	0.12761773604057686
117	603	0.11217079283311057
121	730	0.10647507011000391
123	821	0.13357971573087463
123	937	0.11465466082366581
126	130	0.11487232015393099
127	822	0.10000347704317125
128	138	0.1136507519187859
130	204	0.1385744039974724
130	228	0.1084741556470306
132	438	0.316554329702928
134	142	0.10564990768539095
138	140	0.15737048243660903
138	264	0.10546515679096598
140	146	0.11224942076225156
142	799	0.12993662360134717
143	982	0.1265744198885676
145	980	0.12630524068579355
145	990	0.10388550894370206
149	632	0.10174166473022714
151	723	0.14185103496742438
156	222	0.1102700006328253
158	613	0.12425564384216017
163	935	0.21532367867833374
164	166	0.12425213488701077
166	799	0.11558494887582352
172	180	0.10263887749109601
174	176	0.10605290558007412
174	193	0.10921166135230637
174	937	0.15278452343087354
176	178	0.10907817016193248
180	363	0.10104722233949134
181	559	0.10243704960726503
183	955	0.10213121747132482
184	502	0.12868782308074259
186	226	0.1374228358655552
186	585	0.11315129105360655
186	718	0.11549245703956078
189	872	0.13396705179739324
194	196	0.1535380128321367
194	204	0.11343206090144095
194	363	0.1264574011945419
196	200	0.13260880940522807
198	200	0.16856752881188963
200	491	0.1208818319697827
203	345	0.1058643892125792
210	497	0.11132956893718028
210	653	0.13386972038263206
213	215	0.15799819198808943
217	284	0.10211914111642924
219	966	0.10298147581673939
220	751	0.12477889836000765
226	585	0.1387691191155921
229	515	0.13099143168795732
229	807	0.10378561503987489
236	743	0.1523487639676816
242	369	0.11307544806683739
245	949	0.10035768590620729
245	993	0.10465397045008963
249	710	0.13480662394927517
250	535	0.22801043900557313
252	254	0.11896656193285327
252	336	0.11721822132728797
254	374	0.10752280207061392
256	258	0.10567385167144135
257	259	0.19702019782560204
259	373	0.11802901908498836
262	344	0.1418554468784822
264	342	0.1063415266122884
264	889	0.14579535309084313
267	611	0.11205030164915501
268	741	0.11275944055699673
271	299	0.10037500318324918
275	414	0.10583840997857893
275	481	0.13409851470357798
275	657	0.11612927496344849
281	352	0.1068645168823012
281	723	0.10445054591733247
282	463	0.134351970108653
283	292	0.10695167697008724
288	292	0.12238342287061874
298	316	0.10542937638707674
300	306	0.10558843695144915
302	963	0.14067410774323302
305	371	0.11648958125331293
305	645	0.14201713748481906
307	836	0.1056703194337605
310	312	0.112599197005676
310	330	0.12238373948947968
313	484	0.13474134223427947
313	679	0.10741996573756968
315	574	0.1052161839975775
319	398	0.109774034155469
319	968	0.10287199816250056
320	322	0.10158441639236182
333	455	0.11085564281904835
333	732	0.1034820281474163
333	809	0.12802984012764748
337	825	0.11895180577960983
344	754	0.10212662083404662
345	463	0.1163958732507944
348	376	0.11302013330248893
349	489	0.10777243826775774
356	877	0.11523397662016811
368	374	0.18183972888285063
373	675	0.13713453403882261
384	386	0.10511408761680305
386	394	0.12081494708588512
387	908	0.10921565509543037
389	393	0.12418135686764233
390	392	0.14216530102520147
397	685	0.10168679385661175
397	991	0.10980545693342819
398	476	0.10449635953520078
398	621	0.10494365643580522
400	647	0.1146177072084553
401	853	0.14689113710037427
402	542	0.13798612345249636
402	864	0.13174860918787978
404	761	0.15757380244519276
406	470	0.1157353857998505
410	640	0.12237225205070429
416	797	0.10577534682620711
418	974	0.10101134287412611
424	426	0.10425416833596957
441	960	0.12097044242231055
444	448	0.1751104999250732
447	972	0.12076664473161225
457	459	0.1360430119506705
459	960	0.11417892946520362
466	848	0.20728848533058897
466	951	0.10270641633131822
468	488	0.10316291885520841
477	854	0.1779429742198433
487	927	0.1244721434837093
488	724	0.102626437680437
490	797	0.11030716487354937
491	587	0.1183045466227925
495	961	0.11536450532291916
516	520	0.12214798963740635
517	519	0.13304720213154933
517	521	0.19285599146357157
517	525	0.15102059806027035
517	609	0.10410481133287829
519	525	0.21439779710093745
519	805	0.10506423592196819
521	805	0.11490872902457895
522	596	0.10329739898989339
530	532	0.1509739305240996
557	749	0.12149140231550205
563	987	0.12713814657159675
565	567	0.22945191101716578
571	576	0.10669357311408449
573	705	0.1787975479494257
575	705	0.10393761894605241
586	592	0.1316705215360991
591	821	0.14567447598185665
599	731	0.10314881399761539
604	606	0.15754272222920468
607	609	0.1618774329815183
621	623	0.11999020921691361
621	887	0.10415582950830303
623	625	0.29217542063499863
626	628	0.11207286794428882
627	899	0.108957037811628
632	638	0.11354461327527834
639	788	0.16600373281780295
652	654	0.2068686527160866
663	860	0.12149574920257605
667	989	0.10457966512994447
680	684	0.11140133970243114
683	876	0.10140312303505328
684	704	0.10175543743372456
701	923	0.10035139446469786
714	716	0.10406117015444077
726	736	0.19428148227932446
733	818	0.1166941922425951
745	790	0.10161705728737024
770	774	0.18167933268347528
771	888	0.11905538659652772
780	792	0.11353843689063531
780	802	0.10233620355820248
790	792	0.17653248016800105
791	793	0.17700699450003465
804	806	0.4288421845102846
814	987	0.10133380578239032
842	886	0.10546279800699493
843	886	0.10179122212297859
854	880	0.11431408179846052
865	866	0.13172127372876957
865	868	0.20994653674544697
868	919	0.10512529067837476
871	947	0.10475878197920226
890	894	0.18042686352333714
893	895	0.19457224184759736
914	916	0.10519622139010965
921	959	0.112800590867801
945	972	0.11270931414071271
950	952	0.17965467666051335
963	991	0.11448262537591714
972	974	0.12784586670853126
