0	2	0.19199974766420816
34	36	0.16714867704172753
52	515	0.12424242638861134
61	240	0.11656510772008766
69	113	0.1004647949126342
76	264	0.11476650829043872
78	82	0.18720435945631086
83	127	0.12095489377548303
88	96	0.14866509327815564
88	98	0.23247110163184978
88	102	0.1629659198214394
88	108	0.12562956502401654
90	100	0.1559152415931848
90	102	0.20743719053666837
90	106	0.1025463080480549
92	100	0.18193032832054581
96	98	0.4302081263242441
96	106	0.16210064359489834
98	108	0.1511280216619117
99	595	0.11361840196646325
100	106	0.14893788618922757
102	104	0.17261832896173124
102	106	0.1523892207612405
102	108	0.14756457365875011
110	652	0.10693178832600218
119	604	0.11142649044520361
120	140	0.12403022755723837
132	438	0.1984294719975932
133	182	0.10183913787315683
134	197	0.11386166487734124
139	214	0.10212342778387948
145	984	0.11120305124784277
150	693	0.10328754694437474
151	603	0.11027463929601837
151	867	0.11317044771642928
152	158	0.11581160768723404
155	557	0.1401138237215963
164	170	0.11886389041534277
175	355	0.10069572014444793
193	197	0.11232819148966511
194	200	0.11783771059628104
198	228	0.10956289639872341
199	900	0.11329920561111292
216	497	0.13830112289244278
216	969	0.12137831123277455
229	807	0.10195778041797326
231	233	0.13512545189814998
234	238	0.15348474643416946
234	374	0.11004921315536591
256	258	0.2803362465314352
280	282	0.10099484850028351
283	294	0.11746543860670229
296	298	0.11621656300915444
296	330	0.15291817985461237
297	894	0.20653113309182866
302	963	0.14460138850159324
322	324	0.10716593651483339
343	532	0.10715410564697131
355	413	0.12312997946051736
372	674	0.10526831581662238
374	378	0.11525941122501789
390	394	0.13763505337202794
397	633	0.10559003850774415
398	839	0.14188251918801045
402	867	0.10428386228965651
408	904	0.10314991517123917
436	438	0.1153324494223725
444	446	0.15719629954459777
445	447	0.10753073250630507
445	449	0.22343531382357573
445	451	0.20805614676840026
446	448	0.11923600537210151
447	449	0.22857118660140285
451	693	0.10070597599943885
459	960	0.2092030857792106
460	472	0.12865478313813145
477	882	0.10256442530213519
492	512	0.10148071375734675
496	755	0.10193278364606226
501	617	0.11794213276823141
515	519	0.2533180212679344
518	520	0.23656613719368896
519	525	0.12068693901720294
521	525	0.20105975307509105
537	904	0.10631797705751912
546	705	0.10594768483843353
552	779	0.14535954875438747
554	602	0.18215390194057876
556	560	0.10347483870137626
559	561	0.11259978999338638
570	574	0.10376424121751816
572	574	0.1268235467282348
574	577	0.14556960459620427
585	587	0.11139035966310668
621	623	0.1083741734707353
621	627	0.1027671756752351
622	626	0.10631388063667777
640	847	0.10261732289768456
681	964	0.10967059714300645
681	990	0.10674952523629232
694	696	0.12882056719781532
695	697	0.16589492623217217
719	838	0.12458648873745323
729	834	0.10331290120397957
745	782	0.11400455841833346
799	989	0.1342251588321304
802	824	0.11038544600662847
824	869	0.10637623988065967
865	866	0.2197244496411054
873	875	0.19989132879230742
956	968	0.1597026167078403
974	982	0.10552089231893307
976	982	0.11078112095585076
