1	97	0.10538550301605133
5	359	0.1031375334505912
22	437	0.11502379535117493
24	739	0.11048223736322153
43	45	0.20572373206563588
47	359	0.11648842826521394
47	465	0.10022784348018494
54	525	0.10160619106881648
59	449	0.10247317141345018
68	72	0.17216952024789345
71	237	0.12228082048994897
77	205	0.23359314549478902
77	902	0.10783987852997473
79	812	0.10339772161925499
89	275	0.11451089122431532
92	100	0.19329346169685158
92	102	0.15610568340467026
98	100	0.10791485481733985
103	343	0.10087410058319254
104	106	0.15719647344949367
105	604	0.10268057875234987
106	108	0.10904026643097975
109	287	0.10073017111010099
109	800	0.12343449552637094
119	610	0.11466442399058042
120	585	0.11412868271305601
123	733	0.13261175570341957
127	786	0.10275630453978365
128	221	0.10270816567306001
132	438	0.13096822880734696
132	468	0.12184191394995793
134	178	0.11161608169462246
139	397	0.10565224297778845
148	150	0.17752578819779505
151	404	0.11465494621686016
151	465	0.1000698811083826
164	198	0.1012953603503504
167	819	0.1050903418378395
172	348	0.10127509820916854
174	191	0.1262703111308215
174	667	0.1021353697809227
174	675	0.10979052009327439
176	191	0.1286635929930534
177	593	0.1038101811167282
186	202	0.12042623535959977
189	854	0.10934188458188748
191	197	0.22090282147334336
194	198	0.21326098740176483
196	198	0.14573817498750624
198	200	0.18063165259434777
198	491	0.14746799826716736
199	205	0.10586731584595437
212	214	0.1918315837868143
214	653	0.1103096675303661
216	747	0.10677662226890422
219	559	0.15626265670982672
222	224	0.17770446596900283
228	491	0.15402473078605858
241	579	0.10609601750603638
247	249	0.10387427729706718
248	336	0.10574408528983974
256	260	0.1019226895728041
258	421	0.11698524990262661
259	299	0.10023523820053658
265	487	0.1033945510494068
268	889	0.11970285276585355
275	657	0.12942205523816022
286	397	0.10654655662280473
288	290	0.10183711583134411
296	330	0.10503454543297082
302	991	0.1252098387843874
307	878	0.12919694101112428
322	324	0.17403015018900253
325	554	0.12028273301645705
325	560	0.1263963518612503
327	788	0.10141647172651003
373	675	0.159519609526789
377	529	0.10839688156123171
401	834	0.12041671204205548
405	407	0.20636382088394847
431	974	0.11207822927671922
445	447	0.1349846686393058
445	449	0.22587951484901284
445	451	0.17889207669429993
446	448	0.19856244101673662
447	451	0.25968039784867203
452	466	0.10080997806121461
457	459	0.2773996444222492
457	956	0.1113483104742364
457	968	0.11925195494426945
459	956	0.10670069809625052
459	960	0.11007972237548516
464	487	0.10973491530065742
465	603	0.1395228997822563
466	848	0.17207122691455506
481	958	0.11473142479591722
503	926	0.1702896887529865
514	520	0.12419141178728593
515	521	0.14462831497254106
524	548	0.10176074770824356
552	779	0.15561077585766425
556	602	0.10055161449693543
568	574	0.10162511323933479
570	577	0.13480412636009068
573	705	0.11952451174570297
574	577	0.11398055296151187
591	734	0.10058216300848344
593	875	0.1258682564533796
616	624	0.11909564350959807
620	622	0.28551784465026975
621	625	0.13744797532738762
623	627	0.1760041815307225
630	632	0.18562046439294372
633	995	0.10235873900113754
636	642	0.11145603418277875
646	648	0.13510066712632401
658	664	0.11082554402429834
669	818	0.15132566741565276
685	995	0.10891779715040198
694	696	0.22852980587650823
711	912	0.10297948400912639
712	871	0.11659643629335303
723	741	0.10338763579162691
724	732	0.10623779558031483
726	728	0.11033286408852626
741	970	0.14206187074369933
754	760	0.10031497234401689
759	791	0.10980903399861754
764	917	0.11672045923213355
769	901	0.12040007834521635
835	993	0.10243639988874957
855	961	0.10242550891513337
864	867	0.10003481906193382
890	892	0.10062297859873236
890	894	0.30345901145276233
891	893	0.17084313815537372
909	949	0.10282270997632843
944	954	0.12945601328867726
960	984	0.12833245707016042
