0	2	0.1290001456928264
0	234	0.10729169410020782
0	691	0.1268052087345881
1	187	0.10568654488125044
1	603	0.11291789954451496
2	8	0.12251824080171857
2	72	0.10788324860845615
2	234	0.11038419930514126
3	451	0.11435851852112357
3	557	0.11226523531453954
3	634	0.10822245115042547
3	826	0.10621983846090356
3	850	0.16306072187878165
3	972	0.11882245304710727
5	298	0.11063715811255033
5	655	0.10589782179709675
6	39	0.18148606733415304
6	48	0.1764024340925117
6	651	0.14441076713804477
7	30	0.12336752355348503
7	571	0.10671869025229788
7	573	0.10172337259703536
7	673	0.10401246598555472
8	28	0.10057550780327858
8	42	0.13140553041106393
10	16	0.11269709370345769
10	34	0.10289693330681103
10	229	0.10120026239630325
11	161	0.13265079101015376
11	349	0.1111862668081717
12	14	0.10717971445978568
13	30	0.11260330681898133
13	84	0.11523458508541272
13	141	0.11789606696186523
13	519	0.15319282330621536
13	613	0.15044835327564582
13	805	0.14511771380984906
13	835	0.12197202418955184
14	42	0.10861311524247523
15	407	0.12062193414675468
15	545	0.11703218952959797
17	627	0.17171403004420244
17	980	0.1672631985488689
18	88	0.12492407794129537
18	98	0.1298564930736843
18	916	0.11264666489816755
20	697	0.12335203802948595
21	496	0.10309180005434482
21	526	0.15176982915339682
21	632	0.1076749739883901
21	842	0.10191045060727724
21	984	0.13701253908724031
22	36	0.1058419848756862
22	44	0.11190458230635623
22	84	0.14479698862136037
23	653	0.11242632342096667
23	760	0.11389568773307837
23	793	0.13498170689425534
24	88	0.10859416664640978
24	178	0.10602492907708867
24	546	0.11171112633659483
24	705	0.10337618054535215
25	28	0.11100461059834446
25	715	0.1491133239135249
26	28	0.13859643497402932
26	101	0.10293127713797363
26	110	0.15458919640304042
26	731	0.12038179205626909
27	431	0.13684490149784242
27	974	0.14793958209918984
27	981	0.10300670934233462
27	988	0.10095013691717664
28	634	0.1110141777814919
28	715	0.11605657971912914
29	143	0.1005397162207619
29	191	0.18614034529427603
29	197	0.10409476923476338
29	587	0.1047464493079533
30	32	0.17029481407161692
31	119	0.13237160786924745
31	278	0.10185195229875368
31	610	0.10706267733315449
32	183	0.10130663732502118
32	267	0.11778081318935443
32	338	0.11775945072690577
34	38	0.1593172201469834
34	339	0.12364447765700333
35	331	0.15459665349442098
36	223	0.1145344520876709
36	465	0.12237088323478983
37	331	0.18779039186169605
37	479	0.12360891061737002
38	977	0.10275708527116727
39	48	0.10182129889177785
40	811	0.10645956242119137
41	387	0.10227453785573175
41	894	0.10661619913101915
42	484	0.14201751272002916
43	45	0.1258239845039484
43	123	0.216631831520531
43	391	0.10779209361662484
43	393	0.1308764345097488
43	501	0.12032732606886443
43	639	0.16175710926933265
43	788	0.23533146885695438
43	790	0.14416844077678553
44	284	0.10896556019177975
44	549	0.13219628517772475
45	127	0.14395811698271668
45	548	0.106506334730318
45	711	0.12033593159570671
47	134	0.16597029223765597
47	761	0.10526836778136923
47	970	0.10546748619735946
47	982	0.1836892648935145
48	70	0.1036256136336528
48	549	0.10200476605819034
48	651	0.13947688853147786
49	69	0.11341742700449652
49	270	0.12211586391042686
49	621	0.10890243838885633
49	921	0.10855803396329086
50	787	0.11381865840434321
51	269	0.1349440972633577
51	347	0.10407518231757391
51	397	0.1295714884161221
52	370	0.10642606970056893
53	136	0.13441056150213562
53	695	0.1145614904764035
53	898	0.11964073897934188
54	515	0.13622760773505846
54	772	0.13728284653601514
55	268	0.11384959144499798
55	298	0.10085605116497895
55	465	0.1237963535581264
56	96	0.10077324865482205
56	110	0.13033805270603083
56	957	0.17524306005981183
57	582	0.10006739646017515
58	223	0.11485134188780415
58	253	0.1050021803222568
58	515	0.12159125927579183
58	676	0.10013835017087419
61	234	0.11426600575537128
61	238	0.12481816822824862
61	248	0.11411053692281453
61	302	0.1303058733031669
61	310	0.1187303562078692
61	312	0.22742981913942825
61	397	0.15167887777824757
62	274	0.12493612199359291
62	820	0.10253435762581488
63	91	0.10860555184779168
63	153	0.1063239819873124
63	289	0.10468247606505054
63	856	0.10826312225198517
65	215	0.1353625142332483
65	789	0.13740654100105124
66	72	0.11725033265731566
66	587	0.10533631581268485
68	70	0.16954924854315134
69	716	0.11894327366006217
69	926	0.141156918414203
70	72	0.21286790765629746
70	651	0.11730954238477703
71	122	0.11305884141525223
71	806	0.1305153346111038
71	959	0.15252049487909597
72	811	0.10186236704768487
73	143	0.1449530539699483
73	212	0.10189550473153962
73	226	0.12122778405130254
73	497	0.11533620379019477
74	431	0.12671657734437616
75	229	0.11356262187134548
75	427	0.12798838025745604
76	264	0.20176951781183025
76	452	0.10510466383773563
76	573	0.11440865408729829
76	698	0.10653181076647134
77	205	0.28440775630886656
77	387	0.12672934145618217
77	406	0.1198692051780812
77	902	0.30870815280804736
78	82	0.145733824730265
78	957	0.12567760261461403
79	83	0.23683671031460632
79	470	0.10065360781362993
79	793	0.1533320596025729
79	981	0.12152343083248549
81	123	0.11231875210403124
81	125	0.12750591877788958
81	153	0.10583875748092406
81	314	0.11263099392751452
81	605	0.11938527058309911
81	820	0.10274578210302364
81	949	0.10753704025729643
81	987	0.14691523240284488
83	785	0.1393211174251412
83	949	0.11106411836380094
83	992	0.1122459483870771
84	249	0.10456925853090966
85	154	0.10295529182040034
88	92	0.18177604957938417
88	98	0.21631478353590863
88	102	0.12085830827863513
88	108	0.10932267064938367
89	414	0.1083204301574592
89	422	0.13546421954613191
89	476	0.11706229350272551
89	927	0.11137686506190306
90	92	0.14035436442183802
90	94	0.2840604634474805
90	106	0.10516895827415326
91	548	0.108541387086684
91	574	0.11126111328486307
91	577	0.1383757583200518
91	786	0.11378721958363636
91	910	0.11547171623989727
92	98	0.12948776103933543
93	307	0.10886438983305283
93	739	0.19119485361892696
93	822	0.10275274334223956
93	979	0.21091385732518036
94	98	0.24866796954444878
94	106	0.2301209765582804
94	970	0.12708283326029587
95	844	0.13163214524269073
96	98	0.1891566266268652
96	108	0.1817617279580304
97	158	0.11725991707712975
97	237	0.10605876578999812
97	274	0.12417553523341973
97	347	0.1527249540355673
98	100	0.1401449624961422
98	108	0.1356734079625782
98	766	0.11367988791121815
99	822	0.12038322716207545
99	915	0.10015421665601609
99	947	0.10117536829883231
100	102	0.15884114158732013
100	358	0.10548248603972102
100	413	0.10657275664333639
101	418	0.12027155444657703
101	811	0.10979167243162624
102	104	0.3858535089711575
103	343	0.24655535700623893
103	943	0.10085582505020074
104	108	0.1596225814686439
104	559	0.10569283704414663
105	119	0.15164649287462675
105	343	0.11288332178554002
105	606	0.1782062243527294
105	608	0.11870848230692606
105	767	0.11437764410280447
106	108	0.1004165687081643
107	172	0.10397410265334311
107	366	0.12767742276055266
107	431	0.10296871557448871
107	664	0.12103405097869291
109	418	0.1192527225488246
109	883	0.10641586804230552
110	833	0.11275410834284431
111	392	0.10834383817458293
111	426	0.15560199329604554
112	168	0.10026284544551671
115	343	0.10190663759469913
115	702	0.12843416684739464
115	708	0.14375244979544158
116	139	0.10890840014552598
116	194	0.10241795345913664
116	491	0.13827844086126007
117	503	0.14363355978278475
117	758	0.11073410076270755
119	556	0.16106768013328346
119	558	0.14921213319841517
120	124	0.12248354485713109
120	133	0.10185043503482197
120	197	0.11937567829812856
120	587	0.13549731812888016
120	667	0.1330244429146498
121	333	0.19720436374385383
121	603	0.10605743649015237
121	632	0.10279986150381452
121	718	0.11733670067458218
123	125	0.28188739981109684
123	733	0.17677036950544692
123	788	0.10834591456810899
123	909	0.11830653076679197
123	937	0.1330417075179165
123	949	0.11584204253063651
124	126	0.11330449096230812
125	299	0.12095884206834769
125	301	0.12817844910581014
125	456	0.1554296223979935
125	659	0.11416922981295238
125	733	0.14230583502319047
125	814	0.12684665617739718
125	836	0.10108312328571833
125	937	0.11536930301017387
126	162	0.14428401291248907
126	186	0.1475209743651681
126	265	0.14340040292151832
127	201	0.10211993749384576
127	327	0.12305639835515235
127	747	0.10628731532127146
127	826	0.13098810006975511
128	221	0.10653475456677385
128	969	0.109180238842054
128	976	0.11089274812390551
130	164	0.10801159450546449
130	194	0.10185240309310395
130	200	0.11786125251052813
130	228	0.18841197814320962
131	163	0.10708423408228906
131	421	0.13057231908700204
131	845	0.11513309800065497
132	432	0.1250523208307982
132	438	0.3711190251602696
132	458	0.1177194225744034
132	693	0.1909187291948494
132	843	0.17673366783705077
133	182	0.12128103514023457
133	210	0.11031321263343398
133	525	0.1768913223983362
133	667	0.18413418866874479
134	493	0.13986096030561457
134	939	0.11863442088798383
134	958	0.10960324575687662
136	192	0.12241277834503592
136	347	0.11699349013782516
138	204	0.1107773146340047
138	904	0.1412697775537777
139	194	0.13317858067187846
140	144	0.10779376789376874
140	855	0.10295117200824436
141	348	0.12151297720521363
141	398	0.14942493557667283
142	206	0.12328357599340728
142	969	0.11179779912151665
143	200	0.1231406810108805
143	275	0.139068767570864
143	667	0.1155761531610165
143	684	0.12721697640642174
144	194	0.11244931948261783
145	537	0.11520848763235036
145	980	0.16237925043316656
145	988	0.10744190655290577
145	990	0.1050536639273545
146	155	0.11082910307064837
146	263	0.10122341985914707
146	341	0.13189403216329554
146	391	0.14485068703739726
146	751	0.17384423649043598
146	910	0.11232204518390429
146	969	0.11255077348567714
147	340	0.12217687727593843
148	168	0.11217365402089963
148	436	0.11673933356951899
148	783	0.15880484056464245
149	441	0.10283838163546723
149	459	0.11950164745325473
149	636	0.17606001986704217
149	803	0.1060952467301967
149	972	0.16913529378766415
150	170	0.11023295243848205
150	180	0.10542250636113226
150	468	0.11866353014713613
151	222	0.10343226902131099
151	359	0.10715255230321094
151	537	0.11923801361496632
151	603	0.2078985456045422
151	839	0.14706682501863969
152	158	0.2210558445504156
152	769	0.10264970630611867
152	822	0.12371111616125266
153	159	0.2968508779574818
154	205	0.12119692228047738
154	353	0.10168337454428844
154	383	0.11165367006168188
154	574	0.13047976785955812
154	695	0.12837526737917246
155	205	0.12100497458538385
155	255	0.1220078706056855
155	259	0.15949030464378547
155	794	0.1081331235713719
156	164	0.1277796743054335
156	308	0.1248940799074569
156	591	0.11829407852651697
156	756	0.11182610112233021
157	481	0.10548063884820093
158	486	0.1233793417943494
159	208	0.10850721704143475
159	605	0.10314960586304983
159	646	0.13596565620190876
159	939	0.10041785661618598
160	172	0.1255585161738312
160	348	0.12753477436355368
160	599	0.12043433993411393
161	168	0.11073528347493167
164	177	0.13405150510338903
164	192	0.1007633589032562
164	909	0.11822347451107433
165	256	0.1010192658043378
165	290	0.10533912228284435
165	295	0.10735000873872545
165	853	0.11213513864137194
166	172	0.23387872858814546
166	193	0.11105146681348577
166	497	0.11586836003851302
167	465	0.10462956383085946
167	819	0.17386513722974486
168	202	0.14469788699781153
168	204	0.10393439145610536
168	760	0.10014134453110557
169	298	0.11024369666569812
170	194	0.18120797238278788
170	214	0.14554288554776243
172	196	0.1129178841790931
172	202	0.11651605302744918
172	353	0.10633750039962268
172	597	0.10905688732490074
173	423	0.1345294075904426
173	470	0.10437400805905865
174	184	0.12755790413030882
174	188	0.10522782604257182
174	197	0.12116382806994853
174	198	0.1345642940165201
174	224	0.11256446921601398
174	363	0.11524800961371817
174	391	0.10852649630435708
174	461	0.11839978291679384
174	491	0.12483887361572331
174	809	0.11016031711757225
174	980	0.10959106777987626
174	987	0.11869338298800407
176	186	0.16472842511968974
176	193	0.2645206697632171
176	220	0.11216262938234169
176	491	0.11124955411207701
176	585	0.11782241942811149
177	446	0.2611207809052997
177	740	0.10270517309015652
177	909	0.11315573996787945
178	197	0.14880218647685697
178	222	0.11302420651707025
178	224	0.10186565999644709
178	790	0.10494074313767367
179	780	0.11203904585146578
180	366	0.10120197201185385
181	195	0.12035457699703124
181	815	0.13017067645655656
182	214	0.1014794862275988
182	565	0.11857561225893322
182	740	0.10563620824198386
183	307	0.11887705968579487
183	318	0.12266869653836944
183	338	0.10443836980625741
183	360	0.1159049242991274
183	385	0.101075112859237
183	389	0.10710290892952584
183	535	0.10926179741096473
184	401	0.10420944418238295
184	939	0.10336759743854476
185	596	0.11744056239249032
186	188	0.10702669617376684
186	464	0.11009410073621081
186	585	0.10160917518933459
186	590	0.10050369151828216
187	332	0.1289834647381012
187	362	0.1229724204631062
187	463	0.10886155223702065
187	979	0.10477987536573093
188	206	0.11254374765707176
188	585	0.1405610790105905
188	771	0.10836732183000068
188	799	0.1016832774236399
189	840	0.1998216133046663
189	854	0.2108994350038869
189	872	0.2091269174458023
189	968	0.11759731914919933
191	197	0.1758270824549594
192	214	0.10570324583853309
192	567	0.11087272477186404
193	539	0.10705470881607405
193	814	0.13308177485531447
194	198	0.1771058450818764
194	200	0.22859539043235438
194	228	0.2769488501548742
194	360	0.10681048349916741
194	491	0.31644515447496174
195	335	0.1493573428660433
195	523	0.10177237946805488
195	761	0.10510343791466221
196	228	0.16441016850356666
197	711	0.10964337898833151
198	363	0.18805595837157532
198	468	0.1014234667825025
198	491	0.1495389543156841
198	526	0.10163642433595561
199	387	0.17555462316085418
199	503	0.11505494084246695
199	557	0.11287629212320727
199	900	0.1973772344669953
199	902	0.15079503419035442
199	906	0.1072687901214459
199	943	0.1055488450632675
200	711	0.12410726579510253
201	253	0.1251405865366687
201	327	0.1805508477281838
201	812	0.11909596528884792
203	283	0.10763511749231025
203	625	0.11527384075377267
203	727	0.11475027947351163
203	858	0.10054581303563455
203	963	0.12464132441105431
204	224	0.10345948115676018
205	406	0.11459726575153609
205	902	0.1803643962419842
205	926	0.10854393268790725
205	941	0.1161246713713146
206	670	0.11976123136591814
206	799	0.13545794332833927
207	428	0.12079103095917477
209	383	0.10186522763485038
209	435	0.10678895317696845
209	695	0.10094841061712401
209	885	0.10353782865303783
210	537	0.10211353249045346
210	964	0.10196254138262942
210	989	0.10750098281134185
212	380	0.10578252767654002
213	215	0.2879515645258847
213	571	0.10937166811122317
213	598	0.1246155008359441
213	985	0.1116786297850294
214	216	0.11872531712440725
214	603	0.1072441305845522
214	699	0.11883316190861185
214	711	0.10771793145842298
214	909	0.10919657448210342
216	751	0.14310750575033032
218	781	0.10395852882164325
219	795	0.10867463263835556
219	899	0.17308548014160893
220	224	0.10496244449883174
221	226	0.14313570852747248
222	224	0.2501183410147754
224	338	0.159639633110338
224	414	0.1202144621795886
224	799	0.208051187238087
225	797	0.10230997303188642
225	806	0.10835290877878563
227	279	0.10238233089381757
227	563	0.14979935388222393
228	809	0.10153356434153692
229	493	0.1198032077313052
229	633	0.1320810783269262
229	807	0.1756954024236741
229	891	0.10706942535802688
230	743	0.10120290807005364
231	233	0.1802799374113512
231	261	0.10170364698168226
231	578	0.10732455765633234
232	719	0.13493653628955593
234	236	0.21087103871019305
234	246	0.13912542710909812
235	250	0.13024961307011157
235	294	0.1022417516656685
235	565	0.1287632793509036
235	755	0.12921937809981746
235	910	0.11632141759947653
237	269	0.17624313456312116
237	340	0.10449175874243465
238	368	0.10604720905090849
239	315	0.14843250488591042
240	244	0.1501497309370677
240	944	0.12796240762926542
241	579	0.11068773354181016
241	630	0.11651915865945038
241	729	0.1347822627368327
242	248	0.17824918215485697
242	368	0.13753353885140232
242	369	0.12543545954227528
243	379	0.10480927234643674
243	771	0.10471172198709709
243	871	0.12605198267731516
245	301	0.14168523787845905
245	501	0.10926469955267426
245	790	0.10418745220740512
245	812	0.178614918101441
245	818	0.11328811716906413
245	839	0.10851077096494716
246	254	0.13546650252439768
247	895	0.1097308252398259
247	990	0.1396539318180007
248	254	0.1641022563778221
248	262	0.10321973739020403
248	268	0.14154412773614325
248	312	0.10392573827776486
248	560	0.13039805789135772
249	920	0.11790605275508459
250	296	0.10476973951006081
250	312	0.10082270919813242
250	348	0.13101860946146526
250	942	0.10043144286631929
250	972	0.10641202212650593
251	713	0.12126797333835158
252	262	0.16694391908402564
252	264	0.13152744031923544
252	318	0.10214608440966975
252	334	0.118576091170593
252	358	0.12678478119361203
252	381	0.12812169755053335
253	255	0.11907286596315919
253	299	0.10564368060107886
253	427	0.1737363031071895
253	515	0.1347013301239309
253	817	0.11457529291870779
254	278	0.19621565325849347
254	286	0.14866257302906732
255	598	0.12030147402693453
255	646	0.11323138600654419
256	833	0.11762082103901318
256	974	0.10132857348704734
257	259	0.10869608132162578
257	341	0.12155655947100877
257	370	0.1057302316505719
257	411	0.12271256094852603
257	675	0.11526682269531159
257	773	0.14024436713540728
258	611	0.12324786756445245
260	264	0.10010765982308865
260	283	0.11645821054299621
260	567	0.1392788363007161
262	270	0.14056306638955382
262	312	0.12954433782652267
262	323	0.11334842415303382
262	340	0.13023553328085657
263	391	0.12172056107783473
263	735	0.10750573747882403
264	332	0.18727050781240143
264	344	0.1337780293340495
264	349	0.11961257276089313
264	649	0.11233308245780091
264	775	0.13114707880699109
264	960	0.10760202244534416
265	408	0.13380307245239081
265	867	0.10507060266351365
266	286	0.13572593230778313
266	726	0.10654927570242856
266	991	0.1114859870531609
267	406	0.12946525014081284
267	496	0.10107476900740654
268	298	0.14338631651063766
268	342	0.1119412924542191
268	368	0.1099632080212266
268	441	0.11559443785134044
268	536	0.1235615223078415
268	947	0.16094789202037368
269	497	0.12240452140107727
269	571	0.10725065819437436
270	283	0.12072037705025758
270	401	0.11497001631881841
270	422	0.11186991689689253
270	605	0.10556020836096416
270	673	0.11333724722660446
270	729	0.12736261149334074
271	299	0.10807712150518126
271	377	0.10411040975983456
271	862	0.1281520770804328
272	343	0.11065011820555366
273	561	0.11369050039549092
273	982	0.10916099667566338
274	286	0.10066768540969495
274	328	0.10365660778040761
275	408	0.14562879343652582
275	456	0.17540661968349405
276	443	0.10578581079132075
276	546	0.1009223016472148
276	625	0.10808611711043517
276	729	0.10728020721689026
276	937	0.10185766840715944
278	286	0.14003340325712857
278	436	0.11589095540814014
279	507	0.1559814736018307
279	712	0.10405927124197147
279	755	0.10485408377828485
280	284	0.11740290640879825
280	322	0.10208406630767859
281	502	0.12509624104630337
282	286	0.11648831864566422
282	288	0.11673595593498992
282	463	0.16945499846087203
282	495	0.1039585703864913
282	835	0.10168523518892972
282	899	0.10710822496040005
283	292	0.10665328202078972
283	302	0.21936538895184343
283	761	0.13141248084144122
284	288	0.10903132352912297
284	302	0.1290151787570587
284	326	0.13140495116545187
284	332	0.11570728495064768
286	312	0.10656531735282164
288	294	0.12576704110371326
288	547	0.14667418414491498
288	900	0.16164877612395737
289	648	0.12479211906762806
290	294	0.12347293475559755
290	370	0.12277104404653981
290	412	0.11418419181311688
290	727	0.10273673562684156
292	294	0.11738408756090661
292	316	0.11212976761190216
292	330	0.10254422734191108
292	995	0.1738493923713724
293	337	0.13088899107703156
293	825	0.16110749445095354
294	318	0.1083063914428008
294	380	0.10511563291932005
294	382	0.12320867654566926
294	947	0.10608044619244271
296	326	0.12540280211863955
296	348	0.1186839610010251
296	356	0.10398761292071848
296	685	0.11174361584626916
297	891	0.134955774866106
297	928	0.12025481254904367
298	655	0.1250710582456917
299	318	0.11102502097952956
299	354	0.11190580543449541
299	503	0.11189689044045718
299	669	0.1629390675934331
299	794	0.17828810278907067
299	812	0.1202813554249268
299	909	0.11197364055938394
300	316	0.10966532614761947
301	814	0.12801386510815033
301	818	0.1000115187308519
301	822	0.10233436352685774
302	310	0.23827398523419352
302	397	0.1567650680683928
303	588	0.12033883765123594
303	779	0.10220632055445429
304	322	0.14732598984455164
305	645	0.11910036245585987
305	710	0.11506338387218125
305	712	0.11371905828263164
306	336	0.10834513599125468
306	729	0.10738313267050809
307	613	0.10111875939581076
307	749	0.11342656072307757
307	756	0.10167487008816736
308	719	0.12456395191965852
309	791	0.11441561596910141
309	916	0.15578709050373774
310	344	0.14276938800317918
310	489	0.10156108636210559
310	535	0.10419633252244431
312	314	0.12019821636074648
312	374	0.1397256768809475
312	463	0.1488667929649752
312	991	0.11261616573513843
313	468	0.11673280466431703
313	679	0.14191589344396466
314	328	0.1079848683456009
314	497	0.10844465655799676
314	793	0.11737582661008857
314	828	0.10836462014524659
314	995	0.23082974227276004
315	434	0.14842189445308332
315	839	0.12119365043945826
316	324	0.11013758053365302
316	685	0.16729597158676648
318	326	0.1981704241818319
318	685	0.15416161009404183
319	441	0.22230645445238995
319	625	0.17532325936278287
319	824	0.13431886246115896
320	322	0.1216055819599603
320	324	0.17074407455592358
320	729	0.1241999594537053
321	789	0.10227301232010426
322	671	0.11086079366546697
323	342	0.1125971127211783
323	368	0.11589269534065395
323	370	0.10681856158730736
323	373	0.1217564301741483
323	632	0.16392836282575574
324	729	0.10199226458420499
324	898	0.11040376418528804
325	560	0.15260400024410067
325	779	0.16445937172881292
326	633	0.1021568408603164
326	675	0.10541582240737535
326	685	0.32263028847488834
326	693	0.10777795074523341
327	462	0.11017929624513405
329	385	0.15904167996430177
329	735	0.11382048057024599
330	360	0.10481785617008642
330	677	0.153066895542755
332	699	0.10701999620585045
332	997	0.10184452401631044
333	712	0.10552963528806325
333	882	0.10108826816746513
334	463	0.27970881827455224
335	393	0.10423883674232932
335	654	0.11254505765612954
335	676	0.10726429048069924
335	763	0.11419736623348571
335	908	0.15272378187180446
337	687	0.15989556176416347
337	782	0.12111340793382241
338	347	0.12133690154820644
338	921	0.10724078857663008
338	967	0.12656741066499122
339	475	0.10886113135486938
339	507	0.13380356027952503
340	514	0.1275871596344089
340	518	0.14355265754118823
340	580	0.11995121705418026
340	605	0.14495642799384223
340	678	0.13339051447019673
341	751	0.10206167189341331
342	710	0.10542683235237939
342	783	0.1035608151123978
344	423	0.12411793035582369
344	714	0.11972399888285724
345	350	0.10494415903317965
345	530	0.11785363428494346
345	725	0.12413346871424444
345	961	0.10571710143612206
347	895	0.11403388333992116
349	648	0.10911287365314863
351	604	0.10563829502549187
351	947	0.12792034028838137
351	979	0.10656175181487158
353	497	0.309914278000496
353	670	0.10924937321313892
354	359	0.10674836866437963
354	589	0.10043045703894565
354	877	0.10282662942797377
354	974	0.12113496892897323
355	955	0.11440727070268913
356	633	0.1404539109927733
356	675	0.11872701252070014
356	803	0.1279246794241064
357	919	0.10956286619820413
358	401	0.12254052770291304
359	739	0.1147940836788509
360	364	0.10138064415117543
360	374	0.13338177013442468
360	540	0.24138917647804958
361	422	0.1171344234554027
361	942	0.11545496944168426
361	970	0.11405371594219872
362	368	0.1402784326970512
362	397	0.10350844114189715
362	450	0.12353810328377794
362	740	0.12834419950984044
364	724	0.13200774426023734
365	375	0.13378025118951908
365	862	0.1541127719792239
366	550	0.10796042663116365
366	693	0.11998128705745607
366	951	0.13191731983857102
368	423	0.11309623136839901
370	380	0.10467520475939322
370	412	0.12578816435350845
370	421	0.12873743650684114
370	949	0.1322238681825774
370	995	0.18793590998210127
372	634	0.11002836718177317
372	672	0.12662438027861145
372	674	0.26538117482270757
373	378	0.10377305331502419
373	463	0.15813438636389365
373	675	0.5372002091421584
374	378	0.12970680256534362
374	491	0.13015427781915484
374	743	0.10252638709730581
375	871	0.1148463499316996
376	607	0.10859029315884886
376	775	0.12282982247762925
379	398	0.10186875348003942
380	633	0.13487983549858618
380	820	0.11498448718890729
381	978	0.13613460919089634
382	385	0.11724372934762536
383	522	0.11869880439315866
383	964	0.11066487654839334
384	388	0.11105770712375798
384	436	0.11257126538608618
385	397	0.10814194075295461
385	670	0.14677026467119825
386	388	0.15991033502307597
386	458	0.16818919270810434
387	585	0.10247278098569464
387	630	0.10623806467024002
387	681	0.11087643959988437
387	888	0.1070028060360346
387	900	0.1246563877318272
387	902	0.16559600479492828
387	916	0.16002004664138347
388	394	0.22229851308797993
388	484	0.10560970097981826
388	618	0.11590750656002848
389	759	0.1120480142670439
390	430	0.11097184581131085
390	438	0.11569701023982656
391	393	0.43901957314319884
391	501	0.1170616320700405
391	908	0.10059348029323219
392	438	0.16279986354925063
392	458	0.14134077667177075
393	553	0.10254277345660844
393	697	0.10020369299556871
393	949	0.10366497208114313
393	968	0.16556155928798644
396	571	0.12413713769649773
396	575	0.11322193084806792
396	729	0.1064177286495993
398	436	0.12575726281686192
398	461	0.1207084487486664
398	535	0.10508737061445537
399	731	0.10426768471727657
399	985	0.1073475498308521
400	404	0.10332717056816453
400	410	0.1017695628085336
400	412	0.15576724025056382
400	418	0.12366126696667255
400	465	0.10141025977476112
400	470	0.10211349253271507
400	657	0.1547633754067709
401	535	0.15067855891926218
401	546	0.167228086029663
401	605	0.1445774912652586
402	414	0.10639919861440592
402	723	0.1344012692139352
402	883	0.12264423333103476
404	406	0.3183762258745037
404	412	0.11196763669803048
404	466	0.17461783401544217
404	481	0.10838385499127866
404	490	0.15574798597954667
404	634	0.11133051325040837
404	795	0.10622702180914374
404	841	0.12488710380818183
406	410	0.1585047159931386
406	481	0.1122415620657025
406	871	0.16906663084418688
406	930	0.11201160654945574
406	976	0.134497128012384
408	414	0.1182450063538453
408	456	0.13424509957306222
408	679	0.10092829328434672
410	416	0.13099741098365159
410	443	0.1396994727459535
410	902	0.11781225339840214
410	990	0.1120398315014082
411	478	0.15819127540338115
411	541	0.10486464336595526
411	761	0.10503301635521169
411	855	0.10617742260103932
411	954	0.12944831039604734
412	418	0.1220432137460848
412	470	0.10410714600914607
412	841	0.10958062089635842
412	884	0.10207029871866338
412	945	0.10854902080966354
413	695	0.13081902866342482
416	443	0.13531445444936913
418	470	0.10678580623532445
418	502	0.12874435326610284
418	657	0.1223584485770065
419	978	0.10504540465995708
420	657	0.1809668963853518
420	679	0.11379548900989113
421	795	0.14254461445003985
421	889	0.11573138770786083
422	780	0.13633118901316096
422	864	0.11174456583487528
423	488	0.13467486050273186
424	432	0.10074109314069395
424	438	0.104428255128097
424	495	0.1051475823299132
424	803	0.10151199087257118
424	914	0.10209906063490945
425	954	0.10464453493432531
426	428	0.2019796817772217
426	639	0.10599003178609376
426	808	0.10441942250526119
427	957	0.1243479230685529
428	481	0.10072737220644618
428	705	0.10042315489296884
429	611	0.16307011822588374
429	784	0.11175219865155936
429	791	0.10647559597285616
429	964	0.14429736311826324
430	484	0.1251816271222967
430	487	0.13562689224982283
431	465	0.13456554974099982
432	438	0.18796696658543072
432	581	0.14147782667567566
433	710	0.15747536942622095
433	718	0.15695704015025388
433	875	0.14371940296538435
434	914	0.11828844978333199
434	987	0.10256834092398243
436	438	0.26397165636878284
437	439	0.3075455502278325
437	880	0.11279191479822845
439	875	0.10963993749275684
440	927	0.16933843583916425
441	459	0.14353661244393812
441	688	0.11809126209674077
441	782	0.10866575659895111
441	972	0.14763871755878435
441	984	0.11483426101049655
442	482	0.11453462562778263
442	490	0.10781802714313772
442	719	0.13061761149585324
443	537	0.12051486489376843
444	769	0.20097015879800267
445	447	0.33861947741003806
445	918	0.10060842446624826
446	450	0.25764840826099633
446	658	0.11384611144452748
446	769	0.11650776256435687
448	703	0.12206290680050258
449	460	0.14517552321404337
450	769	0.13893435333243082
451	737	0.16318175507218674
451	791	0.10542019456965857
451	993	0.10956121264574027
452	466	0.11146425471274476
452	791	0.1200459347497379
455	696	0.14769632419254747
457	459	0.33552062929964893
457	481	0.18677311162141266
457	988	0.18411958534411965
457	996	0.10240236285732299
458	478	0.10859818860677993
459	481	0.12173541844142327
459	610	0.10093678693456452
459	988	0.17015589100607773
459	990	0.1345360733078176
460	468	0.14242717956330272
462	464	0.28906116394680736
462	465	0.10889047206136114
462	480	0.10102554036038246
463	629	0.10210861436045475
463	685	0.12231671664832844
464	468	0.1395175683078201
464	953	0.1330022170009421
464	977	0.10139352521481267
465	603	0.10031839234651158
465	657	0.11879189915069109
465	961	0.11009926781610693
466	634	0.10818112440793408
466	941	0.11721245248699842
467	789	0.1070472075508051
468	488	0.1757031872569943
468	724	0.14411944692806009
469	520	0.1036796520540062
469	623	0.11803636333902563
470	657	0.10006526331847829
470	835	0.11128556091617163
471	756	0.10380481596127254
474	482	0.12624959512990988
474	487	0.10170724734526311
474	797	0.12226360768722545
474	953	0.11613798269366102
475	546	0.11092911256899961
475	695	0.10542952016762645
476	480	0.10515567580067443
477	844	0.13409429311671747
478	723	0.1033864825724921
478	841	0.1551652003424714
481	795	0.10007991126045407
481	964	0.10306318218922597
481	972	0.14748659717518073
485	862	0.1350435171776427
485	891	0.10972132645952654
485	978	0.12073383825768248
485	997	0.10034764028065081
487	864	0.10161380650591428
488	679	0.11116242270413856
489	536	0.10280433276299432
489	648	0.1377948637888452
490	657	0.11039222756507822
490	679	0.10448479010514627
491	809	0.11813989108853483
492	494	0.15766446198988976
492	518	0.11286722711363205
493	772	0.10827122970806226
495	815	0.13334291936362136
495	863	0.10170920725855785
496	510	0.1079704365853865
496	530	0.15470071036577016
498	660	0.1340308877482175
501	617	0.2894016544879737
501	812	0.12509151691293013
501	830	0.10081296430810732
503	625	0.11387103372587357
503	943	0.10199553102894413
506	526	0.1305617017484926
506	545	0.11838084769692984
506	734	0.11289615458039895
506	787	0.1464855114252046
507	541	0.11353784039410836
507	994	0.11653885285278387
508	568	0.11915262801026444
514	518	0.160815608871655
515	525	0.2226522377250838
516	905	0.11975700610409637
517	841	0.10957503243015401
518	536	0.13647566080281168
518	593	0.12250516702288888
518	879	0.1077857666322562
519	525	0.12668857529194721
519	805	0.21884359709758539
520	524	0.3665876531241359
521	905	0.11075372082329606
523	673	0.13724111271986247
523	962	0.2024254079479449
524	526	0.10142376508348176
524	538	0.15144063006623526
526	611	0.10823124023013772
526	905	0.10084746444198199
530	532	0.10658081349943264
530	905	0.13114144729087757
532	676	0.11347567489901125
532	947	0.11221219297454262
533	866	0.11394307749108935
533	891	0.10100519136081156
535	739	0.10183343929661808
536	960	0.10070744697945858
537	781	0.10120607710835727
537	888	0.1548227199995082
537	895	0.11221947624807861
537	916	0.14034804126838407
537	974	0.10508671466153874
541	627	0.1098091834383771
542	544	0.10841265098864408
542	638	0.10473180124546363
542	923	0.10755455111208855
544	606	0.10945489610540325
544	650	0.13077801889561885
545	891	0.1191771735930551
546	898	0.10128576218508027
546	961	0.11242003224836918
552	590	0.10992638116507106
552	779	0.11010091568500983
553	555	0.1970128511752782
553	660	0.12011578566615348
554	584	0.11016872341796592
554	602	0.13851021597210314
556	558	0.26480404855341294
556	560	0.21983613937855465
556	592	0.11686879240785814
556	745	0.11945635215929894
556	919	0.13717421024516616
557	790	0.11839094908225739
557	798	0.15731149997119814
557	826	0.11705139289409656
558	560	0.18872960154201635
560	584	0.11488040409942225
560	592	0.13668231453363303
567	625	0.11815374669404805
569	613	0.28641592609627803
570	574	0.11602018058109406
570	777	0.11056713234964947
571	573	0.17413973588917525
571	575	0.21579021584088878
571	648	0.1058561746180421
571	700	0.10056172865998593
571	705	0.246822302457751
571	857	0.14943987080613383
571	927	0.11971676194487219
572	574	0.2032251675431524
572	580	0.11517976459515011
572	704	0.21810195942731062
572	847	0.10908404831945501
572	863	0.13503990250853767
573	641	0.10169034704009354
573	972	0.16739408705166678
574	577	0.3389321046219634
575	581	0.1017475784679628
575	700	0.10808623817889439
575	705	0.34395960675716036
575	856	0.10156089472254262
575	981	0.10098013841826171
576	787	0.15028376862905873
577	751	0.10036742973818127
578	786	0.11359756771737539
578	787	0.25477455939462945
579	632	0.11637369398804825
579	947	0.144374683726874
583	744	0.11661188605164868
584	586	0.1768128623339097
584	590	0.10159380076804182
589	638	0.10140752778248213
589	676	0.10892516800603312
589	775	0.10265621166099301
589	935	0.12516969079884543
590	602	0.14023796921297352
590	606	0.18037340729173854
590	730	0.14571987863528538
591	670	0.1317643860032959
591	759	0.14605743653435804
592	604	0.10952771690033597
593	875	0.3093619546113378
595	921	0.1382572113554269
595	959	0.11855637783582552
596	768	0.10368472739990299
599	623	0.1367419986231403
599	828	0.1039721957974114
599	942	0.10684614207243653
601	848	0.11073909109220646
602	928	0.11761520140816906
603	632	0.14760866470557266
603	684	0.16661604616503167
603	815	0.10366344774292506
603	927	0.10059358215280312
603	953	0.12089208267151705
604	699	0.10900217976763578
604	787	0.1265559545786948
604	908	0.10187723954414002
605	775	0.1036289639834464
606	650	0.11166289112951083
607	769	0.1089602860878603
608	610	0.18063469064368412
608	903	0.10396404799535182
610	661	0.10031117948520873
611	638	0.10515795141455339
611	906	0.12740992704403709
611	932	0.10190964261402011
612	648	0.1019533193351637
612	681	0.11551794404041299
613	863	0.10776351729161485
615	661	0.14692634243024733
616	618	0.17504423055314733
616	628	0.10641818731542421
617	794	0.11164815549152744
619	893	0.1063564736671413
622	644	0.12292782314328599
624	626	0.16764126631591417
625	627	0.1811618895548113
628	636	0.11732503783776219
628	763	0.10706776267032879
630	632	0.11856498466725063
630	642	0.10747833855428951
630	967	0.1372795423977038
632	676	0.10309731236932605
633	634	0.10206089439811833
635	777	0.12335411649421804
635	870	0.10088198758109525
635	984	0.1108897953103736
636	855	0.1054118452141613
637	645	0.128806124296827
639	733	0.12017579011473088
639	788	0.2060805121066751
639	808	0.12513126752461615
643	777	0.1265546049815839
647	839	0.13018933541868957
647	841	0.11936090854655408
647	867	0.11534537103554518
648	910	0.10230661161144122
648	976	0.11297077196479324
650	652	0.15240145550110024
652	654	0.4349267942617025
652	674	0.13278835464291489
652	763	0.12129945621428095
654	763	0.17098186494144607
655	711	0.10317752649854554
655	799	0.1097670634649746
657	679	0.11052954629592651
657	719	0.14766179725768594
657	761	0.1293850799165881
658	664	0.14028677546991297
658	967	0.126000251629539
662	664	0.12532797797968948
662	826	0.10208563004534865
662	930	0.178441914508214
663	777	0.11139222385249217
666	668	0.13481486994035383
669	909	0.17811109577460876
670	673	0.12579912145131233
670	942	0.1619306460000498
672	731	0.1223880559813904
672	835	0.1403265510831448
672	841	0.1023702444830125
672	949	0.11942926824355264
673	795	0.10816858987403387
673	958	0.32474270883818673
677	889	0.10499785046663938
678	704	0.14572518654182995
681	932	0.10511430961134034
681	990	0.1254057518155554
682	724	0.14886496947457425
683	882	0.10657742339607801
688	706	0.17374856727193688
688	738	0.1129357408411149
688	980	0.1435545054493098
690	708	0.10474022477839634
692	698	0.12714400897617906
694	696	0.14846592875710715
694	698	0.11659772779853704
694	704	0.15618540747952336
694	706	0.11061451415786293
695	898	0.129676595526821
698	700	0.20074829268477942
698	942	0.1170688334684411
699	783	0.10295590566552189
701	755	0.11078744163438528
701	975	0.1228230117708954
704	775	0.12498171921053924
704	945	0.10080910346853464
710	873	0.10659593521420957
711	712	0.10579204690982211
714	871	0.1177226206014731
718	877	0.11790191281239956
718	953	0.13401903214622396
719	775	0.11742078719576261
722	879	0.10223043634608363
722	887	0.1349815643718298
723	867	0.10778016386875651
723	904	0.11282691535226287
723	947	0.15760189258757368
723	982	0.11177795615692997
724	736	0.19511093836656435
725	727	0.18185687454542263
726	820	0.11140778131006569
727	736	0.12325887658105625
729	731	0.1022617738789316
730	907	0.11739359281191286
734	922	0.11905470273100624
739	834	0.11778293311800726
739	838	0.1353851219602049
740	947	0.14622107719122046
741	972	0.12400187340151302
743	877	0.10444186916070977
744	746	0.11348483607490943
745	782	0.11815845182141317
745	792	0.1041674844890563
745	809	0.10861652141367799
745	869	0.11755926461419332
746	809	0.10242501493214412
749	787	0.10503810169201507
749	788	0.1023330539950698
751	909	0.10670688578031992
753	915	0.10010890827566327
754	756	0.2377924007447061
754	760	0.1312760003315852
755	785	0.10382460395519971
755	910	0.12167717089259587
756	997	0.10262907774132426
757	861	0.16057359936471827
757	906	0.1027448252357634
758	760	0.19120297074621792
758	762	0.1455244796040014
759	775	0.1005668776196727
760	762	0.16218123620887456
761	982	0.12392262985546704
761	984	0.12927004855915586
764	917	0.18652210590136475
766	986	0.17369765189176722
768	776	0.12244731608939445
768	808	0.10177836738732686
771	928	0.11041029223078246
772	786	0.11385960688514579
773	818	0.10679398664790918
773	836	0.1311420360327456
775	893	0.109062545520743
778	830	0.10888673521486537
781	924	0.11184561945396292
781	938	0.11328734560297164
782	792	0.10764309391868995
782	968	0.10205790614610886
784	824	0.12892168910237745
784	834	0.1030939015382861
784	964	0.18479921195984034
785	887	0.1202301563882469
785	942	0.12351818915402668
786	821	0.13132191441928964
787	821	0.10824607645263293
787	897	0.10254448741046915
788	949	0.18796149765701828
790	792	0.11560112919464391
791	993	0.15880114876004947
792	843	0.14093049650959674
792	868	0.11179179283114185
793	910	0.1143932984458336
796	990	0.10809615589006664
799	985	0.10836325061321171
802	821	0.12302991255178115
802	869	0.12849698129565482
804	819	0.27452615490942267
806	819	0.1013689470378656
806	935	0.10294138678920577
808	812	0.11911931207256994
808	814	0.1185484879317056
809	824	0.14916681989492186
811	895	0.10977565183587705
811	897	0.14348786757579474
812	814	0.10000265571886782
812	960	0.11251135330486053
814	816	0.16720910426662278
814	822	0.11759661702304351
814	852	0.10231815014603
814	987	0.10941019060433217
815	946	0.11686631612361838
816	839	0.14964186270290503
816	987	0.20906992981473488
818	869	0.10097808643981346
823	971	0.12448360421923109
827	981	0.11467664259369059
838	886	0.12635346763056227
839	848	0.12542701492829397
839	895	0.12294789295387465
843	866	0.11334857698564396
850	852	0.1371631059552529
850	982	0.11189699785397965
852	862	0.1184910374114918
853	931	0.10419111613194525
854	872	0.10300458688634158
854	886	0.10933026394158728
860	862	0.1350453663108539
862	891	0.131472804533331
864	867	0.1907920818489546
864	978	0.11327649486867027
865	872	0.12569934102595823
870	872	0.10359910689704652
870	882	0.10394130613149509
871	982	0.10624233503612766
872	882	0.13813708136221778
872	993	0.11674284404953611
875	955	0.11318285002179991
877	881	0.12040698380861993
879	953	0.11240502107272578
880	980	0.10181658184825765
883	916	0.11693991415551938
887	942	0.1030190957628304
890	894	0.20072617154701292
891	893	0.16309844689265512
891	936	0.10243255544558452
893	939	0.10836746811734115
893	943	0.1066116394218468
895	916	0.15159097338320313
896	933	0.1903861296135486
902	945	0.11487835676375152
904	938	0.10594806945502243
906	908	0.12149843776764134
908	910	0.1217521913714853
910	912	0.13237851704474932
910	920	0.11754174806464927
910	969	0.12129912506537995
910	992	0.1325592707650206
917	963	0.12585748991656268
927	931	0.10897383580198919
933	951	0.12250552594531454
934	967	0.12263178790682366
935	939	0.11749514458229986
938	995	0.11591147061841849
944	948	0.17409994746971413
945	946	0.10401588683815147
945	970	0.11378600787823896
945	974	0.1612351320822335
948	988	0.12666820572116216
950	952	0.39806762993127703
956	988	0.1396520734134161
956	996	0.1245625965022161
958	961	0.10128786065452439
960	976	0.11767581837269253
961	990	0.13913132629224712
961	998	0.1271037205767811
968	976	0.1100544560082781
969	989	0.12990199318667975
972	980	0.126017060059599
973	993	0.10123672534036199
978	992	0.10856293984991386
978	996	0.12840197389561106
982	988	0.11878023913716337
991	995	0.10129887419361402
