0	2	0.12932563530467195
1	921	0.12759541357002957
2	70	0.12556917134443465
3	995	0.13277746173230862
4	8	0.11701117948587639
5	149	0.11151280883352552
6	39	0.147249018850605
6	651	0.1477328442565648
9	65	0.11379406823540439
9	330	0.10544200261145212
10	52	0.1318884127747779
10	427	0.11038059530911988
11	489	0.11089428295545187
13	36	0.12457171843387542
13	427	0.1422834792741213
15	381	0.11628076339602371
15	407	0.1010344846824499
15	835	0.12873539781649085
16	20	0.11364721825385637
16	70	0.11944516485879912
16	463	0.10086202031830166
17	161	0.20183063741114884
17	425	0.11153928388067752
18	42	0.10311275354242334
18	44	0.11086850942833258
18	431	0.12436838335544095
18	772	0.11364305032248379
19	37	0.10604171704655468
20	108	0.12747550490811949
23	195	0.1034211932113744
23	404	0.10760532561540823
23	574	0.10787127924307814
24	92	0.11404592793584238
24	585	0.10785017527532292
24	739	0.13018606627315302
27	968	0.11286263030828618
29	166	0.10359395004869883
29	174	0.10925351570398587
29	184	0.1299975390705318
29	193	0.12395941460470297
29	491	0.10121306147672005
30	862	0.11487396387578555
31	266	0.12802010094035424
31	283	0.10830331896430907
31	286	0.13222848051112998
32	214	0.10367995187209825
32	338	0.10776232840092954
32	493	0.11131136961768319
34	305	0.10014619015401137
36	187	0.10166096390200018
36	400	0.1034875502816223
37	331	0.13310237120747395
40	607	0.1208166194125594
41	419	0.10552962438706427
43	909	0.11354619577028136
45	127	0.15189874370433284
45	639	0.19333081933612575
45	788	0.13314704377926886
46	104	0.10901714011367386
47	134	0.13355868331978246
47	990	0.1578058832280449
48	312	0.13825788964887906
48	960	0.11346641028081478
49	69	0.10531336667541837
49	793	0.10149994622325226
50	66	0.1031824163363608
51	183	0.10206941188684537
51	290	0.12759172553805626
51	497	0.10098019913517654
51	995	0.10641079818568121
53	483	0.1282182371124969
54	515	0.10891321753663395
54	517	0.2774763586695835
54	521	0.25984676545835267
54	807	0.1041013723582176
56	58	0.10173216696190536
56	61	0.1061267657969292
56	252	0.13268258222184834
56	961	0.12192887534712978
57	295	0.10687044395238844
59	445	0.14187625004049997
59	791	0.13763944640772605
60	253	0.11431263353597716
60	858	0.10167704227133667
61	306	0.16030435559344475
61	310	0.10532614621820574
61	330	0.11844766177017454
61	336	0.14113700363814613
61	505	0.10325647116814328
61	677	0.10388779378848134
62	409	0.11378608067022215
63	65	0.17357339088732962
63	428	0.10666086465655633
64	931	0.1480515164332585
65	213	0.1884276587328107
66	70	0.13689873859696772
66	173	0.11575510793242873
67	565	0.11414558473405322
69	759	0.12527366641175122
70	72	0.1394162715621263
73	314	0.1046577809299394
73	543	0.11446355754553748
73	559	0.10558765921478468
77	537	0.12521070339951496
78	80	0.1728483505041864
79	81	0.2115594520828656
79	729	0.10217009818987564
81	147	0.11808046105778491
81	299	0.15986878288181042
81	327	0.11600237030425536
81	557	0.11130452545346968
81	657	0.13814526776195166
81	814	0.11160452379068338
83	176	0.10321865239822911
83	659	0.13971966919144885
83	816	0.10075546061028202
83	988	0.10484531172009172
84	670	0.10042786347280816
87	274	0.16839144411718662
88	90	0.5859840043304387
88	98	0.1572004072271347
88	102	0.1408184907462007
88	106	0.3047143111717268
88	108	0.36188980753597144
88	986	0.13006481207125165
89	95	0.16398803019875233
89	420	0.15308767034610463
89	443	0.10805453766677064
89	995	0.12077651906233329
90	98	0.10055598496745344
90	100	0.12683185650978376
90	106	0.16572901208532229
90	108	0.1529469374294998
91	501	0.12930366165084625
91	705	0.10586055447948928
92	94	0.1131688216461004
92	98	0.32543288515698887
92	102	0.1382746732976429
93	307	0.10206405771449945
93	914	0.12381773280245457
95	848	0.12518311126880927
96	100	0.36615026314509386
96	106	0.15693946415727472
97	611	0.10621801391121137
98	106	0.11110427141132849
99	237	0.1079855297820846
100	106	0.2754349272916829
100	108	0.21090689688501113
100	352	0.10016781939496336
102	104	0.10949310732295711
104	359	0.10931183747671845
105	699	0.11457053516080602
106	108	0.2722573614536784
107	252	0.10275869272267235
107	822	0.17746896473748242
108	352	0.10576370283779898
108	559	0.1083396121994111
108	561	0.10686310368152396
109	800	0.11230016646606615
110	604	0.12377016159789388
111	487	0.1623327498059843
113	322	0.11214342304122421
113	567	0.12386904780406562
113	833	0.1799349870462124
115	863	0.11591887037768238
117	680	0.11048163538992771
119	606	0.15604209585147477
120	128	0.12646861454356687
120	180	0.20310715112171016
120	335	0.11037946109298946
120	667	0.1675712147552375
122	269	0.10969467028749207
123	747	0.11724538607976111
123	828	0.1839662337269359
123	830	0.1091409389331076
124	632	0.12042873198853495
124	667	0.13773982222125364
124	756	0.10861715256521651
125	400	0.1357997449816563
125	733	0.2934864584190441
125	821	0.13985077220975936
126	143	0.12938300717823556
126	156	0.10094534097717371
127	301	0.11132099529415267
127	821	0.12315723150869148
128	198	0.11201786170744696
128	286	0.11743609524822347
129	131	0.22534384155987314
130	653	0.10050831313408551
132	341	0.10609703591639692
132	468	0.15597972853513103
132	603	0.17005829771329528
133	256	0.12693456086789015
133	497	0.11211304573313298
134	191	0.10289316559483508
134	260	0.1347457145996384
134	421	0.11508482605702486
134	972	0.11854106347586907
136	796	0.10745588907855762
136	992	0.10717078806900716
138	140	0.16802266278967065
138	143	0.10544473347750243
138	262	0.12366787041432058
138	794	0.10985801464155141
139	363	0.11033781939730322
140	142	0.11936155947825064
143	491	0.11106942609743418
144	186	0.11296636235925654
144	296	0.11247104406479876
145	262	0.11095843076444699
145	873	0.10297355400146996
145	904	0.12075507948381306
145	966	0.10147555102617611
145	974	0.11540566802047308
145	978	0.11707895615062072
146	216	0.10217812090442016
146	338	0.10040103562961561
146	787	0.11729447671442571
146	989	0.14426234824553275
148	150	0.22664962995878832
148	693	0.11418689534581682
149	274	0.10153634318463561
150	216	0.1573097258097805
150	569	0.10732803193082396
150	585	0.10808281298902087
150	693	0.10877089941174453
150	969	0.1441602958949908
151	169	0.112890659385363
151	900	0.11024438954597447
152	615	0.10929549787476386
154	566	0.12186402513070697
154	860	0.12364561032969289
155	557	0.13936704359807936
155	794	0.13075164993285202
155	852	0.11457329239618314
155	857	0.12115390239812
156	231	0.10758358044167911
158	410	0.10205215212614735
158	794	0.10966691008870759
160	162	0.12490162485019055
162	221	0.10240944698484676
162	946	0.11420625261904187
163	935	0.17417405650463713
164	166	0.15147868436107856
164	170	0.202653170068395
164	191	0.14531809882707372
164	233	0.11031375129379876
165	271	0.10944059325361066
165	507	0.10123457661365734
166	176	0.11124463651059881
166	191	0.18286064101339158
166	773	0.10276186467823901
167	277	0.1343373365771405
167	596	0.10096838418562053
168	491	0.13497602101311248
169	383	0.10314051430339327
170	233	0.1277750666672174
170	354	0.11655418592751957
172	186	0.11111521954924582
172	797	0.12406883531792998
174	178	0.11243028005164477
174	196	0.12387200754841306
174	197	0.16670239986853705
176	191	0.113221982980809
176	667	0.12725517410469106
177	225	0.11912133242164957
177	444	0.17041285709297976
177	769	0.1267081153126335
178	197	0.36425418761618245
178	214	0.11809672595065605
180	186	0.13795387024795236
180	192	0.10570846853405418
180	363	0.1549352077675501
180	667	0.10620732817494437
181	534	0.10791852457649974
182	327	0.10292776896922608
182	413	0.10413534743794649
183	370	0.11551550143153842
183	671	0.12413975668870006
183	878	0.18219931719284252
183	931	0.1442072540593308
184	197	0.11401116889714329
184	502	0.18872374868800848
187	358	0.15653241846504612
187	415	0.11226820143887126
188	202	0.12056513419162307
189	465	0.10943064981613278
189	739	0.10636206035878173
189	843	0.1353397333576414
189	876	0.1401516466342863
190	198	0.1250404149585553
191	587	0.1084753093429914
191	773	0.12492148124385638
193	413	0.10208241414409545
193	711	0.11427693602702986
193	941	0.10234893562761273
194	198	0.18866286391663495
195	532	0.13031903049088348
195	635	0.1021723532000793
195	971	0.1093242953208227
196	585	0.10695001231471764
196	907	0.10147845910199749
197	199	0.10083158508900454
197	299	0.11763585679586512
197	711	0.10762442299164286
198	374	0.14894685742904176
198	771	0.10426697002699183
200	224	0.12937492950849405
201	470	0.12369972948095533
201	810	0.12040123247295294
201	812	0.1413588807998608
201	821	0.15522345081180508
202	491	0.13014851531559254
203	318	0.14806334653330958
203	327	0.13228584886444558
204	904	0.1210619201515406
205	410	0.11675083794220499
206	655	0.11464885587404836
206	942	0.13171852928012573
207	301	0.10948328846977541
208	233	0.10857004133064442
209	253	0.1000847717319122
210	493	0.1031705147155747
210	540	0.16294720417419029
212	214	0.16380724502885652
214	653	0.12912172759243126
214	973	0.1121141793427416
217	395	0.11674687467586427
218	751	0.11794360701222861
218	878	0.14407253140352402
219	966	0.18146616084464418
219	970	0.10429818754647695
221	224	0.10366873196980504
221	228	0.11892602201363137
221	439	0.12653717575864248
221	569	0.11031769070521256
221	747	0.1165849113837289
222	655	0.1206007125617185
222	751	0.10414138774322029
224	799	0.11791512909361665
225	875	0.14585412674249917
226	228	0.16478913893520297
226	747	0.142359732546026
228	333	0.15762854781233074
228	491	0.12093272274004571
228	882	0.14819329529618586
229	807	0.18942318996047572
230	991	0.10854769459823509
231	233	0.10172326936570314
231	261	0.1124902461684866
231	341	0.11530125661368718
231	353	0.11101668670631394
232	306	0.10532202755255163
233	360	0.1720396429503032
234	244	0.2075930568082264
234	248	0.1343152358000325
235	573	0.14410691403671297
235	705	0.12017401712522878
235	858	0.10759445171669704
235	893	0.15055235798947586
236	240	0.17140927239707474
236	369	0.10038811982364423
236	677	0.12819834877650904
236	991	0.13922382229630978
237	412	0.10000045434142875
237	595	0.15013831603347677
237	804	0.1090279534485895
238	423	0.10142519912808202
240	374	0.11991274614500538
241	341	0.1131713957567995
242	278	0.14603269146140702
244	248	0.19682031306931377
244	323	0.11684205726098247
245	501	0.11509986283399472
245	728	0.10220028571400493
246	248	0.1046014012937437
246	378	0.10444382199981382
247	314	0.11463925255508708
247	791	0.1015728916237031
248	457	0.18117122047964945
248	842	0.1254807750530191
250	319	0.10985653210799734
250	401	0.17249923154422261
250	877	0.1064348313686087
252	310	0.1030658964070491
252	634	0.10202139165265225
254	323	0.13276999305406662
254	393	0.10633565678963679
254	997	0.11220630911971462
256	258	0.17937982692547239
256	260	0.10218141355127588
257	259	0.21975343215507803
257	261	0.10161019142705699
257	716	0.13792262869019936
257	879	0.1482328108799767
259	773	0.1112407266936016
261	816	0.12138082338413397
262	316	0.10516048154559203
262	423	0.11197594601744143
262	640	0.10934140118902529
263	866	0.10016480435173346
263	884	0.11945048262426859
264	349	0.13795930481881802
264	972	0.11417495858961102
265	803	0.11621790319583176
265	815	0.10873882202239221
266	286	0.13354831772006798
266	675	0.1225688228728221
266	889	0.12106201663938582
267	848	0.1535581574790201
268	282	0.11123256787834324
268	439	0.11005695513902049
268	741	0.10352808179917314
268	941	0.10207999758072184
269	347	0.12074664543325359
269	921	0.10902385403634723
270	685	0.16621767340027715
270	864	0.11405514043675763
270	904	0.10482657572057828
271	830	0.10524059429175421
272	408	0.1709375584295399
272	657	0.11698459277552274
272	867	0.12586447285450614
272	889	0.2067599583571644
273	635	0.10204078621726861
273	786	0.10840368002334873
274	359	0.10267264125621765
275	490	0.11661113862392178
275	543	0.11064401901047025
278	356	0.12019472776678267
278	368	0.20078474678273642
279	379	0.11335801590470972
279	639	0.10705823652483354
280	633	0.12364499550031985
281	638	0.1122040191239722
281	897	0.12001602897108347
282	463	0.11678171646304632
282	571	0.10144026359000717
283	288	0.21284806605370285
283	397	0.18764633496813618
284	302	0.15989846087011728
284	312	0.1064728237522558
284	314	0.13642016137850296
284	320	0.1014435420117965
284	374	0.10511962628647845
284	463	0.10252876706733702
284	680	0.1005857839819504
284	963	0.11046997493286038
286	296	0.2121228224180005
286	312	0.10423706173495598
286	314	0.11954204589838065
286	576	0.10262060203243162
287	377	0.10705231721801248
288	338	0.11553153978053203
288	342	0.1557991708963361
288	397	0.14421613885468562
288	537	0.10522359827423283
289	330	0.13376185422368478
289	589	0.1364430008090788
289	632	0.10324888951686108
290	312	0.10277497089560601
290	727	0.13669584846648783
292	296	0.10250936352879791
292	298	0.10288514688104654
294	320	0.10040094574746575
295	646	0.11436591736928899
297	419	0.11194750735495361
297	892	0.10351729631671383
298	334	0.16273433611835258
298	345	0.12140753215924999
299	323	0.13228366778343997
299	690	0.11640108932303232
299	788	0.10971366017274359
299	814	0.1738047163454577
300	302	0.16950327483153205
300	685	0.12255536901708801
300	963	0.288285994606199
300	991	0.1525045745562624
301	808	0.12053979422728893
301	816	0.17986622115140471
302	316	0.10436328408675423
302	330	0.10572073393666519
302	963	0.3634865247984431
302	995	0.10280262211049626
303	554	0.11370187387593443
303	604	0.10103202911021787
305	722	0.11536309880483761
310	991	0.17844120450343712
311	562	0.11748731018809831
311	576	0.10004378364316574
312	314	0.11673907730076555
312	328	0.1002465545952103
312	920	0.11549976000681424
313	386	0.1305048308560872
313	458	0.11434239146504467
314	328	0.2014069335333469
314	995	0.1266927545310767
315	516	0.10069645082398372
315	603	0.11658058424913256
315	916	0.11686696581002408
315	927	0.13124805094159314
318	673	0.11396199154508982
318	995	0.1770098824692821
319	523	0.10251598055484702
319	824	0.12255375747966304
320	324	0.11069464065567991
321	349	0.10789709293342023
321	927	0.1387337325990833
322	324	0.15661471293287663
323	378	0.1451072677956241
323	423	0.33964315089541364
323	633	0.10222549748454932
325	554	0.129744812452622
325	779	0.17395314697926728
326	330	0.11597478350738369
326	373	0.10178373741022871
326	991	0.10136561457193807
326	995	0.11362351224245686
327	711	0.17230191963741937
327	839	0.11065954712949505
329	385	0.10929227417321045
329	775	0.10195275332335414
329	963	0.10766788038296106
330	336	0.13659856379774044
330	356	0.14900168246436377
333	427	0.11871430894112224
333	551	0.11834210520606535
333	736	0.1137377909440549
333	811	0.11866749016033556
335	666	0.10229144131679885
336	340	0.1751563681716559
336	693	0.12139332235310611
337	511	0.12193524594117716
340	358	0.16270150635048308
342	693	0.11777823238190438
343	973	0.30580363151774
345	532	0.10620274346261604
345	858	0.11367053302701849
348	373	0.18715911413372477
348	992	0.10377813199827932
350	535	0.11747085573129523
350	812	0.11732583162011231
351	653	0.10282960593149425
352	355	0.15715755616618862
352	466	0.10097820914615101
353	761	0.10193187172193618
353	835	0.17070581649462588
355	569	0.12184253177164503
355	787	0.1063747011285419
355	885	0.11923382900979516
355	897	0.1139262865108267
357	883	0.1164851508118651
357	919	0.15289861399463336
359	366	0.10589502243895667
359	385	0.15618918760718556
361	391	0.12861106592313934
361	393	0.10668908457693024
363	466	0.12478798563357837
368	374	0.18635744088767958
368	677	0.14542111204783922
368	994	0.10547411148951814
370	995	0.12924369169300245
371	708	0.13076993008495388
371	847	0.1239381397629061
373	431	0.10953892047033773
373	675	0.20048020413554124
373	809	0.11704074743619282
375	507	0.1376022094745942
375	698	0.10735745525919163
375	967	0.11168351536893582
378	423	0.1512289084027295
378	633	0.10405824526645636
379	406	0.10161413656447103
379	625	0.10140306077229648
379	662	0.10057833885321221
379	820	0.11306817631358633
381	473	0.10082836971996809
381	978	0.12763582572551516
382	685	0.11085581828994164
384	458	0.19651926699477368
385	406	0.11562278612823391
385	421	0.10369060283865841
385	713	0.11059137024873943
386	488	0.11383072900911352
387	698	0.102335122843965
387	930	0.11133566174107576
388	390	0.11788875955064472
388	394	0.1707127142962885
389	871	0.10977858413832854
390	430	0.13279317829212658
390	474	0.11423751588259072
390	616	0.10384680002414212
391	800	0.109692077781077
391	818	0.11841908833012424
391	987	0.15545911475401314
393	785	0.1325008788055399
393	792	0.10219054805517408
396	476	0.11482035337675152
398	480	0.10888507816173412
398	625	0.12134862350783605
398	949	0.1383866176195367
400	414	0.1035729277504881
400	723	0.14591005072721877
400	784	0.1018430976878342
401	502	0.1250437691536496
402	408	0.12733295658413216
402	422	0.10202396348324064
402	436	0.13076844381101413
402	438	0.113557091876045
402	517	0.10130921280621406
402	947	0.11697816489450077
402	964	0.10749867429851404
404	575	0.12552746778220478
404	976	0.12591674135534942
406	418	0.10033712269196128
406	478	0.12405595024087746
406	703	0.12505621551334437
406	964	0.15444322700714516
408	657	0.11268375713481228
408	867	0.11292181593782119
410	465	0.10516228056702705
410	839	0.11987089956650941
410	867	0.10364490704537688
411	982	0.15576132261080666
412	426	0.11547428883386544
412	884	0.1718998649730383
412	909	0.1155128039434341
412	974	0.11745232117484235
416	418	0.144324443680271
418	974	0.16552899607867985
419	892	0.10732366171573836
420	487	0.11124257222148695
422	797	0.10275294331802037
423	814	0.10123251540010506
424	914	0.10727227351488988
425	944	0.16144151992978284
426	436	0.11047314980374622
426	456	0.15142400819124718
426	989	0.10176374022944407
428	741	0.12162377316441508
428	790	0.10162738326094267
430	474	0.13259487679221377
431	741	0.14847743062149693
431	768	0.11807776386865457
433	716	0.12155771265144225
433	732	0.10534565029344282
434	452	0.1089872824139254
434	468	0.10024178215682342
436	438	0.2852104997804045
436	790	0.10038198993470862
437	811	0.10481882706196248
438	488	0.1267703129556992
441	627	0.11491487927451
441	855	0.11020491977397019
442	871	0.10917542086908326
444	450	0.12478169499170072
444	769	0.15693651978123005
445	449	0.1011619451599635
445	737	0.12067194391430655
446	450	0.14829651415170012
446	867	0.1160214041885555
447	449	0.23771887348354573
451	737	0.10846156629703715
456	458	0.1296471453641299
456	487	0.13171159508617566
456	733	0.10832369148348524
456	946	0.15357300308746483
457	962	0.10423581250946225
457	984	0.11481373281865873
458	468	0.164425635421686
459	960	0.21714001105464745
460	464	0.12096811803639447
460	472	0.1293377108196076
460	953	0.10470299325586906
461	953	0.10951040558052903
464	969	0.10510022704391549
465	573	0.1538719767524523
465	647	0.18487311575041349
465	953	0.12763914662926973
465	960	0.10318473120239534
468	951	0.1515322827185897
469	508	0.10686192665514103
469	520	0.10319151214349784
469	953	0.1078875844410043
472	547	0.10492265114515273
474	478	0.1858832131224627
474	488	0.10037368110388738
474	839	0.11027832226456268
476	480	0.11034809257632888
477	647	0.11232436332169049
478	484	0.19348691141300045
478	603	0.10670384668968129
481	565	0.10517405465828222
481	976	0.14998084489330477
484	674	0.15410734427084996
489	648	0.15741533161243965
490	599	0.11471580815107114
490	614	0.10172523030912334
492	494	0.12446930927864318
492	512	0.12628228034800543
493	653	0.10480539658377894
494	510	0.1835848636561305
495	784	0.1315364328645881
496	884	0.10906311899620112
500	832	0.12302531756921535
501	800	0.10408967108876283
503	918	0.1368733077598981
506	520	0.131967758417393
506	591	0.11180149937483827
509	908	0.10057760234002691
509	922	0.1592368104497123
514	518	0.32375671579861925
514	538	0.12492363433274405
514	873	0.11676147517704405
514	875	0.11108113781697573
515	517	0.2893949655479371
515	519	0.5071609846341062
516	526	0.1041024196836229
517	519	0.23901539186824242
517	521	0.20440938958784013
517	672	0.10738342518487022
517	847	0.11252534950984262
517	985	0.11327934359410598
518	520	0.13627742644229063
518	524	0.23100463907473748
519	521	0.10550238704359897
520	917	0.10633414097110937
523	964	0.10375512203669505
525	772	0.1557986525274093
525	985	0.10569102417804267
528	831	0.20551009560309594
530	536	0.11312781186370595
534	995	0.10597717612806079
537	723	0.10969660635581217
537	945	0.1832586289889499
539	665	0.26562570549811054
541	561	0.13236945769613523
546	573	0.15414790508611603
546	853	0.10099528524381139
546	863	0.10374712590445878
551	583	0.22845997118924424
552	602	0.11802354142977606
554	560	0.1425208332975153
554	592	0.12998018686252502
554	602	0.1488539852264002
554	779	0.11128754786174377
555	786	0.10546686055020608
556	584	0.10137517809668954
556	677	0.11093042192910846
557	579	0.1224908362121231
558	586	0.10390572031924411
558	590	0.10350293223489601
558	604	0.11813976661639437
558	608	0.15638347409252187
559	561	0.21827482131595344
560	590	0.1206809121225302
560	779	0.14720910943938145
565	567	0.3258526163375959
565	873	0.1070204074541416
568	584	0.11592206840806694
568	863	0.10253471751860221
569	989	0.11035023855084695
570	572	0.23190024430197217
570	574	0.2411530394481235
570	577	0.12550250066278404
570	859	0.10558400244331335
571	573	0.17925284509759115
571	705	0.17470398657384123
572	574	0.16116222445384065
572	589	0.11523435750366187
572	751	0.14904860278157864
573	575	0.17682609928927273
573	605	0.11214747174306401
573	700	0.17650621519799484
573	705	0.10100668902342502
573	853	0.1018787854964456
574	577	0.25893884168395637
574	751	0.11286011237851327
574	967	0.15446476178415788
578	589	0.1147708610135796
580	797	0.12393488557308266
581	783	0.12165213067600483
581	967	0.12149318807016873
584	586	0.2280149759697857
589	751	0.11791435652214334
590	606	0.10038027335640719
591	818	0.11425183765005098
595	981	0.1019931542777096
598	933	0.10406490268677894
599	731	0.1033225561097306
599	816	0.11626711640616288
601	659	0.16457243041497846
603	679	0.10732288684808963
603	982	0.12013005940498868
604	608	0.16165108266245412
606	608	0.1995207796423298
606	610	0.13598777488584568
608	610	0.10844817202995431
608	699	0.12328418811124078
611	904	0.12059806324400778
620	624	0.21282363178917274
620	763	0.11017790038426932
621	623	0.17154623128704288
621	791	0.10106755006172649
623	625	0.2783955837139304
623	945	0.1334412011882369
624	626	0.20052570902564332
624	628	0.2283118255068494
625	708	0.10604773366259855
626	644	0.10631653784268248
630	883	0.10518352721669667
632	674	0.12230895261723847
634	642	0.11601445569729257
636	763	0.13869954490274017
638	964	0.10228206209292817
639	788	0.1522131013108674
639	895	0.10921393277426383
641	834	0.12143423568113558
646	705	0.13788330299384105
647	864	0.10505147696767336
649	742	0.11136292577662134
650	760	0.13356528495811135
654	668	0.15128583975159732
655	751	0.15640143900195408
655	979	0.10331334293395138
657	705	0.10193791299837873
658	676	0.1325309535853028
662	666	0.11350040543394244
662	998	0.10378340126238104
663	682	0.10783464110610808
663	846	0.10571651912519868
666	763	0.13204818126988976
670	739	0.11156271687016983
671	698	0.10488644870631594
671	862	0.1193226687354536
671	945	0.11810783380420223
673	985	0.10683398013294726
677	889	0.1032564326473813
677	991	0.10549222232474621
681	741	0.1219803227191135
681	974	0.10123545528421166
683	874	0.10136682977200819
683	882	0.10509170762471379
684	704	0.10060232903641207
684	904	0.13107316705529184
685	727	0.14710973907031935
685	904	0.10663903820611241
689	805	0.1312583439222498
692	700	0.12319339197535502
696	698	0.1302371156614641
696	716	0.10461064476299643
698	967	0.10675690124034183
701	923	0.11630608057516109
704	841	0.10306160239045332
705	853	0.10610177561922063
705	891	0.11484591101737093
706	718	0.11154723349750391
706	724	0.11828207684278161
708	847	0.12464168947092473
710	728	0.15218506216351016
710	875	0.1101750175936494
711	819	0.11554143342712833
711	821	0.1311812551566487
712	718	0.10252540620704878
714	887	0.14069804870057517
722	822	0.15528735988626235
722	887	0.10587771571966663
723	785	0.1022634574396685
724	742	0.10265399656879112
725	727	0.1478908279746628
728	734	0.10298903349309929
739	887	0.11816046901904642
741	961	0.1921929847946802
741	966	0.10234753471495635
745	869	0.11120496213323154
749	782	0.12263180156533376
753	916	0.10134076982058321
755	796	0.1655827519496026
757	861	0.16962232293054458
758	770	0.10740612182129662
759	976	0.10324713446849663
760	917	0.21636998688813405
761	998	0.10619994671718601
765	830	0.1046251391126209
775	850	0.12449171029487222
776	921	0.10123991967667362
777	822	0.10290212031569178
780	792	0.14632223267086092
781	884	0.11285726107602036
781	924	0.12619879681291774
782	792	0.10256894229570199
783	792	0.15563555995156478
784	899	0.11636176474808148
785	808	0.1054826205290982
785	942	0.15378847513511792
786	794	0.10741126119622066
786	796	0.11891334450141126
787	919	0.12213546824937559
790	843	0.10096574367177501
791	793	0.21928797228918837
791	910	0.11872642659517829
796	906	0.10089929975853335
797	887	0.10323360249327519
798	915	0.10493652279236823
800	909	0.1013191370709933
806	819	0.2455178130582925
810	812	0.1229102962612333
812	814	0.19004338525332368
812	836	0.10575805261315646
812	949	0.15697754436342468
812	987	0.1574899375870549
814	949	0.10883771232076078
816	818	0.1536055166998069
816	875	0.11155463249491519
816	879	0.13064881473469508
816	951	0.10557450936895338
818	820	0.10098306215793364
818	909	0.11106188635981683
821	826	0.12109258705814882
822	949	0.10789929917888798
823	898	0.1253529153688125
826	828	0.14587641753447494
829	999	0.11483511782071372
830	834	0.11550786461832868
833	936	0.10096380218213051
840	872	0.11583365247744938
840	886	0.18495030808602533
842	872	0.13648147213116824
842	874	0.14331997419992115
842	996	0.10495588900992849
844	846	0.11005243636487475
844	958	0.10176840720359291
847	935	0.11432302635084642
850	852	0.10195886066994185
855	960	0.10924157822174779
861	945	0.11118179929246445
864	906	0.11987256048242877
866	868	0.18103841746191718
872	874	0.3860445112736832
875	917	0.19527967696667467
876	880	0.12669785283349994
878	920	0.11901705543829266
883	916	0.1053789193355849
888	943	0.1079118433288927
893	899	0.10299883857847275
895	943	0.12048706806729084
904	916	0.1338286935529956
904	938	0.11817285711162352
909	945	0.12367500736112928
909	974	0.10431314937624958
909	987	0.1192068565290289
912	916	0.13317277859774576
916	938	0.2063428454381951
924	981	0.10129622832417204
938	995	0.1293896831762859
944	954	0.18141750276716567
945	962	0.19422327193793928
945	972	0.10103123043725007
948	960	0.1082174776327047
950	952	0.2816317824365374
954	984	0.11899664275187294
956	966	0.11804609190523438
956	980	0.24912831297034743
961	974	0.11856980829217288
961	990	0.10355176689963644
963	991	0.18042958593007502
968	984	0.11488260725905393
968	992	0.1271206878211718
972	978	0.12623438676405835
973	995	0.10164101168014757
974	976	0.17934649899897342
974	990	0.13736251074518438
978	988	0.1636703249439826
