0	549	0.10399549672675747
2	4	0.17602137608822763
4	691	0.14200614114188487
5	274	0.10749958777217655
11	252	0.11250775356860726
16	549	0.10218453306554506
17	457	0.1060839894000474
28	42	0.10832927461206777
29	178	0.23471316175750434
35	37	0.14836390713226802
40	607	0.10102929489393986
43	45	0.14022800968038743
43	91	0.11564455720651076
45	245	0.10323160688340804
57	817	0.10256112105176685
61	248	0.12123647538726397
61	685	0.11641671615017699
69	685	0.11920923774059704
71	237	0.17889187697895637
73	226	0.10288294489297409
75	307	0.10233998186548915
77	902	0.12250065220485647
78	80	0.16263331227724048
79	81	0.24288214969165686
81	83	0.18172187338295695
83	909	0.10320034694758146
88	92	0.19986312937202394
88	98	0.13125860835406178
91	599	0.10313121672508764
91	639	0.13144332253720084
91	786	0.11709072200873705
92	94	0.31184286200378813
92	106	0.1981581236233713
93	836	0.12113991646223023
94	102	0.13597577931588575
96	100	0.12784897439073983
96	106	0.119882566271967
99	595	0.11293385710768854
104	108	0.12781326482073566
104	413	0.12830697583461825
107	666	0.11975027959801177
109	287	0.1047724351023615
111	438	0.11844841417357456
112	188	0.11334499089430017
119	604	0.1324175078656939
123	127	0.1291265875010648
125	127	0.19791476536235075
125	733	0.10297778124089557
126	144	0.14392657440440862
128	130	0.10103233887902473
130	144	0.13686194778536392
130	150	0.12621973698248354
132	436	0.18195053604046732
132	843	0.12439191992737754
140	414	0.1106026817209155
145	988	0.11655254936122912
149	335	0.11007739333112238
150	151	0.10777191577744036
153	159	0.14397494198181243
163	935	0.13913338498721417
167	929	0.10879951033398133
168	216	0.11160699156770129
174	196	0.10078645298220068
174	491	0.11463378511864372
178	191	0.22485083463371103
186	363	0.11022598116931494
188	198	0.10176214951512245
192	491	0.113166867649419
194	200	0.10486850024337212
194	491	0.14016743179506627
196	491	0.11457170781567788
198	809	0.10661281074072262
199	900	0.10261635631130864
207	912	0.10034529114551594
209	885	0.10553395581538329
213	215	0.15805684495886865
222	224	0.1336341084942005
236	240	0.10361868981029725
238	368	0.1016551296582788
239	692	0.10556594906867527
240	743	0.143033385898631
246	374	0.10445655044300042
248	254	0.12898784120292248
248	842	0.1299435692720768
250	348	0.1058350342729057
254	336	0.10301807628246215
254	423	0.11757802699503518
262	359	0.10308920772691486
262	397	0.10298946023022912
264	326	0.11208492225310186
270	741	0.11169773726909572
275	657	0.11460630684296873
278	693	0.14761762017212665
283	543	0.11972224034676092
284	296	0.1338343581093686
290	292	0.10830348013972098
292	296	0.10133725326840094
293	337	0.1015033370489612
296	330	0.12362963926645032
298	877	0.10486044766895433
300	302	0.20528701688833148
300	963	0.18079891033678547
305	645	0.15079319041178277
312	369	0.12260584364442924
315	434	0.12855468112810126
319	988	0.11697625771417025
320	322	0.1099658144874166
325	558	0.10555164884538254
327	619	0.1390952718587453
333	736	0.11228835871748512
335	652	0.10754125786804553
338	373	0.11700354466224734
349	489	0.10851052146019616
367	650	0.11860581372559986
370	373	0.10988240126671292
370	675	0.12095875334235086
372	674	0.10079397782639449
378	802	0.11492008286507002
379	563	0.14327285431775216
379	591	0.1145831921205935
384	388	0.10618620386913438
386	394	0.120552196163022
387	906	0.10524839391655633
388	392	0.15227180396651252
388	394	0.12696726097289832
389	782	0.11322157359869281
390	392	0.10888693486180667
397	991	0.10657870285449493
398	621	0.13942824835413437
404	647	0.12464311239247979
408	864	0.20834490901648495
418	443	0.11754929550673045
428	733	0.12164065209811825
437	439	0.23972460871672183
440	927	0.160383974297763
441	972	0.10352294412931305
441	988	0.1419771346347909
446	448	0.1777021801633742
456	815	0.18114655132067478
456	946	0.10578810796852244
457	459	0.17423143976558766
459	960	0.11851327471715149
472	547	0.10026256521771976
481	976	0.11081399155656475
497	653	0.14269069691005445
501	617	0.10184809753633993
502	506	0.10172998628926108
515	519	0.22018524692833644
516	518	0.14768081551734166
516	524	0.13534844574466448
518	520	0.10464698840461105
523	945	0.11123351455926996
530	532	0.12579652781914685
546	705	0.1110430976568116
551	583	0.10813999594746197
551	744	0.10600282824599866
556	560	0.13601791840478253
558	592	0.10195787315202243
570	574	0.19174628199576163
572	967	0.1073361090913236
583	744	0.11570598591177449
584	586	0.11711563759862027
591	821	0.12470286224316529
604	606	0.3386922185799913
606	610	0.18826508181633977
607	609	0.16372954266762912
616	618	0.10926954670055987
622	624	0.12144413600529609
623	627	0.13832839448991766
630	803	0.20268535550682806
632	763	0.10426543547676874
640	847	0.15756242130094722
658	676	0.1020718046513215
669	949	0.11505508599934305
683	843	0.12099144376080416
694	696	0.10900255303948479
706	862	0.100069513258261
725	727	0.1404633638804246
730	732	0.10756761314917933
745	824	0.10085265417857495
749	834	0.11142554480230017
785	942	0.10204352840478381
790	792	0.19571030022874827
805	807	0.1714832675414121
808	987	0.11568449283304842
843	866	0.15529348656445452
843	868	0.10014343959895093
845	853	0.10744301805082021
855	974	0.10198264216086098
864	867	0.236663683538479
871	947	0.10187984371851491
890	894	0.17337633684941278
891	893	0.1125465418093934
891	895	0.14859531992163083
895	910	0.10337775803133034
909	949	0.11338458082390003
950	952	0.29404872956170314
954	980	0.10308215929449455
956	984	0.12050574112094709
960	972	0.2761442365534375
968	982	0.10917240650044496
