0	4	0.2302681524328918
0	651	0.12647729504093633
1	34	0.13590379808676412
3	705	0.13107963355567537
6	651	0.12518217157541714
7	981	0.1103547052650078
8	651	0.1117866826953587
9	349	0.17020298457827585
10	630	0.10252395433270596
12	108	0.10967346603706224
13	515	0.10145591123171072
13	613	0.10142853685898219
13	982	0.10063456872959793
14	64	0.11219685629160647
15	835	0.10151986295801663
18	397	0.10824263666503386
21	763	0.12504033774811724
22	437	0.1889638106010963
22	439	0.1565190766029202
23	83	0.1005981715615351
24	66	0.12601619526523986
25	715	0.1538957120619792
28	254	0.1173185079545967
28	437	0.13457028355511375
29	191	0.11406077645797072
30	32	0.12408277735060538
30	141	0.10676308550344861
31	254	0.1525062333426401
33	276	0.10066089796283825
36	38	0.13512017431332649
37	331	0.2833204060109518
38	977	0.121538114746696
39	74	0.11491210845451526
42	44	0.13398608478873777
42	48	0.14068130964066386
43	125	0.10673658688370662
44	437	0.10885163151957966
44	549	0.12800107584340797
46	90	0.11001652191002469
47	964	0.1275224888123249
49	655	0.11928393600974405
52	255	0.1081486858657791
53	751	0.12459724695415084
54	807	0.11993085231650576
57	295	0.14548775201979483
58	796	0.10491757654687418
59	379	0.10066523550648544
59	630	0.1044169368904971
61	266	0.1228862663560587
61	286	0.1878758282349863
61	300	0.1263548976044584
61	505	0.10768617080394319
61	743	0.15852556237840473
62	64	0.21570100034848283
66	70	0.18144743563611318
68	70	0.25375936278179356
70	72	0.16925191927756827
70	493	0.10732874545457084
70	691	0.12318133585449512
71	860	0.105111816727285
79	81	0.29306117774821655
79	988	0.1224855555263962
81	301	0.1050560641867178
83	259	0.11579171621313852
85	631	0.15707479005202404
85	965	0.10702772621195997
87	274	0.138894047382239
88	90	0.20286459251119346
88	108	0.2874590432937096
89	416	0.18002800934250857
90	94	0.10454628750103344
90	98	0.12114083586941674
90	100	0.11063110157817169
90	106	0.11966705943482259
91	788	0.10660402196328807
92	96	0.1457298919987241
93	187	0.10864606840134351
94	100	0.2629622663274822
94	102	0.2062768362819781
94	108	0.1677235056103989
95	481	0.11556187662393026
96	98	0.11051271614731928
96	102	0.20774335940656669
98	106	0.12924067211657775
98	766	0.10625460440038285
100	102	0.10733770658700845
100	106	0.253330842243804
100	934	0.10231420830424835
102	104	0.2839588055818859
102	106	0.15294336517298035
103	127	0.12448202040778045
103	343	0.1703669304315062
105	864	0.11874418091935428
109	856	0.1299123048643555
110	654	0.10522936122862823
111	436	0.23405771145981324
116	150	0.10444585355191886
119	604	0.12071264462602942
120	978	0.11152739147944928
121	333	0.1023308428315125
121	978	0.1091485499637569
123	127	0.2056859169107078
123	639	0.10042537738620137
123	733	0.1849825617515558
123	828	0.10300987600273581
124	126	0.20376943231921194
124	226	0.12329897685721071
125	937	0.10393526776598992
126	143	0.119148780213941
126	186	0.10207300388930012
127	429	0.11088064447709754
127	733	0.10805520562646505
129	287	0.11140447316373421
129	707	0.10205407729916068
132	150	0.10600168488592193
132	487	0.1603686883392036
134	152	0.1202274703140733
136	751	0.12136169184156378
138	140	0.17855094240401048
138	144	0.12389522383580125
138	226	0.11794406407173216
140	414	0.12734156116063297
141	839	0.14642535142824153
141	861	0.11369612426392407
142	168	0.11892815390737506
142	206	0.11491867237273372
144	747	0.11642693984024295
145	961	0.149145911000953
148	168	0.10808048208373812
148	210	0.11913299483598941
149	335	0.1368497107633063
150	585	0.10301542420241075
151	341	0.1419048974785156
151	406	0.10548192519488582
151	815	0.10138139575496025
153	159	0.29744864882092176
153	887	0.1005017668395519
155	557	0.11797189967898244
155	755	0.10260282599314594
155	835	0.12298084933907318
160	222	0.11034047788703331
161	561	0.1065861296535817
162	194	0.11164874444398538
165	498	0.11992654831466026
167	209	0.11260334229016539
172	222	0.11504893346500955
174	182	0.11297876437277507
176	178	0.12932211322726722
176	193	0.1487400503835393
177	448	0.1320834113326743
177	769	0.1464113307132471
178	222	0.12716163098312203
178	299	0.10369513726957064
179	367	0.1808143124144282
180	188	0.12704559614628355
181	627	0.11207072864969637
181	716	0.10098716251578065
182	733	0.117471617615378
182	907	0.10152752287997902
184	443	0.10037465093116772
186	224	0.10205437438074229
188	194	0.1260216757943482
188	202	0.10980364140940113
188	221	0.13702809839808397
189	840	0.11327521615751032
189	850	0.14455685511591665
189	972	0.14806280432477972
190	192	0.10327479740982407
191	197	0.11892319010470909
192	491	0.12956812435160964
194	198	0.32776498232421586
195	761	0.14392136555314275
196	198	0.1037737403438128
198	202	0.1548969431664395
199	896	0.12706721683418518
199	943	0.10979427776024624
200	427	0.10845950831025712
200	736	0.12490195368046365
201	379	0.10517917543925905
202	363	0.15359307566145006
203	262	0.11585675893258433
205	976	0.1093686234038365
207	233	0.11492317955024352
207	429	0.10580617843390855
207	832	0.11739202229285559
212	216	0.10738024221461617
213	215	0.28466990676354054
213	598	0.15163973082055227
213	646	0.10950420578861153
216	274	0.10964483894802086
221	636	0.11508621602336662
222	751	0.11247739659060023
226	587	0.15222896909538902
228	491	0.21958263406182588
228	882	0.1346960973825254
229	515	0.10348168741556892
229	517	0.11383327598398324
229	839	0.10352340609002851
230	232	0.12394524351022052
230	254	0.10028337743161662
231	233	0.17711808806537524
231	937	0.10902157331487321
234	244	0.1267738639161486
234	719	0.11882336981730957
237	501	0.1317606140816156
237	595	0.10361923866864936
238	240	0.22923246650001203
239	731	0.11235609560605023
240	312	0.14820918477435285
242	244	0.1917055315923336
245	391	0.10454022138495717
245	501	0.11519375597300203
245	666	0.15785470358856796
247	601	0.1180444815283503
249	710	0.13457095957545212
250	754	0.15193185976056045
250	785	0.10182992415555381
251	931	0.1358338975262136
254	368	0.13935867327688609
254	677	0.11452829475913232
254	782	0.10038313519369339
257	259	0.20592977905758936
257	773	0.1036658121174355
259	326	0.11674652939674188
260	714	0.10633094035838293
262	270	0.17855421940908195
262	326	0.12394279350218862
262	675	0.13857667858052927
264	266	0.15054950771682143
266	323	0.15898376880461035
267	375	0.11731629550078108
268	312	0.14230260516017426
268	673	0.10284047126818537
268	873	0.1141570039558875
268	980	0.1318874069523254
270	370	0.10018116478756611
270	630	0.12603097497412877
270	906	0.12900573563040788
276	417	0.11448563140372989
279	321	0.11497667529271842
280	463	0.17439890528363314
281	701	0.11109616759246958
283	304	0.13643285668190352
283	310	0.1039936816633725
284	320	0.10503885604897271
286	963	0.14053881594104553
289	676	0.10742694812719453
289	803	0.11034009108512531
290	292	0.16333320687701097
294	961	0.16604997201159946
296	330	0.17548731644541
296	340	0.11932479947348179
297	892	0.15613273752989315
297	910	0.1136569412669647
298	982	0.11282934695166405
299	301	0.13041703313390776
299	949	0.15703985610888316
300	302	0.2119567659531346
301	949	0.11941333342902395
302	963	0.14771725692130142
305	637	0.10954119266977957
307	836	0.19573135941845687
308	320	0.11276823840573993
308	605	0.104512162749275
310	397	0.11838352273617152
313	487	0.1310861614589999
314	328	0.1533652187149109
314	729	0.10834462550615685
315	361	0.11367102204512469
319	398	0.1277965660266644
319	441	0.11973412216903481
319	972	0.15237018784512543
319	974	0.10303197654697574
319	980	0.12548022763928596
321	401	0.11151817647709465
322	324	0.1485054803728711
322	344	0.1139537739768867
323	364	0.10130771242262851
323	468	0.14868385510296206
323	775	0.11949371478671489
323	877	0.1274130337796504
327	755	0.12039670259509834
327	818	0.1309915828829216
327	830	0.1015528481365456
328	675	0.10131809382610613
329	338	0.12226106335457201
329	509	0.10729879270744769
336	743	0.13481687945575846
336	991	0.12734155571519215
338	861	0.11008091420649609
340	342	0.12664715736425863
342	520	0.1153050280761056
344	349	0.11027435434750651
348	535	0.10113370531818991
350	535	0.10615214822115747
350	833	0.11160882542557982
351	669	0.10368277390579549
353	497	0.21277323530761666
356	378	0.11468074907199702
356	535	0.14939210773282413
358	486	0.1032158444829069
359	573	0.10260058960268749
359	803	0.10965470816991119
361	465	0.1237812695050283
365	632	0.10562205409406714
369	458	0.10060535383650554
373	431	0.11216065154202133
373	846	0.10854831659047287
374	877	0.1075187017933717
375	453	0.11666211705910698
376	675	0.12736811471125
377	529	0.12088090320944943
378	535	0.1278723577077188
382	385	0.1561711570023772
384	390	0.10296036466835247
386	390	0.18014424636898432
386	392	0.2151178827595378
390	468	0.10764451829116366
391	393	0.19232457726819535
392	484	0.11939351596262901
394	430	0.15096747733363625
394	458	0.1343970945965242
396	466	0.10490233638020276
396	480	0.10580268439779673
396	598	0.11112897305267919
398	627	0.11201334056419672
400	647	0.10172526643042153
400	867	0.11537098495451838
401	853	0.1036155515838962
402	443	0.1494415437862919
402	465	0.1411550493907915
406	657	0.11069221909190514
408	410	0.3273596950178182
408	864	0.198829089536514
409	467	0.10219337723740846
412	418	0.13212216373016186
412	633	0.10163390167293174
412	839	0.10444197216844445
412	867	0.12890345824353913
413	653	0.12616554705826008
414	416	0.1020148471984852
421	635	0.10082150517425585
422	852	0.10192254671319909
423	726	0.10192516111412646
425	944	0.11695127189649443
426	428	0.17012433739024582
426	967	0.11824323086657917
430	458	0.1232752199471692
430	464	0.12292080271403957
431	593	0.10197041715797357
433	718	0.14664890511416828
434	998	0.1217644750439682
436	460	0.10610091871552615
436	465	0.10156107407497442
436	468	0.11460720718190275
437	439	0.17697156891444052
439	651	0.10419326573065447
441	974	0.11576399430329806
445	451	0.1296921582532525
445	791	0.10151186443990094
451	693	0.13144970644026882
453	486	0.14879080390110885
455	730	0.12108671817009733
457	992	0.11099008594922723
459	972	0.12122677743973423
459	996	0.11196763464671525
463	723	0.10222190332504792
463	995	0.10234757207444953
465	488	0.11572841574498986
465	571	0.10290743848719772
466	634	0.10680062185797369
466	848	0.13224580794233742
468	488	0.10699643909814927
470	761	0.12698895574456923
470	826	0.1241874460672185
470	949	0.10686601589791395
474	482	0.1347912189301435
476	478	0.1097018730667654
477	854	0.11171404905522682
481	673	0.10498864778008275
481	958	0.11836498272135666
487	966	0.1204917625113913
492	544	0.12104284577679213
494	512	0.11031453447825137
497	863	0.10268250037522347
501	617	0.1617178650852572
506	526	0.12242315813495061
514	518	0.16543692021628773
515	525	0.19027948605699138
518	520	0.1092370410936394
519	525	0.3222214596709142
520	524	0.1753781555164707
521	805	0.18380172354351493
523	962	0.21882065544127619
524	526	0.14589769315966697
526	538	0.12318477652468232
528	831	0.16051801926360562
532	674	0.12253817336172433
533	575	0.10825409552252632
533	865	0.2035215642187019
535	588	0.11757250906765876
537	904	0.1222784890453353
540	542	0.10254816968892307
551	583	0.18941169067674235
552	554	0.15325183421835217
552	560	0.1048809131921834
552	602	0.17149378460136563
553	555	0.20009624585609467
554	779	0.125424349012996
558	606	0.14761774491938445
559	561	0.20926044816294354
560	590	0.11691748437131137
560	606	0.11855664326747917
568	787	0.13416082756494155
569	673	0.12870619823305335
569	704	0.13817933480174166
570	577	0.26112344890456174
571	573	0.10589730678240322
571	575	0.10112236071608666
572	574	0.19301873078825718
573	575	0.11803754326352307
573	705	0.10535989166867905
577	704	0.14695411193717972
581	967	0.10031941837675953
584	586	0.15257945983789806
588	607	0.10185041124739391
589	698	0.1043325709278714
590	602	0.11940489790655823
594	812	0.10955188964545137
602	779	0.12897709297279678
604	610	0.1341353947891731
604	615	0.1578416793221506
604	787	0.10387454266984254
607	609	0.3079305011972754
616	618	0.22636119453736037
617	812	0.1646597540937817
620	626	0.1711679881575397
621	627	0.13167724108844006
624	626	0.16073066175795278
625	627	0.13429506426243382
627	858	0.11750693109339266
630	803	0.11299213461623658
632	642	0.15122804491109282
632	676	0.14072121370162996
632	763	0.12232080545596552
636	642	0.118125841650256
638	681	0.10480140087701802
638	713	0.13023832193858187
642	763	0.12122660469060503
646	648	0.17049106710446488
652	656	0.1403214661964198
653	918	0.11219042455357431
664	722	0.10957714480529755
669	733	0.13195014182488995
669	909	0.16708312859467525
672	917	0.10376467704048543
673	692	0.12033582125607324
673	958	0.10364697760131943
677	743	0.1408428906299239
681	998	0.10008337811711171
685	725	0.10694204366129614
685	995	0.1100587978019505
686	817	0.10413899868544528
688	704	0.15085539688298374
689	990	0.1018394436060059
693	866	0.12149106832146327
694	696	0.11785103861070599
694	704	0.10333426270898519
700	947	0.1068484215272376
704	783	0.1010911259575657
705	914	0.10702001154431194
711	889	0.11215279347530874
712	927	0.10704235877142142
714	716	0.11499254438689792
714	723	0.11542443958221649
714	741	0.1177495218876067
714	785	0.10044171575496426
722	740	0.11749458059142992
723	858	0.19032369422942397
729	961	0.1107466834017884
733	821	0.12682885085272746
733	909	0.1237009470636983
761	970	0.11084355954936774
762	917	0.13116278400570966
764	768	0.11718019319025284
782	809	0.10106779886589959
783	790	0.10277307681947943
790	792	0.18092840395323598
802	824	0.1333024955381695
806	929	0.10198819148994295
816	949	0.10261058718163457
818	820	0.1298838035142537
818	909	0.14023646628565542
828	834	0.10178368460533643
834	853	0.15196929655283278
842	874	0.1430295427881912
850	961	0.11164352663896915
855	956	0.10064820485277066
855	961	0.10978606865041943
858	862	0.12387412254724245
862	893	0.1040468135450682
865	866	0.19771309898300826
866	868	0.1663146151566612
873	875	0.12607410442002256
875	917	0.13424090147658455
877	881	0.11498071294212317
890	894	0.2055147544707951
892	894	0.13636243694930741
893	895	0.1603452885123864
893	930	0.11132001861178269
900	902	0.10545324161078987
900	904	0.1104790136169095
945	974	0.10097210699627641
956	978	0.12021560459171392
956	982	0.1262859768746902
958	976	0.10143118610913722
963	991	0.15710289960009685
966	982	0.11950434767089427
974	978	0.10996868067194511
974	980	0.10438060431389479
