0	2	0.1669142395270618
1	71	0.12112733331700502
1	521	0.1067692640408449
1	682	0.11210553866803256
2	39	0.1533407053613991
2	549	0.12237093025709875
3	377	0.10762010111778153
3	625	0.1293504999997986
4	48	0.1003586795496123
5	366	0.10037150141859612
5	401	0.14465578229369747
6	42	0.1269939002427676
7	71	0.14104590359000066
7	844	0.11596566239326273
10	427	0.1521831063201831
11	349	0.12476342402900147
13	38	0.10956081023947072
16	164	0.10986215562546776
16	945	0.12783042089992602
17	625	0.11733211199095406
18	56	0.11012531489452176
18	833	0.12421969867792046
21	526	0.11034641315572487
21	576	0.10224282984864881
27	319	0.10121951325097135
30	810	0.10144503204792568
31	369	0.1161111972785145
32	141	0.15580523879630606
34	38	0.14694512741312646
35	479	0.1659787514453878
35	903	0.10975864828370048
36	187	0.11146215033335687
36	223	0.10705672077445333
37	331	0.2341280538721342
40	607	0.10313646386186313
41	387	0.13001060412411258
42	439	0.11011021813313702
43	45	0.18171440909214306
43	123	0.11360298589949198
43	788	0.13467803552777363
44	217	0.11422018870378389
45	125	0.11339083340592826
45	788	0.12592204229279613
47	982	0.13316335892251566
48	101	0.10532382365858572
48	651	0.10045268972608233
49	904	0.11307760658427844
52	525	0.15025119902331086
55	801	0.10400111040713772
56	58	0.11865012797044794
56	219	0.10325465833044987
56	516	0.11501548572387256
56	519	0.10566404529222165
58	64	0.10456340045895203
59	799	0.10830553790330832
61	240	0.16956236344939138
61	296	0.11585367351301483
61	369	0.14887820629493792
61	374	0.10038027932811508
62	977	0.118101758603754
64	66	0.12133709836496231
65	213	0.14174147148542457
68	72	0.19018248889082132
72	549	0.12646042047094866
72	651	0.15101279472944848
73	146	0.10073064211486482
73	718	0.11884357320122084
74	110	0.10444553238571161
76	78	0.11484945447057864
76	262	0.10190541999275089
76	373	0.11288978238336528
78	80	0.37255087120116925
79	81	0.11191643631050885
79	83	0.19806433054820935
79	909	0.16028268620484667
80	575	0.10453699667121702
81	669	0.10537931777552563
81	810	0.14307842795726045
85	965	0.12563896828604879
88	90	0.19645042583846956
88	92	0.2708225743586538
88	94	0.2048410606404339
89	315	0.11867743942748542
89	416	0.24666308559422015
90	92	0.14511797185775638
90	96	0.20762082839105406
90	102	0.2223246777044428
90	104	0.230625143587334
90	108	0.1773612430589116
91	93	0.10993460984686347
91	599	0.12290506967913167
92	96	0.20987622563515843
93	979	0.1166077129993004
94	100	0.11753074475413855
95	739	0.12797924651446613
97	288	0.10251832775852421
98	102	0.2284870860318812
98	106	0.2770727664382593
98	108	0.3332232090939623
99	959	0.16129016792845188
100	102	0.18115992013125484
100	106	0.21915336961942575
100	223	0.10807927163068504
102	108	0.1518486464477261
103	532	0.1403581056032297
103	979	0.10929227856632635
105	604	0.11378601604974187
107	138	0.10028301219675015
107	579	0.10874352807721464
111	484	0.18133349023487005
111	951	0.10102003296374133
113	567	0.18970575629234035
115	967	0.15507928684337843
116	194	0.16162842597388086
117	267	0.10259719674215395
117	465	0.10627149632337231
117	703	0.10212938217622625
117	758	0.10651623229625559
117	836	0.10674559020054611
117	850	0.10045024362181193
117	970	0.11184885117211034
121	684	0.11923950766781083
121	728	0.1487689454807355
122	124	0.19703804813876916
123	712	0.10341935491837415
123	826	0.11126832476467147
125	245	0.10854890752367473
126	130	0.1646625924480313
126	143	0.10235804143518681
129	131	0.20483779617486686
130	140	0.10883692183875057
130	143	0.1114675861700488
130	196	0.14603902389502063
130	200	0.11110518321166439
131	629	0.12080453225013817
132	438	0.19286875782004165
132	792	0.11214333716337281
133	220	0.14570004067390308
134	222	0.12138849821997574
136	170	0.1029410843985832
138	140	0.14054143849356088
138	799	0.11007928679293177
138	864	0.10258323952348582
138	889	0.10311753930968218
139	198	0.10735827315347367
140	410	0.10955740554527985
140	655	0.10214262918284786
141	681	0.13601746540164578
142	793	0.11742005201633285
143	970	0.1010671917450903
145	972	0.15980692607568395
146	572	0.10693913829637909
148	783	0.10150014780007534
148	969	0.10988435660223494
148	989	0.11197175193432424
149	636	0.1548506428569406
151	398	0.1340199967491781
151	406	0.1564165375069762
151	839	0.10924929134384469
151	947	0.10329644646701869
152	546	0.11077021709158008
155	791	0.10190623155615676
161	621	0.11424176159114924
163	850	0.1169087613525952
164	166	0.1288281611720195
164	172	0.14630557354377025
164	233	0.1075486006851882
164	711	0.12703154263086444
165	291	0.10379298621440837
165	741	0.1280886015436805
166	176	0.10138503726324136
166	194	0.13130344800722948
166	198	0.11111756572710628
166	906	0.10553222616776785
167	789	0.10341191336179263
168	196	0.11150291090914508
168	198	0.12327762559566845
169	559	0.12044074552713635
169	791	0.11296120458203715
170	259	0.10879455852218815
172	233	0.10057353730297779
172	348	0.11382927521918329
173	466	0.13063883000402657
173	593	0.10138486878215203
174	176	0.11064512694847689
174	200	0.11279263171758074
174	909	0.1110051590096782
175	355	0.1516593659776216
175	762	0.10662282188601958
177	875	0.10309856411531415
177	901	0.10337761583351522
178	193	0.14025668538936914
182	184	0.11544645085609975
183	187	0.11426315357783418
183	329	0.12174263077733263
183	397	0.14247656290503324
183	497	0.11547594067297781
183	685	0.12999263894425542
184	789	0.14006677294975667
185	670	0.11027480811019452
186	198	0.13128906268924972
186	200	0.10785893281232233
188	202	0.1038057634134624
188	204	0.1846310573593388
188	771	0.1252819961240084
189	854	0.22404538628873297
189	880	0.17747192438319714
190	637	0.12145292277822838
191	193	0.1292379515646665
191	197	0.19499033765168153
193	197	0.13674498251441475
193	206	0.10431572740138235
194	198	0.1479686391952706
195	968	0.10736631085713308
195	972	0.10096790331045713
195	998	0.11580763230825873
196	198	0.1207971471101354
196	200	0.36084086871133114
197	799	0.11645967866159347
198	200	0.1325462481293058
198	736	0.1278159402852304
200	585	0.1152897184326791
201	802	0.11483772521510276
203	463	0.10719083805272386
203	711	0.10454087721345483
205	902	0.1779731849984149
206	536	0.10974494597342792
206	993	0.10641918670497172
210	481	0.10252407053822461
211	331	0.12481389184937801
211	479	0.1159818378267893
213	215	0.18275338107762018
219	864	0.1730248708010572
220	233	0.10002837269622514
224	338	0.14239489141278652
231	491	0.10018644738501685
232	949	0.15050102609709803
233	655	0.11268185825077448
234	248	0.10526727488507877
234	254	0.10048214701896367
235	891	0.22940238470954774
235	910	0.10308726292372744
238	336	0.1343554845636265
238	369	0.11033878274886114
239	663	0.114681895377242
240	244	0.12088749229693255
241	593	0.11188274731486694
241	646	0.10036725485411083
245	393	0.10242526385522528
247	328	0.11566856354901275
248	344	0.15767461560450113
248	369	0.14824044910077308
248	617	0.11459663479677668
253	257	0.10258438221221633
253	299	0.105107831510956
253	533	0.12338405476536686
256	258	0.23368532124131805
256	955	0.10234502617308713
257	773	0.19349869563938354
260	483	0.10642629598092834
261	298	0.10884435499874064
264	340	0.11506099192818164
264	649	0.10102397768288375
265	390	0.11494927648033298
266	283	0.10099714904641688
266	296	0.10020104014260009
266	877	0.1040881058169784
268	685	0.10928614664125656
272	947	0.11982860560171014
272	978	0.10351955424383878
273	982	0.10114290361026342
274	359	0.11796633251002205
275	279	0.10156899072640486
275	416	0.14187918996801915
275	442	0.1570537514478995
275	495	0.10220700372294815
280	463	0.220155021761715
280	633	0.10479113696177574
280	810	0.10185851261768418
282	288	0.1177260917402145
282	290	0.12401746751154838
282	432	0.10694155892384888
283	294	0.13026702965192638
283	296	0.1327491873287397
283	725	0.12088738546107672
284	296	0.10464198299179447
284	310	0.10731541554960974
284	338	0.10284334291445195
286	368	0.10158039225829701
286	397	0.1273655753308761
287	941	0.10873225059728636
288	530	0.11116974700174347
290	348	0.10373904125798875
290	351	0.11981508048270431
292	298	0.1094925729767753
292	314	0.121084224948134
294	721	0.13774266013479117
296	302	0.1258593996584634
296	330	0.15596008011721607
298	995	0.1258946140709192
299	788	0.10751136420191872
299	794	0.1333897926634323
299	830	0.10039364405859341
299	909	0.11929566864940934
300	302	0.18276022104552683
300	677	0.11334881032245712
300	719	0.10375811190830755
300	963	0.17351163119445442
301	812	0.1163937776813154
301	987	0.10319238410336039
302	330	0.13735221778691628
304	889	0.10762579913106826
306	326	0.1359133316970577
306	963	0.15444769054773005
311	893	0.11948647548863496
312	368	0.14451740554853837
312	729	0.10056907616743653
312	735	0.11508548615276762
312	991	0.10270955613149549
313	436	0.13296300824681845
314	490	0.11648453451359882
314	793	0.13965423571140112
315	361	0.10707147038331484
315	434	0.168074685099552
316	320	0.2109798082413835
316	729	0.10592279758695451
317	992	0.13061456050307624
318	385	0.10232065030765396
318	397	0.11706236832815106
319	457	0.10213928147891044
319	636	0.1288706193386333
319	992	0.10000054743308205
320	878	0.1359528486599419
321	572	0.1286683701309483
322	324	0.14568729703360583
325	602	0.10791731205810523
327	808	0.12907701865843532
328	329	0.15228322108198306
328	605	0.10238397555135385
331	479	0.10558570392103526
332	490	0.10471103250548076
333	455	0.1769353589036472
333	696	0.10376415489953249
333	744	0.15212481437121259
333	809	0.11393784568036018
334	345	0.14200899430618225
334	463	0.13785621133585702
334	858	0.12898615870379918
336	593	0.11409355970748593
340	342	0.15100880971477212
343	550	0.10145775294356173
343	945	0.10734220927141597
343	979	0.12273564976556087
345	385	0.11987180284534908
354	814	0.1019923031837758
358	360	0.10144513556343618
359	889	0.11714479089988696
360	364	0.11576506851950547
361	398	0.12812929950171303
361	422	0.10578531487793953
361	465	0.11688829505395089
361	488	0.11967139089452056
362	378	0.10487834248618658
364	373	0.10319401463065381
371	531	0.10016633240897312
371	575	0.10806908251900699
372	634	0.10478577940067042
372	672	0.13042315709539393
373	423	0.10878232139057983
373	529	0.10534786508364759
379	938	0.14719128922177688
381	879	0.10008855942287857
385	404	0.14487248151480134
387	509	0.10242779677998597
387	655	0.11028011026829695
387	698	0.11340331788005399
387	900	0.13566655785771564
388	392	0.26614477751620585
389	808	0.10332462643549138
389	945	0.1151493168693455
390	618	0.12191372478076874
391	567	0.1539892786491202
393	775	0.10271874822868393
397	995	0.1082691811262683
398	703	0.14051639291168538
398	776	0.13555227369550632
398	839	0.10836238657170226
400	443	0.11358765810635764
404	412	0.10965618894797219
404	647	0.12611920510457778
404	777	0.1018507414830274
404	871	0.1579341408211904
408	442	0.12307289205456429
408	495	0.11155024000466766
410	414	0.11198969034618236
412	452	0.12253285238120355
412	723	0.10040253709512403
412	884	0.1403522994379365
414	422	0.20728089530450539
414	739	0.10593631113456957
416	647	0.1270294356018584
419	904	0.12336259040207918
421	852	0.10255307912200765
422	495	0.12370510063441176
422	591	0.10238035645072671
422	690	0.11611794688104622
424	998	0.12240278334477796
429	800	0.10870083864725409
430	484	0.10321369772301857
431	879	0.10391588828645568
432	440	0.10243011481682703
433	593	0.15079945157046315
433	694	0.1014321490207835
433	947	0.11239854724979675
435	720	0.10926368351176068
436	732	0.10975389386881296
441	459	0.12791935444908353
443	603	0.11933684729987967
443	723	0.11223775330518573
444	450	0.24308711346555967
449	451	0.2139029398273641
456	679	0.10290932982448045
456	815	0.14247227981802835
456	946	0.1309012847269349
457	960	0.2647932146126173
457	968	0.10203078476754653
457	988	0.12805977706713612
459	972	0.11396114945677331
459	978	0.11971426638774768
460	679	0.10559021381581975
460	909	0.10762840384433213
461	648	0.10504640403020193
463	537	0.1131150928685115
465	474	0.12857133411491292
465	603	0.13584650059555922
465	957	0.10273046619430329
465	970	0.11326300859941626
468	488	0.12868463477749834
470	835	0.12522274477296239
474	655	0.10216191427812811
477	603	0.10476913593787313
478	484	0.13573650130403314
478	487	0.1016582918753803
481	982	0.11903557806838272
481	988	0.10546768736210764
481	992	0.10292532410798037
485	671	0.1088590702710928
487	557	0.1527636586341033
490	502	0.13294621053545203
496	755	0.15072411032301578
497	907	0.10869840159028375
505	963	0.10640198928944088
507	998	0.11893913231730296
508	831	0.10363143823905273
508	935	0.1064746509298833
508	979	0.15858718163233698
509	891	0.11385616940308785
514	593	0.12917031609966026
515	525	0.15534931889543746
515	672	0.11253630846353237
517	519	0.19096118582428476
517	525	0.15699002040582435
518	538	0.10518451522068335
519	525	0.17271421886294105
519	772	0.12028817144338173
523	945	0.16577364578808565
526	536	0.14767022703178698
534	878	0.10867272871716185
539	676	0.10668220799378
539	879	0.13356225358559304
540	925	0.10295007034845773
544	650	0.10463764913328476
547	867	0.10184141682839609
548	979	0.10909692899139269
551	583	0.21523271622147172
551	744	0.24918342591689993
552	586	0.14969956958556982
552	779	0.10041494521409416
554	586	0.1274495373244985
554	610	0.11385700557562865
559	561	0.11385014649483613
561	671	0.10164455902019318
568	578	0.14272148307337146
568	787	0.13893413337726646
570	572	0.15259009790549904
574	577	0.1600823979151924
574	871	0.1057352680808228
575	576	0.11668304989577924
575	705	0.18436746543584565
576	581	0.19532553411608805
578	704	0.11038225532912391
579	670	0.1090112411529031
581	908	0.12055608938680519
583	744	0.2255109372609695
586	604	0.10973728714156777
593	873	0.15896272412444945
603	657	0.1769234116880215
605	685	0.10886571975820802
613	799	0.14692184360452937
616	618	0.24543477385540133
617	793	0.10854979334490583
620	626	0.17254311582950557
621	627	0.1415323582020298
621	858	0.10158566960840677
621	988	0.14147788735855962
624	626	0.11550014476360812
625	974	0.1289738921104753
626	628	0.31603981767597367
630	906	0.1005371199007493
632	642	0.11071207413833865
632	982	0.11391378953111343
632	988	0.1153812112992041
633	867	0.11499485776523201
634	689	0.12068731933695649
637	987	0.1087911451332859
639	788	0.1309162999303265
640	675	0.11631550435057908
640	847	0.13037556722961915
644	650	0.10278903172339181
646	648	0.11941367636712737
646	851	0.11084554747464807
647	841	0.12062887564635048
649	696	0.12442526573927445
649	704	0.11413801055370101
650	668	0.14706432860048374
652	654	0.12894667739375126
654	656	0.14786434046864486
657	719	0.12517016010686585
657	797	0.11545098358096838
658	697	0.1382609422579773
658	792	0.11364665265459108
670	699	0.10101637756208766
671	788	0.11604573446862561
671	833	0.10340575500491278
673	962	0.11685360992661051
676	803	0.10464507011030007
677	994	0.105206085614235
684	686	0.10424030867774403
688	704	0.15238154197460274
693	792	0.17123646340667287
694	704	0.16916729717099416
698	716	0.11294826500296633
699	832	0.1708386943671418
701	911	0.10396913477038822
705	970	0.10920045543130652
711	909	0.1391234625860644
727	916	0.10294377448210928
728	730	0.14159396409307531
729	981	0.10666521112126195
732	736	0.10731411562577278
733	812	0.13029060456389574
733	815	0.10805801592805216
734	736	0.10988624505026422
741	962	0.12965104167999864
742	820	0.1195832549592442
749	798	0.10481958069484305
754	760	0.12485975986768431
755	821	0.1405842991646186
759	945	0.10004357414120978
764	768	0.10002541128527487
771	932	0.10844195284787425
783	865	0.10476468469338455
783	989	0.11904928314182897
787	799	0.10372060916192789
790	792	0.1947325622634546
790	812	0.1563132495532385
790	824	0.10011782645028461
792	809	0.13505116271068907
792	824	0.10715578631309237
804	819	0.20680856918873528
805	807	0.29180578217375663
812	818	0.11365999035455933
812	869	0.10851700943370299
812	949	0.15145270490334153
815	946	0.15231978261009918
816	818	0.1065247783806181
816	949	0.13630725724218967
819	905	0.10441499733664825
820	931	0.12711386303875033
823	853	0.10157834667569056
829	915	0.11571258081770056
842	872	0.10512033068540355
848	884	0.12867516958207734
850	882	0.11936600878182062
850	982	0.11723138467143028
854	880	0.1113030486316659
855	964	0.14277230954911574
855	968	0.13309452745664768
862	866	0.10124069585573905
862	937	0.1083331652337649
864	867	0.18367672140581526
864	889	0.10454680782362978
868	876	0.12591359609497593
873	875	0.2957726902888203
875	917	0.1054942405842047
891	893	0.15774039896704514
891	895	0.18046920212716078
892	894	0.2784390040274881
895	914	0.14198026491027013
896	920	0.10544866345734447
902	906	0.11214706711252936
904	926	0.10342264171748977
909	987	0.17786709225483685
916	932	0.10039651091317424
916	995	0.11455515030448189
941	951	0.12971125697993652
944	960	0.13687218784070565
956	972	0.14566943805076166
960	980	0.10445249165596057
960	988	0.1412042405787619
961	966	0.1426607353864177
976	988	0.11034261619292834
978	990	0.12186197779534237
980	984	0.2275566114542791
984	988	0.17087321227251545
984	996	0.10187434019158184
