2	4	0.15062494388212586
7	870	0.1264879859987806
13	957	0.1069995902276385
25	715	0.15792591108931253
29	170	0.12571444366835796
31	254	0.10880896478132666
35	37	0.14974559408733923
35	331	0.19694388369524649
43	45	0.10635252358122498
47	852	0.11688762101195078
61	244	0.11312047861436121
62	64	0.16270936936385014
68	72	0.2920620703054699
88	100	0.12996116296989
89	478	0.10199048308268172
90	94	0.14612073630244185
92	96	0.2088473536294571
94	108	0.15427428288208686
96	104	0.10159753622456352
96	108	0.1171847243344376
99	921	0.10705585158666803
102	108	0.16658915916349917
103	532	0.11899724137210231
104	106	0.26979042377490464
111	132	0.123788455763815
116	200	0.1006115000439456
123	127	0.1186263074846228
128	150	0.10197674389111008
132	436	0.21881431532685652
145	978	0.15608677361607734
176	193	0.10186424229848001
177	450	0.14014905621432894
178	193	0.12226959676560577
180	585	0.10373900398131612
186	194	0.11269848076170445
189	874	0.11397724463594587
194	196	0.22384015800233473
194	198	0.11644078386653534
196	200	0.1006567731836639
198	200	0.10479631166229816
198	374	0.11211181702887468
202	226	0.12578362093396134
206	799	0.1322179007140934
212	497	0.10752178006113802
231	233	0.1255142825912638
239	858	0.11229929174544356
240	242	0.19741118235473168
248	677	0.12673390466580808
250	535	0.11776680131948475
257	505	0.10835491470748113
286	302	0.11895539367541616
290	294	0.10979868703813939
300	310	0.1006165888280263
301	669	0.14047315101840133
305	645	0.11618145147882183
307	830	0.10287415003023828
313	487	0.12424827666829288
321	465	0.11931920355950341
323	344	0.15439777323012474
327	591	0.1025777980415239
340	342	0.19212004722927764
345	463	0.12303515982049912
358	471	0.1001125133881351
361	398	0.10246644465753227
388	390	0.1255008904486881
391	393	0.11996056672548092
398	438	0.109057190803658
401	834	0.1459117220950232
404	481	0.10017174390691713
408	867	0.15866798369180699
426	434	0.13123957651097296
434	436	0.1077965687277883
434	474	0.10567561968047212
436	440	0.10504138217810903
441	960	0.1163591142616372
444	446	0.15391491756477044
444	448	0.15936553193673192
444	450	0.1225775582779365
456	946	0.10340864458708174
477	844	0.10576507212913003
492	494	0.19193548784567024
509	922	0.12045793260337441
516	520	0.10260084159076961
519	807	0.16317540048710005
520	760	0.10023631816324653
533	868	0.12452098736067324
552	779	0.19870814882354115
553	555	0.1299974840631371
556	590	0.10507176912141075
560	602	0.1065522661892324
572	574	0.14066489838553992
572	577	0.11442144571972489
575	705	0.15126930399953792
583	744	0.1442763583191728
606	608	0.1006520350388506
606	668	0.11371610248886452
621	625	0.12880693259140677
650	652	0.13436840854639562
663	860	0.11236296057329256
669	812	0.18920433610683093
683	874	0.10025775091759423
685	995	0.1159728752856711
688	704	0.10098038007998679
726	728	0.10069179858956666
726	736	0.13200464684666577
740	836	0.10798655606915572
745	782	0.11303526674250218
754	756	0.10166484230905867
755	821	0.14323381215003061
760	762	0.12084951401214783
773	812	0.1256900410711341
790	792	0.15784438441484563
792	824	0.10961448720248458
840	843	0.11917273587828107
855	961	0.10344293059402669
887	942	0.10543200192611615
891	893	0.10938852552421047
950	952	0.10089195602364749
960	968	0.11043123963855597
968	976	0.12621820521273536
968	980	0.13867130849732848
