0	2	0.1684067481121245
0	4	0.1685599158485575
1	647	0.10831380337584764
4	70	0.10880121178248692
5	87	0.11995181161245198
5	359	0.13295149411036541
6	68	0.10214499321610129
12	86	0.10573028520683019
16	300	0.13282312479145442
16	302	0.10003193980322228
17	459	0.136790891106692
17	960	0.17127228180589357
17	970	0.10005510470796793
30	141	0.12714771897741262
35	331	0.12189509611705152
39	74	0.12058106208561992
43	301	0.10014489084952503
45	393	0.11524938583641844
49	155	0.11447852670654475
49	793	0.10466501084202467
51	237	0.11859081564876366
51	575	0.1174623946579106
52	525	0.14616431372994976
54	229	0.15484057382634261
54	672	0.1001991741906221
58	772	0.12139590261707095
59	69	0.10856310741505298
59	447	0.10676439523516884
61	238	0.1134401713816693
61	248	0.11288370291271037
61	323	0.11563651295785246
63	215	0.11121939473958432
68	70	0.21657972577364268
69	316	0.10293030913880143
69	414	0.10192224028744024
71	921	0.13769516400264956
73	156	0.11132342840993908
73	226	0.10226046751378019
74	76	0.10475697057595502
76	588	0.10794255301794702
78	80	0.19377721934367098
81	245	0.12239011236288072
81	481	0.10657496606103076
83	299	0.10696876388084513
83	826	0.1211778478829924
87	359	0.12067786521214147
88	90	0.13560504069556883
89	95	0.17948504705381038
89	416	0.17286467403093317
90	100	0.1307210734218923
90	102	0.17945858062376646
90	104	0.10043893281534297
92	94	0.15855969291033237
92	106	0.1602955880934543
94	98	0.1883226667546569
94	100	0.13469443993682448
94	104	0.11495348848252729
98	108	0.20502488898032906
99	959	0.17307467972571491
103	943	0.14339755618367336
105	119	0.12385030298299214
107	340	0.12387686187765311
111	132	0.127485942429197
111	438	0.10799642781387155
113	567	0.14470301353673465
118	122	0.12238037571043738
118	569	0.16064978223814003
119	608	0.10140667615566587
120	128	0.1876900150803753
123	828	0.10397354178690385
125	818	0.10313247851925773
125	821	0.10020709515589075
127	733	0.15375468449257218
128	491	0.1044736370186787
132	468	0.10177878985208602
138	140	0.21084331342123397
138	144	0.12083250501018958
142	667	0.12578103181067143
142	799	0.160340779097242
145	978	0.10821035121520575
145	982	0.10567752562388243
146	570	0.10558081592799103
150	302	0.11269830692477506
150	438	0.1650444270566102
153	497	0.1077645778600396
164	170	0.11578107560886138
176	197	0.1439711085140927
177	446	0.10251223226647953
180	196	0.1165507237038407
183	348	0.11108537651449471
184	321	0.12771059313987013
184	913	0.11355604501345755
190	192	0.19651806463683075
191	193	0.14472198151627985
191	197	0.24557529534122194
194	198	0.16015273993324008
194	204	0.10322196403879746
195	219	0.11749384929430885
195	481	0.12212750334225456
195	964	0.11146465338490047
198	228	0.13088985104976333
198	491	0.21024965294558529
203	535	0.10672032976928239
204	491	0.12663539462946052
205	557	0.10053687529677509
205	945	0.11940508106988001
213	215	0.1993220255125947
217	284	0.11171096711109375
217	395	0.10501558596053859
219	962	0.11976456237104771
220	655	0.10735055037518379
225	873	0.13342132757175199
228	491	0.22141211227213858
231	619	0.10447078335082333
234	236	0.14239523736617052
234	244	0.12852330585615906
236	240	0.24213816976410946
236	336	0.1111654682834504
236	991	0.1065052481196113
238	240	0.132289717928685
240	369	0.11014462606499154
242	244	0.14461305217724482
242	248	0.12132905545113455
245	461	0.11659793990617312
246	330	0.11638255649110943
250	268	0.13348586127360512
250	356	0.12638056985021187
253	404	0.1317586512363875
256	258	0.30065418530483395
259	961	0.10208334422342094
260	481	0.15555874674936845
262	266	0.14788939882025418
264	323	0.10343006848554258
265	414	0.10117103731403171
268	366	0.12737103392726176
269	595	0.11840159176898779
270	729	0.1472903123264019
270	900	0.11125789740123394
274	366	0.12694145472772214
275	422	0.10336851910137451
275	495	0.11395943214604733
279	507	0.1456578556736564
280	310	0.10756669047186433
280	322	0.10775798853779839
282	328	0.1116852846689195
283	290	0.13269756399927513
284	995	0.10226401981573768
287	377	0.11316444985345028
288	290	0.10500153916514654
288	294	0.11702477255808824
289	648	0.10585138819510276
295	540	0.10378479094253304
295	582	0.10796521856599298
296	991	0.11921952629848641
298	373	0.10324329511909672
299	808	0.12348859967936374
300	326	0.13606699600241154
300	463	0.12361018148365185
300	963	0.18226199632731374
300	991	0.13715751187985548
302	310	0.1385295650999876
309	891	0.10435456931704667
315	797	0.10337751729185782
319	441	0.2091176393622776
319	677	0.10836235425752935
319	960	0.14505339682176827
319	972	0.14241959785952682
319	992	0.10567240560493564
323	370	0.12004876576221186
323	677	0.12525959205378293
325	556	0.10647056680954244
325	779	0.10948095082074172
333	455	0.10276452350934172
335	644	0.10408818163154268
336	696	0.13220880682429467
338	861	0.10483438296393095
340	342	0.152872596773332
340	873	0.10274551797525001
342	963	0.10068034844667798
359	889	0.14534171653031566
359	963	0.10007441518511147
361	422	0.10074148553337658
361	495	0.12118060515074734
361	839	0.10588311662175388
362	675	0.11165582351162173
368	824	0.1009495721709707
373	877	0.10607277356587674
374	423	0.15418636901865135
381	548	0.10173452262730003
383	641	0.10447530943542607
388	390	0.11858543684360322
388	392	0.336751706367796
389	391	0.26010713043669265
389	393	0.12177889875219405
396	422	0.10068110011512252
398	438	0.11661971050322584
398	465	0.11870097226906168
398	478	0.10154032532531132
398	942	0.11452531048118976
402	422	0.1014740322238814
402	864	0.12111970998009497
402	867	0.12889425334529922
404	739	0.10360351689161752
404	871	0.17163444155043456
406	705	0.10106631674421966
408	867	0.20694396733563022
408	904	0.1115942211961427
414	416	0.11999759549632906
418	495	0.11890528035106164
420	763	0.11400786538110225
422	841	0.11574819625616992
425	948	0.1953998189061601
425	954	0.17188543120440058
425	996	0.10595894832677882
429	795	0.10107326423380932
431	937	0.10675658639735999
433	518	0.1583316014190432
433	718	0.14106681370086502
440	550	0.102838610833251
444	448	0.13322304211015856
456	815	0.14892165723051307
457	459	0.2143906768726005
464	657	0.12958765475615558
466	953	0.1319560988375651
469	518	0.10129530562289552
471	575	0.10397088010384786
473	513	0.10125959333545385
481	964	0.1368798697820445
495	850	0.10219676679114328
498	594	0.10256290410583116
501	617	0.11475666041690127
501	800	0.10262083259715514
502	927	0.2032320806749865
507	720	0.1029749200783526
514	516	0.10264012876288277
514	518	0.14248314140570884
515	521	0.12023537543017362
515	805	0.13241012854632445
515	841	0.10044936117653282
516	520	0.12658640533942223
518	524	0.11109241012316665
519	525	0.18906118408817302
520	873	0.11895767640597299
523	958	0.10853358463896325
524	526	0.15927052334716882
524	538	0.1002335361374041
551	583	0.2511723380019066
551	746	0.13053743203410512
558	592	0.10399921344284316
559	561	0.23612233684718867
561	899	0.16593833285368922
562	642	0.11643342168595455
563	591	0.1106945304482154
563	619	0.11350150299652562
568	787	0.11577794083798865
570	574	0.1982074832621912
571	575	0.18261436591972657
571	910	0.12539175994927618
572	588	0.10490816215917959
573	705	0.10464719866689949
575	739	0.10571613958240225
575	910	0.10048000456357717
575	961	0.1220668190475896
579	673	0.1017346063334317
590	592	0.128414039699392
593	873	0.20928611499319177
599	623	0.1081649111838154
603	864	0.10289737913234658
604	608	0.34830508216090067
606	610	0.15559458019006064
607	609	0.1409441009361962
613	704	0.12545947383574302
625	899	0.12175573781962397
626	668	0.10100792468277063
632	636	0.18118329791263113
636	763	0.1155500684118357
637	740	0.12289362991823825
639	788	0.13986134100235148
639	821	0.10375806708172211
640	982	0.10339729307397118
645	720	0.11042015758458745
650	652	0.13862472326219838
657	927	0.12316689622293321
668	674	0.12367578051408651
669	796	0.12000343661659948
669	812	0.15166531187274052
672	933	0.10014768556803837
673	962	0.10923596674239436
675	987	0.10484121699347687
681	990	0.11656855471650289
681	998	0.10133020207930528
683	731	0.13337762508739032
694	698	0.17012358884722079
695	999	0.10247162144778015
704	706	0.10014896874240548
710	742	0.10890174651461035
710	920	0.10785157636801973
711	912	0.11115150468417191
724	728	0.1034098712951697
756	760	0.1378297855565085
760	997	0.12480949753450375
783	921	0.12424640953052597
791	961	0.10029361607070772
804	806	0.16440969697312974
805	807	0.28096411487885836
805	841	0.11245580093394926
808	949	0.1234487983240679
812	949	0.13354400269502295
818	821	0.11192961726135749
818	949	0.11181302055587998
832	836	0.10729720226606802
834	853	0.11496701531758637
839	953	0.11789397592530529
842	874	0.15774709026202158
846	878	0.12065067053974358
862	967	0.11031332863632184
865	868	0.10205772794729726
873	875	0.11305676579070852
891	930	0.10198640129824954
891	941	0.1915112205485488
892	894	0.11949010510154089
900	904	0.10119347703813225
904	978	0.12150081328051618
909	945	0.13707595295641253
914	916	0.11793903050887622
961	964	0.10915229014224792
964	990	0.1395316007901313
972	982	0.11990142791654654
974	982	0.1360995371528484
980	984	0.18604612345792482
