5	274	0.11179391905764219
7	51	0.11427672465479355
7	981	0.1142023537523049
8	39	0.11317824234306159
21	189	0.15909051853618547
25	715	0.12080844435090529
27	968	0.12827933454395843
29	176	0.14195636522851968
31	332	0.12172329945493653
35	331	0.17615732770836537
37	479	0.10980244471166103
43	45	0.13738433927135496
43	788	0.14715540261353757
47	945	0.10083277391172514
54	517	0.20034348204170552
54	521	0.11655624831482823
57	295	0.10526309985351652
61	991	0.11734817306928892
63	65	0.10797750935917544
71	921	0.11768248228478986
75	637	0.10265171757253833
81	127	0.11466625652954922
81	793	0.10166624409710562
83	123	0.10648658567686187
88	90	0.12659435928297846
89	404	0.10603582468772395
89	414	0.1651747859635292
90	96	0.1458650799196524
90	106	0.20141662094258295
90	108	0.19943150566716988
96	98	0.20358900290885357
96	108	0.12949917887008258
98	100	0.1821137431372939
98	108	0.24388161124245503
100	108	0.2866805175001908
103	973	0.12927494991533967
104	106	0.23977382791179724
106	108	0.23611643888146439
113	803	0.10582518597446575
118	126	0.110278535400623
119	606	0.16443452716506696
120	667	0.11113440848048751
121	333	0.16263854297813057
126	143	0.11468586926700183
128	130	0.2112917843141072
132	151	0.14570175986518305
136	178	0.10963094733028074
138	667	0.11129254159398706
139	491	0.10503031822048792
142	222	0.11044514425409042
162	585	0.1128130927122917
164	945	0.1297100618020014
166	174	0.10001456379628135
166	220	0.12541109621328086
167	191	0.12260134152850885
172	176	0.10014926952548714
172	197	0.11352681173223388
172	799	0.11641520806879997
172	808	0.10219447886949518
180	191	0.11509159439095126
183	878	0.11120064205296419
184	546	0.10797589494801084
188	491	0.10410292568596188
193	197	0.14446156559061468
194	491	0.21295592190326956
196	198	0.21697944074404846
196	200	0.22301750767582415
199	611	0.10378341057831182
203	463	0.1466117511910904
203	858	0.1750303186340867
204	226	0.10601363900683915
205	410	0.11724049806778217
205	902	0.11079239344676922
207	830	0.104405447761856
214	653	0.10094045329849995
217	233	0.10436241104126019
222	224	0.2573815905264325
230	234	0.10959746607068513
240	374	0.10502260787251325
251	827	0.11591766550715457
264	282	0.1294472075056836
266	268	0.10209005873967254
269	595	0.10062961661176666
269	787	0.10094760290031779
278	868	0.10048661020261346
280	463	0.18229582960865542
283	292	0.12971599570149253
284	344	0.11410717567596004
290	292	0.17128288115557586
295	958	0.13364127755144392
296	310	0.11353501448422076
298	968	0.10283184062148444
299	617	0.16854003306510534
301	639	0.10492479337846884
301	987	0.12710312337797944
312	314	0.10785546801853738
312	368	0.12795636072737118
313	484	0.1637296378467799
315	434	0.1742933721585692
318	322	0.10948859340455952
325	592	0.1030092100817101
327	818	0.11146308186117687
333	583	0.10442707975910083
335	632	0.16671904445932836
335	652	0.12703778546190778
341	513	0.11426045261297124
353	380	0.10739976444270621
356	366	0.10201226732059385
368	468	0.13793056507980284
370	373	0.11465484013579101
388	392	0.2884063532289853
388	394	0.16239384899129228
389	745	0.11057401227017226
398	404	0.12477638395707502
398	647	0.10927081698197917
400	864	0.1208981264428445
401	502	0.11541228171748392
401	853	0.13045203405180347
402	410	0.11408299335195907
410	864	0.1392615834735799
412	723	0.11903439308506548
433	730	0.10729408885736658
441	457	0.1757049141111155
444	450	0.15749380565677013
448	450	0.14958394677021217
456	815	0.13934722372736613
457	990	0.11520091511453874
459	972	0.10205612312221114
459	996	0.1001743298483396
461	465	0.12425408885917419
462	464	0.11933641443639154
469	508	0.10952919790239922
470	826	0.10142824563326278
481	623	0.11077351493763124
481	945	0.11375452350936138
481	992	0.1042435893903423
501	617	0.1365802064064478
502	853	0.12385486895124884
506	538	0.10180870788390572
514	518	0.16396228195428764
515	519	0.25449542223787114
517	519	0.1932383576787365
519	807	0.12380882550540917
554	779	0.107805713115405
559	561	0.12877385252357526
563	619	0.13965356694912986
564	566	0.17719046446144843
568	787	0.1225552618241684
574	577	0.1634633154384364
575	705	0.15853350519299034
583	744	0.11354940224728467
584	586	0.13004433911545338
603	839	0.1181883662717763
604	908	0.14722973303896034
616	626	0.10423470315524344
621	625	0.11769950634413635
624	628	0.24007843817634555
625	627	0.21234614929166595
630	632	0.18189635435601267
683	874	0.11764215257400121
693	843	0.10448779316327922
693	865	0.1236195716672064
695	697	0.10651560881660944
760	997	0.1083855543559439
762	997	0.11470752335579225
771	930	0.10332599740431743
778	955	0.10666257067969566
781	924	0.12430303550619737
789	834	0.10405270970036033
791	793	0.11765936587383227
802	808	0.10445644544751874
812	814	0.15810367613375695
824	869	0.1271748109613788
826	949	0.11582439316239634
841	910	0.13194342857114005
855	972	0.114236084506708
865	868	0.11780973436265418
875	879	0.10323567264081414
885	923	0.1002809475705729
890	892	0.11078126118159348
895	910	0.11194550760920488
950	952	0.11789319620444813
961	990	0.10010348723440729
972	976	0.1034471941383305
982	992	0.1047367681196432
