0	8	0.10649367187437739
8	549	0.10533187517422994
29	176	0.1427209122622302
41	419	0.10729655535966229
43	45	0.10299350200051555
45	639	0.11817314632836054
62	634	0.11831090339183617
78	80	0.12333844624211805
79	83	0.13391344891145718
79	481	0.1173020196362698
88	100	0.12996902321739176
88	108	0.10716868747380404
90	106	0.17318800952503832
92	98	0.11052188120803913
94	96	0.11390342114232985
94	106	0.15328593074523958
94	108	0.24517707884127093
96	108	0.1309252384424074
103	343	0.10192927715475845
104	106	0.14672365876843813
111	438	0.14814486756933926
123	125	0.14737436855539737
125	127	0.10052760252171955
125	937	0.11646248568927645
129	131	0.10956081817449627
140	221	0.10462585505676522
146	793	0.11097460664361512
150	216	0.16571329270755136
161	625	0.11660798423413207
167	209	0.15017516171485965
174	178	0.11725098685784945
176	197	0.10736091820003081
178	197	0.12030925706891853
190	192	0.10267647013788753
195	761	0.11095543775622943
198	200	0.11975920480035258
205	406	0.10476139066651227
205	945	0.10055231368237222
206	497	0.11312789766704345
206	799	0.10110926007246791
217	395	0.10274695423282076
226	228	0.10560973422207763
254	266	0.1243219964389559
259	773	0.10324313651661061
265	361	0.11057182185764239
268	889	0.10612594115015374
275	657	0.16589739085862143
296	302	0.11099090476844868
296	330	0.12297368382919754
297	890	0.1340954558950441
297	894	0.12103754263869583
300	310	0.15332585842026317
301	812	0.14791234787417631
302	312	0.11274980671498147
302	397	0.13463778729182382
302	963	0.1699803393803752
307	836	0.10078520125652143
314	605	0.13445811835601112
315	414	0.11980393233868948
323	368	0.10682608799512609
333	809	0.1458399757311272
349	648	0.10007485410518453
389	393	0.10941732307155583
400	402	0.10612733989946388
400	603	0.10188308950753568
402	867	0.10015021902323111
418	443	0.10838844911146349
425	948	0.18605845657291092
430	487	0.13190354613424848
444	448	0.27814953896863986
445	447	0.17723512511076547
445	449	0.11286025727887394
451	460	0.12136185995102616
464	953	0.10975024855455669
510	538	0.10275942976856414
514	516	0.18956380636765857
517	521	0.1711323585634516
528	831	0.10368809873528538
536	538	0.11319801796049371
551	744	0.13853837197512991
572	577	0.11239206573165487
573	705	0.14843626531236206
574	577	0.1213252959042457
584	592	0.14146998053661045
599	617	0.1242282119985566
620	624	0.16080405261324723
620	628	0.1128495840264839
621	625	0.13481233847935842
623	627	0.10120425298426426
652	654	0.10544968703484467
655	751	0.10016970364273113
723	858	0.12976464836807036
724	726	0.11398674198420791
726	728	0.11203957763818727
730	732	0.1939374095005421
757	938	0.12661008328008763
773	812	0.11425601813175222
781	856	0.10424946260366659
802	869	0.12354240397444996
804	806	0.12745027918685872
812	814	0.10198764382198391
836	914	0.12256717402895997
842	854	0.1141406248974743
890	892	0.19914463596826865
891	895	0.2482905481510767
909	949	0.10388933115028301
978	984	0.10525885085789277
980	990	0.12781278245887856
