0	479	0.11111423854278159
0	691	0.12461378441272687
1	38	0.13744548761264153
1	264	0.1651126709886963
1	401	0.11550198853733283
2	4	0.1099685099461476
2	236	0.10129238263631057
4	70	0.14278872674945983
4	244	0.10162797417094319
5	274	0.23330687324198407
5	972	0.11424092925681942
7	247	0.14140459278376474
7	679	0.1293137137409163
8	48	0.1394364870065054
8	70	0.10496773551887849
9	742	0.1337653035264468
11	73	0.10260990066281406
11	848	0.11475612548331435
12	283	0.10922495230666147
13	54	0.2443613010095206
13	517	0.10905992161599536
13	797	0.1150822426404508
14	719	0.12105764059933342
17	168	0.10011908635834194
17	656	0.12634688536209723
17	978	0.11567392430577861
17	984	0.1413624495870072
18	96	0.13389799506204225
18	255	0.10096320827792618
20	95	0.10715460768257835
21	514	0.13087666834231398
21	516	0.10219511796834974
22	935	0.11040483908898353
23	659	0.10224339329541945
27	998	0.10026197658255745
28	439	0.11472472358329658
29	233	0.1254150737111994
30	36	0.10550847137750756
31	650	0.11524713682694361
31	877	0.12899010226192023
32	861	0.10243348947080724
34	38	0.1845571796179149
34	575	0.10195227209846998
37	384	0.10007124416781735
39	651	0.17484648818212747
41	199	0.1594282244889148
41	904	0.16482245919957902
42	44	0.12999588880006965
42	48	0.15349779034754513
43	45	0.12087258323351138
43	125	0.10088804906734307
43	639	0.19018447377488912
44	549	0.11163084389857225
45	327	0.12560228640510532
45	393	0.10364952286582298
45	639	0.12969365563118032
45	792	0.12381118946533146
45	794	0.15969430350398872
46	90	0.10946393315294249
47	575	0.12500971789462398
47	902	0.12640928249142883
47	961	0.10515010315336745
48	437	0.12641627250883913
48	549	0.14748196818321416
49	155	0.10047207620582828
51	304	0.11472814499604135
51	981	0.1104978161191747
52	56	0.17648945699686025
54	517	0.16777050542720578
54	519	0.10440898446144503
55	535	0.10545116616295934
58	339	0.1076203817983252
58	861	0.11028946545056968
58	998	0.10187821477936758
60	515	0.13907956751280323
62	339	0.10759576839851516
62	359	0.1123626492232015
62	630	0.1050192928933972
66	258	0.10466828101098506
68	70	0.13431162304529773
68	651	0.10731762499832641
69	501	0.16275117926607197
69	563	0.21318427409212845
69	619	0.1561161795002377
71	595	0.11043087227284375
73	226	0.10511260602143965
74	84	0.11866827123585863
74	536	0.1012321590002628
76	80	0.11141010525434612
76	86	0.11450171689132951
76	810	0.12570593905232885
77	900	0.11422731082841271
77	902	0.11840699843683508
78	836	0.13015304089929852
79	83	0.11939510300408095
79	481	0.12317673516427784
79	669	0.1332138691143001
79	808	0.12265261461830818
81	83	0.30506959280224427
81	299	0.12081669237366763
81	820	0.11239117575420819
81	909	0.1361206983015952
81	988	0.10272568699690421
83	301	0.13680782516189988
83	617	0.12298976890892627
83	657	0.10412975458158966
83	793	0.14091413818082474
83	824	0.11911137053604588
83	836	0.11771189078772912
84	483	0.113595333585611
84	670	0.1351098273190725
88	92	0.3627999966572522
88	102	0.10776002557338436
89	275	0.12245354923973728
89	408	0.11188015776147477
89	414	0.19277196690873025
89	430	0.1060002416294658
89	450	0.11836316577752244
89	478	0.1647042321025859
89	495	0.10855691582247592
90	94	0.36633957455366967
90	104	0.2095605668035925
91	790	0.12318083505170825
91	847	0.11431060172754177
92	100	0.2056754492216986
92	108	0.2271336299591713
93	307	0.15552884489296653
93	553	0.1258958253315033
93	617	0.1244459762991558
93	794	0.11442866991457762
93	809	0.10165819392335876
95	601	0.10207290174021945
95	937	0.1411771247851216
96	100	0.21445427618564464
96	108	0.18732798211278123
98	104	0.28296670724596507
98	106	0.2970544608573726
98	766	0.11217182005207849
98	934	0.10399003026094639
99	237	0.19944862216802306
99	269	0.1350216220677817
99	271	0.12759536813861436
99	595	0.1943218151296177
100	102	0.2071928889201933
100	104	0.18782162522124843
102	106	0.10912031181941977
102	108	0.12743608558523395
103	973	0.1697385101551948
104	108	0.2218271563663654
104	766	0.11214353471751305
105	604	0.139839530619976
105	812	0.1039910678358487
106	108	0.2234627062182276
110	593	0.12690990812496689
111	440	0.10398875959091411
112	200	0.12459492006800743
114	158	0.1220256813422339
115	690	0.12824461548296193
116	168	0.17474532486680328
117	945	0.11896277521700581
118	350	0.10494909615520027
119	303	0.10005422309389628
119	606	0.17112358163840252
119	650	0.11960383461387401
119	668	0.1448178940559248
120	667	0.11897809520405725
121	335	0.1268149397783141
123	125	0.1656347021594572
123	738	0.13664596904573845
123	936	0.11595299247053222
124	218	0.1243549345038462
125	279	0.13106913484488367
125	299	0.16539352895000903
125	659	0.1114309466604522
126	353	0.12693745319566227
126	381	0.11046791489343895
127	245	0.14149138296790964
127	327	0.12668954849286795
127	639	0.12205162846299192
127	949	0.11311560253919128
128	130	0.10999374342390425
128	653	0.1414570625000409
130	168	0.20852633429517312
131	640	0.1014587769744488
132	386	0.11450471421389352
133	525	0.10955599783787831
134	193	0.17079622568300587
134	299	0.10036787934666663
134	404	0.11605204756299921
135	575	0.10803691361786451
140	204	0.11713863617206045
141	229	0.1273860301052076
141	563	0.10708589737483441
145	640	0.10703394913937857
145	978	0.16274999718981129
146	168	0.12440275892804219
146	170	0.10860956905770612
147	806	0.14295789697127642
147	959	0.11944839995601149
148	792	0.11364416485914247
150	569	0.10507308412334909
150	871	0.1011771913146433
151	468	0.11214763910555008
152	607	0.10337560077434713
152	822	0.12533038524351495
153	159	0.19034394486357012
153	646	0.10399405976238973
153	711	0.12646837481285172
154	902	0.10724081734938551
155	866	0.123254863852072
156	203	0.10688092460308525
156	711	0.1323889607497964
158	725	0.10407670220242612
159	210	0.11931765149514012
159	531	0.16110374950529927
163	452	0.1363543282668424
163	935	0.23363731338637175
166	174	0.12361644019726645
166	951	0.10293670317535517
167	218	0.10211296891412167
167	929	0.15207803693239744
168	216	0.11041286316864375
169	257	0.14350770673771163
169	537	0.10270798701967757
169	597	0.1435057839713763
169	976	0.11219218513223818
170	174	0.10823733873547099
170	176	0.11057341263106929
170	178	0.10051635504627658
170	198	0.10773023314204488
170	216	0.10664574519259416
170	468	0.1002426430417726
170	666	0.10198417533033441
172	222	0.12455583563486386
173	470	0.10198101316885663
173	933	0.12377292882679809
174	373	0.11083283369456567
176	193	0.216756219050692
176	231	0.10667453688496922
176	299	0.14084656689559918
176	711	0.10034287181206314
178	193	0.3890736248864095
178	481	0.1470916462884617
181	195	0.1588558453404107
181	219	0.1131279678846565
182	231	0.11049344570258049
183	685	0.110245502653927
183	995	0.1698935464512799
184	705	0.10245837961263729
184	834	0.20957883908441943
186	194	0.11608859589288648
186	202	0.11018343009343966
187	358	0.12531503400087293
188	200	0.10866902006672702
188	873	0.10569045100390466
189	296	0.15611950712335243
191	197	0.20776108443723612
192	637	0.1341461579049661
193	299	0.1319711674252298
193	353	0.10790159312037732
193	969	0.11805465288319866
194	491	0.4483919848647861
196	228	0.1286740394345514
197	363	0.11319372292594271
197	648	0.11553298119990163
198	200	0.14474229994848972
199	902	0.1100995116037801
199	904	0.11317145681885446
199	943	0.1430463328639937
200	228	0.13162591576098842
203	284	0.17699962236613118
203	290	0.10230992778779165
203	334	0.20903355639444357
203	463	0.24120657852987182
205	941	0.11456358291865468
206	667	0.14574431434213003
207	429	0.15423602942540152
207	434	0.13115885176998046
209	885	0.10874600419573446
212	214	0.1358577326164609
214	389	0.1431405004416603
216	604	0.1083666819426173
219	559	0.10262035290932624
221	881	0.1126353641138726
222	799	0.17454575316502252
223	225	0.16524130641331275
224	989	0.100455577437985
225	873	0.12082811242877678
225	875	0.16197163250930816
227	563	0.11267900932108917
227	619	0.15277749202715524
228	395	0.10852737445893562
229	772	0.15552957804715895
229	957	0.11155453223514772
230	232	0.11722634967040153
232	719	0.15760267703671055
233	360	0.1228284325838913
233	595	0.10405093175774573
234	250	0.11265127702720637
235	398	0.11195788537514334
235	705	0.142473429254905
235	895	0.13433346149132527
235	936	0.10476922225988113
236	323	0.1026510049443631
237	269	0.1309985097568725
237	595	0.19003261133765584
237	921	0.16684694942656375
239	865	0.10897033995746153
239	884	0.10358772665354914
240	423	0.11313339655353953
241	589	0.10552704438432467
241	630	0.1286168520340217
241	775	0.12799068425314566
241	893	0.10072328313395293
242	254	0.11057556483980793
242	374	0.10970253700823424
242	991	0.14191844468242468
244	246	0.17521725366822544
245	501	0.17234180472968458
245	733	0.11592200626999226
246	423	0.12174413395756851
246	991	0.11317693686586149
247	249	0.10695085418056481
248	252	0.12031234927094586
249	863	0.10227005698608119
249	993	0.10617110000941105
250	344	0.1068412245227978
250	605	0.11059128656822984
251	571	0.10131262841712803
252	334	0.10434014872968986
252	433	0.13790177335957268
252	716	0.1546116701432329
253	257	0.10721349721286423
253	258	0.11610350034964065
254	268	0.12621582782264051
254	991	0.10637317938271443
255	772	0.12742433827691596
255	805	0.10237387909886599
257	259	0.10977958179383376
257	282	0.10146098294799488
257	326	0.10984183658631369
257	712	0.13243720918922594
257	716	0.10476400740243935
257	723	0.11971392358321496
261	360	0.1407747580991167
261	588	0.10453126969245612
261	675	0.10131466912483604
262	323	0.1476442810684043
262	649	0.1126006263268486
264	310	0.14537650332481608
264	875	0.10407609038805143
264	963	0.10193522557302791
265	398	0.1103507348734233
265	430	0.14324221418178917
265	688	0.10734855210654112
266	340	0.10007649617563259
268	312	0.1066717837563446
268	356	0.13215545369593193
268	991	0.1334821123106512
269	353	0.1431312340676335
269	595	0.23668756252999035
269	921	0.12344782002604192
270	594	0.10752877843170934
270	864	0.12814007524806215
270	906	0.10756177947354714
271	581	0.11443826994372254
271	595	0.1494022386435891
272	729	0.12996054548143554
274	314	0.1559497186033569
274	421	0.10113522385469688
275	359	0.10536398218826909
275	414	0.1362904569884511
275	416	0.12509792907171485
276	352	0.12076404709554771
278	436	0.10749876511530662
279	507	0.1926066348520756
280	292	0.12997740067999716
280	326	0.11801775948789568
282	317	0.10587159980406428
282	326	0.16778212738053264
282	398	0.11316399727745124
282	495	0.12410298778327938
283	889	0.13104747247717535
284	286	0.1102810106857702
284	298	0.10962906262051281
284	306	0.1336883975637534
284	310	0.10468849727310796
284	318	0.12331342034421862
286	306	0.10106276542127851
286	368	0.11994347942371393
286	652	0.11931589656737353
286	877	0.10962411329730798
288	727	0.13206755029326436
289	656	0.11006263088867739
290	336	0.11537780051762118
292	316	0.11886672691576138
293	337	0.10909263470563747
294	463	0.13825258363783738
294	895	0.10111876864324172
296	302	0.1385272059980153
296	326	0.11175258274177796
296	340	0.14906219702192705
296	423	0.1105140923037956
298	633	0.12776275048887784
298	942	0.13320869311666925
299	373	0.11788592372934084
299	675	0.1483000036003007
299	820	0.1303552122676168
299	982	0.10209396241983262
300	306	0.1767922613079841
300	312	0.19730738880425225
300	963	0.2774352905234016
300	991	0.12029781059196941
301	669	0.10574154247914808
301	812	0.14967253304693234
301	836	0.10210187138213975
302	336	0.11606100756379345
302	463	0.12519173663161343
303	919	0.10091731803674292
304	725	0.10700979873119984
305	998	0.10131560049293399
306	312	0.1513988645797723
306	487	0.10459549969522236
307	309	0.1279419122715343
307	794	0.10622632233982576
308	322	0.12986850345205736
309	414	0.11591368532141158
309	681	0.10215956390560785
309	865	0.11457963451739597
309	866	0.1063726549807157
311	562	0.20726796647653312
311	891	0.15108073287856547
312	323	0.12608221614569332
313	436	0.10654686088062278
314	328	0.10239291340852096
314	605	0.1300918305167113
315	440	0.11673414282957305
316	530	0.10816338587587959
316	991	0.1481703590202584
319	956	0.14107846979341837
319	968	0.1759338475595926
319	992	0.11152636190949243
320	685	0.13314468702074517
321	853	0.16772838046246982
321	927	0.10110481427539345
323	373	0.1013564446619975
326	719	0.11012783608574489
327	501	0.10455442730615888
327	759	0.12974673403804626
327	812	0.10679642655400266
328	397	0.13649144477327113
328	735	0.1021042439613122
328	995	0.14177314394110593
329	348	0.1325170189964864
333	809	0.10381829628361326
334	463	0.12479098389273857
334	781	0.10319970720903696
335	972	0.16053834216588572
336	510	0.1028746814812592
336	677	0.17209749340659503
336	743	0.11898757903244256
338	344	0.13272226781875116
340	879	0.12441145324927606
341	350	0.10694040434039458
343	481	0.10365885200412919
344	677	0.11432935964455887
345	995	0.12855793098045531
348	423	0.12322596055001735
348	816	0.10016252460019365
350	535	0.11402838272800031
350	740	0.10822804799103279
351	608	0.12975062794734762
353	711	0.10481354062689423
353	907	0.10480512648124204
354	358	0.16000778575172642
355	820	0.11658690715291263
356	664	0.1026245199179668
359	385	0.1092117603414241
359	852	0.1241897581043281
360	423	0.12313495481623012
360	675	0.1006018519975462
361	410	0.10390950919166521
361	431	0.10442157123979807
363	587	0.1049163864673462
363	953	0.1154540510918286
366	596	0.1110168866361847
367	477	0.10845820289469309
367	849	0.1477178541595091
370	685	0.12510376063516476
373	588	0.12199325942296431
373	675	0.3758491108508838
374	378	0.10171753789210493
379	627	0.12412941027533664
380	653	0.16769903092872543
383	898	0.11148304036966411
384	388	0.12633369073797993
386	388	0.13480056434396284
387	893	0.10193294645262643
387	900	0.21676834665776132
388	390	0.23579313872965846
388	392	0.1832200932371742
388	394	0.12618213451327606
390	420	0.12023076292291784
391	949	0.11305786782448335
391	987	0.11014342771972631
392	616	0.1019202576473372
393	429	0.1265792541967472
395	447	0.10758428959003534
396	410	0.11144151783302925
396	422	0.10298353667794034
397	995	0.2254923897354215
398	862	0.10021747919859093
398	942	0.12264524789803118
400	572	0.11065496213841376
400	638	0.11073378975188243
400	684	0.10626510094360658
401	535	0.11812174657881118
402	465	0.10839945463370516
402	611	0.12197411458465832
404	428	0.11339943770731624
404	436	0.10002869483478602
404	483	0.12305558721948716
404	992	0.10868217210644893
406	416	0.11675520279246307
408	478	0.1104861739273634
408	739	0.10280898887692091
408	803	0.10594728965182917
408	867	0.13177740517961034
409	778	0.10668705866928745
410	537	0.12038313007677089
410	723	0.1401361626509848
410	839	0.11847327923591525
411	992	0.11301364097954936
412	647	0.11985946162820704
413	456	0.10468184483414612
414	839	0.12260056210660612
419	978	0.10726632134857096
422	657	0.11143260537966435
422	848	0.11309392825425181
423	463	0.11624765522870069
425	988	0.11347048360040493
430	436	0.13140675843402694
432	562	0.12345496804149546
433	704	0.1755689313742226
433	716	0.1420165675638289
434	487	0.12370608037732632
436	438	0.20508408141426798
436	442	0.12435990884932216
438	442	0.10238428912533015
438	843	0.10815241021465723
438	865	0.10382487577743918
440	487	0.11095842107573946
441	457	0.11736239047793684
441	855	0.10564093166204366
441	956	0.1526384696104891
441	960	0.10506245511296201
441	984	0.16430768794911998
443	853	0.11157025520016046
444	446	0.19671622972553937
444	448	0.2894382406984185
445	573	0.10709627010266241
448	547	0.10283179446782222
449	972	0.1196390650043187
451	693	0.10616171846411548
452	562	0.10869430669548598
455	730	0.1274753192323729
455	736	0.14056420115779264
455	746	0.10530445269696238
456	815	0.30725643842188793
457	960	0.12217631350509185
458	524	0.10707897822412837
458	815	0.1278856323897685
459	842	0.11176550205935606
460	603	0.10784636457456852
463	496	0.10753646451435035
463	647	0.11970736140060709
464	874	0.1070291694672569
465	540	0.1122668324141086
465	647	0.14060379348633184
465	810	0.10938168593710955
468	599	0.12997549815946846
468	666	0.12945063815825195
470	603	0.10296034304039331
470	637	0.11646410315457739
470	645	0.10136030773635951
470	953	0.1041085852750228
471	521	0.10728241849913495
471	784	0.10211024468074174
471	852	0.10164494146707911
472	875	0.11100861905589257
474	751	0.12101221069045189
474	841	0.11891773828802968
474	902	0.10776296910286055
474	951	0.1142367878614944
477	844	0.15056490601285996
477	850	0.1011334660485124
478	563	0.10142421624044642
481	899	0.1459956317805373
483	670	0.12758373058161765
487	883	0.10419820526168536
487	927	0.12074656105719979
492	494	0.29715192116498035
493	607	0.10181231911719192
493	820	0.10047479857027034
495	575	0.12913589130428205
495	723	0.10220371923964654
495	739	0.11733151325865393
503	541	0.11537656077301789
503	793	0.1272299811513456
503	922	0.12570855918175936
503	926	0.15724343388696962
506	508	0.13954348922892976
506	512	0.11090127390642247
506	734	0.14531781528202012
514	516	0.4564558548597637
514	526	0.16382618476552321
515	921	0.12582187068517098
517	519	0.1514500686564816
517	525	0.1281663284688877
517	807	0.10962227155378214
517	841	0.16100607043700746
518	710	0.13750231266203708
519	521	0.149315204949988
520	760	0.13084649924929118
521	883	0.11260481204166264
521	924	0.1043609335189843
523	962	0.1421554069115766
525	985	0.10386338774541368
527	881	0.11937785192866611
528	660	0.10388639290372759
530	652	0.11274339833159991
530	832	0.10433994209062411
532	973	0.12218269975134781
537	926	0.11715645978750702
537	968	0.12828109290265224
537	972	0.10241642434641252
539	609	0.10451094406385654
539	939	0.12043426973066101
541	793	0.1068205565420427
549	651	0.12367151407560985
552	554	0.12054206881389948
553	555	0.10134355184515884
555	830	0.100450406256934
556	560	0.24572712131265861
556	592	0.10494093787419365
556	842	0.11942981696536538
558	560	0.18535456149102203
558	590	0.1125414233921954
558	882	0.10635538936020361
559	561	0.25869052500831663
559	635	0.10092171007314163
560	610	0.12370661933567169
561	945	0.11630621989776095
563	591	0.12182888450822038
563	619	0.14619365492140426
565	567	0.10855220327010257
568	574	0.11683798733462887
570	589	0.11080931438705754
570	751	0.13454658017442245
571	739	0.10015692724768649
571	796	0.12960290398881846
571	856	0.14633698039507342
572	574	0.18272148592158668
572	787	0.13392626329810392
572	979	0.10021060024488292
573	581	0.10305574110032438
573	639	0.10366964316257271
573	796	0.14420665118091255
575	992	0.1005973153842843
578	787	0.15365906997022205
579	653	0.1021166807555368
581	595	0.11213142457568384
585	587	0.10349424223767839
585	939	0.12767352244037555
586	608	0.10121950376586412
588	675	0.13335606314723983
592	732	0.1159642146161257
593	619	0.10240019194485833
593	875	0.3381179449569409
595	959	0.19421976116823367
598	646	0.19999683105247096
599	836	0.1254855414026408
603	711	0.11821685920822975
605	675	0.10100092975008763
608	610	0.2751755009854565
608	699	0.13587362457166086
609	957	0.10713977321407124
611	902	0.1325532427517646
617	777	0.10467337354927778
619	720	0.1441018407212049
620	763	0.10658399603043213
621	623	0.19439936543719882
621	681	0.13970253187330595
621	970	0.1284995990686967
623	635	0.10869333617562098
623	992	0.10106673578284568
624	644	0.11389224373232892
624	763	0.12037330057384898
625	974	0.14364414433211745
629	953	0.1043235997973002
632	634	0.1133458343735195
632	763	0.1012888852300044
633	867	0.10420278263800525
635	664	0.120160525748128
636	855	0.1085321405121029
637	893	0.10198275385597684
639	812	0.1195750018712711
640	847	0.1149211863479799
644	763	0.12575903048671663
649	724	0.11307379184572754
649	726	0.10904974684012793
650	654	0.11355248352832804
650	656	0.10414995611611408
651	825	0.11451105941045389
655	751	0.10125408404426985
662	664	0.12174338169899743
663	731	0.11236783592572847
663	924	0.10751535236440557
666	811	0.12178410177362788
668	670	0.10081385559948967
669	733	0.1104584408448717
669	792	0.11850493732738113
669	808	0.13915646297240633
669	818	0.1222012171420352
670	674	0.11580537167339845
670	699	0.10217082209643828
671	998	0.1510156856630499
672	731	0.10616680955225792
683	842	0.15341997448680783
683	882	0.12168824990591516
684	732	0.11965934888498608
685	938	0.12590110056914203
688	908	0.10558680178540047
689	895	0.10330575816048616
692	696	0.11111252164300217
693	843	0.10059610799326985
696	698	0.11233060223855396
706	726	0.12829259571496943
707	836	0.10370919643155196
712	714	0.11735952300381648
712	810	0.10480557808998948
714	718	0.12236759860692181
718	724	0.15921447367429492
722	822	0.13120699119123252
723	974	0.11026490275544486
729	791	0.10135636300374466
733	812	0.10877666274207823
733	949	0.1021582425045123
734	797	0.10476999745273292
741	961	0.14194360434227637
744	746	0.16217721867209056
745	780	0.11357881509026246
745	869	0.11931549433851094
749	755	0.12364811806767875
749	798	0.1134999747313656
755	785	0.13247792306938524
755	812	0.10555998534749662
756	917	0.10037692624721366
757	861	0.1099599602165727
760	762	0.1141719020661051
760	770	0.12787677126863417
760	917	0.12610842126139427
761	970	0.10255992849599124
765	786	0.10710284999201783
767	810	0.1281188812409755
772	805	0.10481527911234495
781	858	0.14140248753273918
783	868	0.12221047749177553
784	992	0.11920140501324254
786	816	0.15319002201638376
787	799	0.1181773339164627
788	916	0.10838079773003684
790	792	0.2814687449175563
791	793	0.2747457507030172
792	794	0.12369828748784244
802	824	0.1614222163039253
802	987	0.1241437430293968
810	816	0.10450444121765579
814	816	0.10069991306377443
815	838	0.10024132633890953
816	818	0.10246414098928446
820	909	0.14542136143166465
820	931	0.10633132810744286
824	987	0.10095464610514397
830	834	0.10509563160156682
840	842	0.21011706255860646
841	850	0.10339107740647341
843	856	0.10345302383254829
843	862	0.1649037333886871
843	868	0.13384994920668933
843	874	0.134140655877355
847	871	0.1249338919847686
850	855	0.1442198816264108
850	961	0.1351672575428482
852	856	0.10035146282119722
853	927	0.1012663514918394
854	882	0.11451270584371123
855	917	0.10235135412029826
855	966	0.13812541390796362
855	976	0.12522330581326044
856	858	0.19062674745262834
856	860	0.10339821118092787
856	865	0.1286136363569701
856	868	0.10976757224565768
862	935	0.10607845463043511
863	998	0.10474043768746356
864	867	0.18846221523339263
865	866	0.23397853584259037
865	868	0.19130246563658998
865	919	0.10633014890483238
866	868	0.12124997185648083
869	949	0.14529973955522624
874	993	0.16252281690572146
875	879	0.14423686348250156
881	984	0.12939220262118453
887	942	0.12676660215051863
890	892	0.177037101794551
891	895	0.10811565959706945
891	910	0.14207401629237734
891	916	0.1046068111266878
891	941	0.11403482113590446
892	894	0.1861261562107794
896	932	0.1132372969661421
897	964	0.1037331161596205
926	940	0.1044352340523265
931	981	0.10322193123439367
934	936	0.21277605904147937
944	954	0.1082101895623854
945	961	0.10624930716523964
946	966	0.1508361662679062
950	952	0.2035190632399447
954	980	0.10482911561369489
956	994	0.17424641988419465
956	996	0.17626005140234477
958	961	0.11093877938093258
961	974	0.11348340145810758
962	970	0.10034558006297058
962	976	0.10138452352748484
963	991	0.24229814218019818
968	972	0.16134556646704765
968	976	0.11697900865883888
972	974	0.1402261299665766
976	982	0.17042008493887384
978	980	0.11223752822776244
978	982	0.12240268712358385
978	988	0.1119523841821577
993	998	0.11676652296176779
