10	255	0.10377114017716449
28	56	0.10886653187034168
54	229	0.13583218410224931
65	213	0.11633306010258194
66	68	0.14587667063118015
71	595	0.10098630950451905
73	168	0.10440000695237478
77	902	0.11262701280214406
78	82	0.17442898842133434
79	127	0.10510745658534909
80	82	0.13839747412781922
81	123	0.10611362482179386
83	788	0.11028243567748687
88	94	0.2300834323167666
89	95	0.11477526266826328
90	104	0.30482883069171224
90	106	0.1875746125631583
92	98	0.13462598582275018
92	104	0.10089489155282713
92	108	0.10625714513768654
100	102	0.13563791871016942
102	106	0.2282996715054272
105	606	0.10907835595520211
105	791	0.10310119854620346
107	666	0.12568658351140377
118	569	0.10061392533884861
119	606	0.12100708049570827
119	608	0.1499536417521358
120	667	0.1152852568125579
121	684	0.11674079958190106
127	733	0.11308766756143286
128	130	0.11943494091408553
132	150	0.15179911079898326
132	468	0.10171728290828254
150	868	0.10955806690383697
151	647	0.14854127649716256
156	667	0.1068342705844681
163	935	0.1250970312175529
170	259	0.10475013944875895
172	186	0.14074978129879037
172	797	0.10690684185473119
176	191	0.15336834962159834
176	193	0.10723170163876354
176	937	0.10635618380049172
177	450	0.10857826167046122
178	191	0.21655175998196843
184	321	0.12880292919222636
189	842	0.12089443785985464
194	196	0.17709334854351133
194	200	0.12411755971802488
199	943	0.13068712045301978
202	204	0.10606141169908295
203	334	0.1384756619420365
203	463	0.2229293243700417
208	711	0.10312978856443346
215	598	0.12423725276236787
266	726	0.12598107005033415
299	821	0.10701773375457697
300	306	0.10039123974119481
302	463	0.10561982786683646
312	963	0.10966219854956065
319	998	0.11582589589752937
323	344	0.10983048052548551
325	602	0.13321073908030706
326	397	0.11831455761459897
336	963	0.10309609210290559
345	463	0.10651994006001919
345	858	0.1161836373283273
359	705	0.10369003472126657
367	745	0.10102659812953067
372	674	0.12117720323309858
390	468	0.10304966643848862
398	603	0.10980772096335979
410	495	0.1114453320328246
416	422	0.11060134884167482
420	436	0.10816904903834726
424	440	0.1009269955962231
431	751	0.12030339798118593
441	968	0.19006705669957277
445	449	0.12305278432926255
452	679	0.1058112593285582
457	459	0.21368060795801272
457	960	0.1356076972419406
462	464	0.10869697680984253
481	976	0.12123640194012164
514	516	0.13441971466158734
514	520	0.14479250754397596
515	517	0.16685087444455116
516	520	0.1397384533626006
517	521	0.13474839695611
519	525	0.2576552320458747
520	544	0.10820622380904929
539	665	0.15978723883122165
553	555	0.10144121532142042
554	556	0.10107920429560917
558	592	0.10695283673378801
559	899	0.12611798934501098
560	590	0.12162917125900186
565	955	0.12060513587413965
571	853	0.10009861138425918
575	705	0.15126380100772122
575	739	0.10334989839000022
584	586	0.16255342521029031
589	648	0.13261388386682724
591	759	0.11624955249182763
604	610	0.13910164100696693
653	785	0.10467692301697484
654	668	0.13907026287582538
685	995	0.1858163225296186
725	727	0.10046079761896595
742	746	0.10377523827867614
754	756	0.10421618226849941
787	919	0.1483231758776615
790	792	0.15440539975126116
804	806	0.10284437435223384
812	987	0.13130802759596863
834	853	0.1442834302738359
865	868	0.12295716074417785
891	895	0.1118535739400786
891	910	0.1056389187191754
892	894	0.1821912306383569
944	954	0.15105311679375702
948	954	0.14394955893873904
968	984	0.1230729521051934
