0	651	0.10565634248184873
7	573	0.11205004462316491
7	575	0.1049500195078817
21	494	0.10075886899131634
43	788	0.1448180200489726
54	521	0.18753132916439205
54	525	0.1540712721598351
59	793	0.13574324131226312
71	819	0.10385710589757927
77	205	0.1573967318010235
79	81	0.14733849755046383
79	83	0.1636410874021219
83	245	0.12184072031069854
88	100	0.20697383467464553
88	108	0.10289036970488309
89	414	0.10401909881250279
90	106	0.19589257263053425
92	96	0.14515482123432621
92	100	0.10058285323811701
92	104	0.14834620520208291
94	102	0.12660609485518873
96	766	0.10253675405570385
97	347	0.1282120955493599
99	237	0.13697903394165342
103	532	0.10406026988288715
103	973	0.15570106997644376
120	228	0.11019389836699253
123	127	0.10471383473013106
123	812	0.10314665381844594
124	128	0.10923676459994087
128	130	0.10300937560924597
129	131	0.15375722126084776
130	491	0.11753032492942732
141	681	0.10025264922096616
145	978	0.10538587579343144
146	174	0.12303628667500961
146	224	0.10159450122730458
146	404	0.10901517702472752
149	335	0.10148916396504701
151	406	0.11998770812345368
151	976	0.11354869285990726
153	159	0.10897539368968863
170	212	0.10005764709210042
177	450	0.14941177974788256
188	194	0.11259734651711227
189	854	0.15568848670899388
191	587	0.10024966134552711
193	197	0.20580617876143759
194	196	0.10441541795338205
196	200	0.10305953471777268
196	204	0.10849655094514758
198	200	0.14449877734590164
202	204	0.19655686404808273
203	334	0.11558682699577293
203	463	0.13369078616719288
207	428	0.10725828087515171
212	214	0.3103252531298766
213	215	0.15558521462436606
222	711	0.12288769784428924
230	232	0.11038473703774279
230	719	0.11423630796594325
235	241	0.10241865080803614
235	916	0.10815771653089216
241	589	0.19521343267647862
242	244	0.12600089051436414
262	316	0.10050585291774036
265	420	0.11963291517528378
267	839	0.11010780390586077
268	296	0.11401655561704292
278	356	0.11846575959732317
297	892	0.11263513950929903
305	637	0.11591394234695873
310	314	0.14309594339440782
316	685	0.1412497050044465
319	459	0.1026932396711344
319	980	0.1048052239147691
320	778	0.1544096301500058
327	792	0.11907697570369127
332	369	0.10390544412990828
335	642	0.14441440124619012
338	861	0.10916759844978666
343	841	0.10194516718457142
353	653	0.11392141031990377
365	804	0.10610538586270221
388	392	0.20058848390802148
389	987	0.10924502718727572
397	685	0.16683256453495768
398	625	0.11727924546683045
400	839	0.1052982395638298
401	502	0.11010976390371428
403	641	0.1040747898469203
404	406	0.12098121789795944
405	407	0.2500697467761207
408	867	0.122948656905768
414	416	0.11030699869612753
414	443	0.10301332824784232
437	439	0.14757740166156869
440	927	0.12387758423947548
442	487	0.1686367040016838
447	449	0.11002096968265171
447	451	0.13092725266050906
452	603	0.11006566595634285
457	978	0.13314565342817294
459	956	0.10376665626044365
465	603	0.11107876972916128
472	547	0.105320396014805
472	797	0.104600582021891
481	795	0.14052184985640734
495	647	0.11862647259268311
497	652	0.10079138309957944
502	506	0.13422335005819808
510	512	0.11032463007757613
515	517	0.21666648868979868
520	524	0.10696467639084359
521	525	0.2197853614712946
548	973	0.10837906140117072
552	554	0.2125598152127571
553	555	0.13718117554574083
569	613	0.10282443719315196
571	705	0.15539082528793718
573	575	0.18105807006708893
602	779	0.12215814964965133
604	908	0.10612638743426536
620	626	0.14739874326860677
621	625	0.17678382756859973
624	626	0.15519695382057816
627	681	0.11162707969671842
640	847	0.12986031420066252
657	867	0.1065934812902953
760	762	0.13039198552647585
766	986	0.10138775452849798
778	785	0.15641966199859458
783	868	0.10059651086667663
808	987	0.154749624235128
814	816	0.16265614489096308
855	972	0.10195514783535084
865	866	0.1353999924881715
921	985	0.12533825181750544
945	982	0.13473318764838926
948	984	0.10700597614235516
956	968	0.16251573549281964
984	996	0.12819613274385716
