0	4	0.1486562884905143
1	844	0.1386880591232344
3	781	0.10903980234045299
7	452	0.1238073689531601
12	102	0.1155401080374215
31	286	0.10866569830145979
54	515	0.10472674626531721
54	521	0.12287273654839678
56	977	0.11423472243428365
88	90	0.18943520756174542
88	94	0.1454386114648202
88	96	0.11560601115396896
88	106	0.11967227226826918
89	422	0.1045119978512877
90	92	0.1707885993650056
90	102	0.17010787364598315
90	106	0.10683777402591052
90	108	0.1812592325598975
92	96	0.17076002518041514
92	104	0.1045601353060208
92	108	0.12988864099099498
96	106	0.2992203364655901
99	595	0.15880213508513497
100	102	0.15070376342414432
100	104	0.14939588184311223
111	432	0.1341120288007527
119	610	0.24770253729146727
123	127	0.14978275735090277
123	733	0.13056525327492352
125	127	0.1553921668273237
129	131	0.11638052474845204
132	430	0.10073271173190451
132	436	0.1383568667260569
132	488	0.10033749063637457
133	134	0.10179114864030218
138	140	0.12849113903720738
141	398	0.10938730776035765
149	652	0.10575406769877971
151	406	0.11845486649507221
156	160	0.10087801999620177
172	186	0.11277150940049399
174	751	0.11846078575984631
176	193	0.11185252076891086
178	193	0.11699823703934523
194	204	0.10602880965679548
198	200	0.14188921432877494
201	949	0.11704707467893413
203	463	0.1936616456724587
205	902	0.34445334498481517
234	248	0.13958618916212365
236	369	0.10404941116585519
236	677	0.10160054625810744
237	595	0.12435106162110333
242	369	0.111157368475612
247	793	0.10018169216637299
266	284	0.10592912305399244
275	815	0.10153167053732197
290	316	0.10821642489491953
297	892	0.11808681398200638
300	963	0.10018347415989529
307	749	0.1202090560135338
310	382	0.10015601955058694
311	918	0.10830827709919846
313	430	0.1034072028673514
315	434	0.1782952366991287
316	318	0.11628685765420724
316	360	0.10381131632469241
316	685	0.10946843386137603
319	441	0.10457528729041198
340	342	0.2588101829170459
341	665	0.11345639231691791
345	463	0.10732322981119592
349	489	0.10236132525426199
356	718	0.11360290620593455
360	540	0.10547524306528522
363	587	0.1516663866258134
370	373	0.11480810195343946
378	423	0.11078088781308709
386	392	0.10042875128154043
388	390	0.3113949451430779
389	393	0.1503749405290927
400	402	0.18483228494376172
406	470	0.10045399089380319
408	864	0.21585497772530376
408	867	0.15691953967195285
412	723	0.1080176664423958
432	466	0.1267140918968001
444	450	0.2908457351753118
445	451	0.13413347305138545
446	448	0.14605360679729876
449	460	0.11477077405813157
459	948	0.12308260267878068
481	739	0.11791689943862212
488	726	0.10703444953853142
494	544	0.1022701355688964
502	834	0.1338166144645994
515	521	0.10001121883334621
521	525	0.11380903265616649
551	744	0.150809567959797
554	779	0.12250380089543889
556	560	0.11790607815447371
559	561	0.11037533134315354
560	584	0.12572624144667388
584	592	0.11033952555797796
585	587	0.11598179307846604
587	873	0.108269444520499
603	647	0.12838132030518468
604	608	0.2239928936573128
604	610	0.14531427319230455
622	628	0.1016306104553947
623	627	0.2136093294131325
624	626	0.12631522512846619
647	839	0.101125383544676
649	726	0.14786138067675106
650	652	0.12596671298329634
669	812	0.10432698825012103
683	842	0.10244728027374801
685	963	0.10788110370554531
685	995	0.14470324401619966
724	726	0.12277682357701422
724	736	0.10043514283141769
729	995	0.13430318772841338
757	943	0.11231700226074873
770	774	0.1859655098748848
783	868	0.10172302142000826
786	909	0.10305061108381723
809	836	0.10513538382835103
821	909	0.1625527072995165
842	854	0.1349306198353188
862	891	0.12687375020888264
864	867	0.11141049699874922
865	868	0.10844771125040847
866	868	0.1472724376844523
872	874	0.20118000377665968
945	962	0.11683205914095958
994	996	0.13979952175766636
