0	4	0.1622813552701293
0	8	0.13990780247350307
2	4	0.18180333973364382
7	561	0.1128274890179175
47	359	0.13991817440445556
48	68	0.10747599343207097
48	790	0.10183225272083005
51	268	0.10315645824095432
52	255	0.10257896395742051
54	772	0.10469131455977536
70	72	0.12014967448626283
79	818	0.10956212809424805
81	182	0.14227329903759464
85	631	0.10947178357223704
88	90	0.11261007142180561
88	100	0.23951396693545368
88	108	0.15285126088679019
90	96	0.18168527336358428
90	98	0.1883971008058636
92	108	0.15493875852012554
93	821	0.1008635407048688
94	102	0.1277078349135105
96	102	0.17410972706034958
96	106	0.1680739656450969
98	102	0.12757644212907568
100	108	0.10130242493924728
102	104	0.1435799742302586
104	108	0.13819820536397112
116	168	0.10092514413490938
117	267	0.10031065005464442
119	608	0.12842771573969844
123	125	0.12813265404569518
127	733	0.10311377062318061
128	150	0.10123415271147113
132	384	0.11267347525008836
132	438	0.19768585667753732
138	140	0.17529333237938474
140	873	0.10085708232255738
148	989	0.13081077599837243
150	468	0.10102007834593428
151	406	0.14753515017167565
152	989	0.12577594635494269
161	194	0.1198577412666845
166	174	0.14410935192503094
170	178	0.10805381258488567
172	186	0.13078819356507795
173	659	0.13558860678956725
174	194	0.10034399852091029
176	193	0.11861112784448319
188	198	0.10777026991938686
189	842	0.11000002478703692
191	193	0.1477832522027937
191	197	0.14115754801830688
192	208	0.134452298120047
198	491	0.11469296539361062
203	463	0.17021543953635285
206	216	0.11012139161386669
206	220	0.10649510769068939
210	670	0.10307415800839632
220	497	0.12112351465986756
227	759	0.10318901924814083
229	515	0.11049553048860272
244	246	0.10189674526654788
245	299	0.10228002284209363
247	452	0.10016133813523535
257	821	0.12224937849073592
259	299	0.15450411659052468
260	481	0.11000708937462625
275	404	0.11669449797640138
280	463	0.11478027070413804
289	632	0.1050934016733179
290	294	0.10341693780386857
290	633	0.11448278577358734
300	326	0.10856579562937431
300	340	0.1395295191623455
301	812	0.11099061897901087
301	949	0.17447783348728024
302	963	0.1032130293689118
305	645	0.13663680471146422
307	836	0.1636699627518178
310	344	0.13739400764635853
310	677	0.10709305432157236
314	329	0.10965916512510024
315	434	0.10311943090198132
323	423	0.16474719577165467
329	338	0.16392392661330205
343	532	0.1415062508357467
345	463	0.13672439821329235
357	919	0.1275820788888412
359	677	0.10467818384281696
370	675	0.14574617087489697
370	893	0.13519939096335726
372	656	0.10275538103728767
386	390	0.15978797645011167
387	904	0.12654692677731139
389	818	0.13304771538688207
390	392	0.29552172492091805
397	995	0.1509012920800012
398	465	0.10053873890538839
400	839	0.1528756659556791
402	410	0.11954084955234014
408	867	0.15312273663832413
409	798	0.10669393880776075
412	495	0.18003913812858588
420	465	0.1016364883590994
424	426	0.12240867629128274
429	800	0.10333241676670221
445	447	0.2683181939386246
445	451	0.14342147256780316
446	448	0.18816169245224912
447	449	0.30388295144907906
452	466	0.10557991363440236
457	623	0.10266942332697053
477	842	0.1327337849119567
478	480	0.1114847804150511
496	821	0.1504805133361274
509	916	0.1428246415985263
514	516	0.24814106414087192
514	879	0.13435186216500639
515	519	0.13749933608459167
515	985	0.10870446800232975
518	524	0.17429956877397543
518	917	0.103417665494968
520	526	0.11405236405154362
525	805	0.10351227912714352
533	866	0.11252277672905481
551	744	0.15620456039170572
552	558	0.12631889076318145
553	555	0.28709333662467146
556	558	0.1417513244945907
556	560	0.18381178056538702
556	592	0.10494298313958253
559	561	0.15721446126490227
560	602	0.12833234569089524
565	567	0.16584672270790402
568	787	0.15651732961494372
570	608	0.10144088056055395
570	699	0.10976887362289342
570	704	0.13005821756095867
571	972	0.1218610865542735
573	705	0.20590943281417817
574	704	0.10837507436252102
584	586	0.13585401062658786
604	606	0.13561402071198886
620	622	0.17670881879934677
622	628	0.12177888982130676
623	627	0.1586761362766092
630	632	0.15094148544571634
637	720	0.10225248998483806
659	748	0.1371841558311243
673	958	0.19135059798067475
724	732	0.1152828648562344
730	732	0.18892012297964983
733	815	0.12210884555852225
754	756	0.11035672694005007
795	958	0.10278454510898592
796	834	0.1100661813192193
804	819	0.19582039370760707
815	946	0.11376070689767519
816	949	0.11062677033980789
839	951	0.10451566414788273
840	880	0.11108135206904139
851	923	0.11693186426963689
862	884	0.1157937924071909
862	891	0.10862025388151096
865	868	0.3778302011393248
910	916	0.10754983675737438
914	979	0.11208416973889229
918	926	0.1143617082970791
934	936	0.16087124169268566
950	952	0.11187792416505249
951	953	0.1448136525666543
974	976	0.10984327865503916
976	978	0.10771216573162544
