0	4	0.27719946554180275
1	571	0.10225620753028711
2	4	0.10714838271716273
5	778	0.12298372480854902
7	679	0.12060978086066915
16	72	0.128584935574474
16	884	0.10160091204753192
21	538	0.11022409812843006
24	108	0.10848196873445852
29	170	0.11885901042089496
29	190	0.10421534190268639
29	539	0.11181684614571123
30	32	0.11871272102089325
32	141	0.14558936071746198
34	47	0.10545535604887117
36	957	0.11394308668897415
37	479	0.14440315109641913
42	44	0.11341582851188443
45	91	0.10518670430049283
52	515	0.15064621396257014
52	805	0.11054073128759052
54	772	0.1752087150637827
61	236	0.10869965485894058
62	64	0.2513072986261766
62	977	0.1763106947979322
70	72	0.18289084927051508
75	349	0.10313505889249794
76	78	0.10263022895281729
76	461	0.12353602032769337
79	470	0.10412798149024052
83	147	0.1297647146559594
83	830	0.1000108717983451
87	270	0.11367632198799679
88	106	0.13180934057531873
89	864	0.12171781701479097
92	98	0.24919358050352985
94	98	0.21974721551490078
96	108	0.15181137752056623
98	104	0.15348043232432612
100	104	0.25972293784850126
100	106	0.15870024220804696
100	108	0.2934806821802898
104	108	0.24891133569369225
113	785	0.11278061254347337
119	608	0.11278489815457482
120	188	0.11896308174662379
120	221	0.1030266925373478
121	918	0.12047938562542536
123	127	0.12806868246009118
123	669	0.1886221362270891
123	828	0.10740181317649482
124	130	0.10705432144389326
125	127	0.12560345287925911
125	818	0.139403064862772
127	733	0.11833115968394195
127	812	0.1010993334125544
128	186	0.1654738362407875
130	150	0.10016810880643083
136	142	0.10902064665075022
140	148	0.10700370622470731
147	929	0.13773697310196267
151	711	0.1014728126288218
151	723	0.11897569477237262
155	406	0.10011637371099837
167	804	0.1407769808873814
170	178	0.10575002961000524
174	585	0.10321972610332926
175	355	0.16047318695169802
176	191	0.17267814549307214
176	193	0.10244838232704817
178	197	0.17173099838881764
180	182	0.12316406204838673
184	401	0.13046293144875
188	194	0.13455936292695636
188	202	0.18870765376872906
189	880	0.19317266977774752
190	196	0.14102125979666766
191	193	0.2425427303481385
191	711	0.11461738764174946
194	196	0.1987732853509693
194	809	0.12749791647404962
195	945	0.1001602478097537
196	200	0.1912477223040539
196	204	0.13450940662424454
196	907	0.10483907374847001
198	809	0.18315419487570286
199	675	0.10775891209394117
200	228	0.10584641479541501
201	814	0.10591679252082373
202	491	0.1075843128366523
210	711	0.15963540963609768
212	899	0.10070844918564903
213	958	0.11275152020350224
217	963	0.11027326169273255
218	522	0.10414166824526194
220	563	0.10603505694371988
222	224	0.20680983158061655
231	233	0.2087355282068886
231	711	0.12525802554508997
234	369	0.14522693993247668
238	244	0.13051833841951738
241	589	0.2028515855759448
243	771	0.10357930463461162
245	728	0.1240810667799669
248	312	0.1288747765477354
248	330	0.12556363149358238
259	814	0.10251977674999121
260	371	0.10742144905908547
260	396	0.12758214829358447
262	264	0.2550630850079444
266	296	0.11372800633864409
268	889	0.10002442954696865
272	864	0.12053870710932912
272	889	0.11230861334860368
275	404	0.12755879296569236
280	292	0.10912126650734034
280	302	0.10620162724026425
283	292	0.16687958086632973
284	963	0.10943135805490672
296	302	0.1329261873096946
298	304	0.11198711001364245
298	316	0.11366707858049019
299	821	0.17613533930274863
300	302	0.22367568295271006
300	306	0.11322623528643368
301	814	0.14475150953946342
301	909	0.11147362184013447
307	315	0.1006932552019178
310	312	0.13721889869176934
310	397	0.11132075889164743
313	754	0.12299393607864352
315	797	0.10540868987596483
316	685	0.19316468087268004
318	685	0.13218071050069152
322	324	0.14475068201935995
322	397	0.10603382832707066
325	554	0.10605613682139307
326	330	0.12226818146752168
327	619	0.1279447494040215
327	909	0.15809665526830324
328	675	0.10288898581616465
334	345	0.14346140735398058
334	714	0.12026482888151
343	530	0.12671282215403254
344	756	0.11319766521350628
345	723	0.1144914174837513
347	921	0.10597845300074711
353	497	0.1176004072849418
361	398	0.16448319397140157
372	668	0.10393278117439608
372	672	0.1061922790761306
386	388	0.11681523081764944
386	394	0.18001410302845774
387	904	0.10735188189653942
387	908	0.12688428805034102
388	392	0.200837190593918
390	392	0.1962803928499547
394	468	0.1044086729201111
397	995	0.11625221155097132
398	410	0.1047826787876843
398	627	0.1393200010499706
398	776	0.10855369601913217
400	465	0.10712957505283334
405	407	0.19562383350837356
406	852	0.10812860550102936
411	635	0.1031900344533374
418	443	0.13658972840035935
424	495	0.10661147648051685
430	458	0.10686291064647552
433	732	0.1333345526462602
441	988	0.157593094124573
444	450	0.17983192340681067
445	451	0.1254377638768785
446	448	0.13033991789589527
449	451	0.11852536337346424
457	459	0.1109704230909131
457	761	0.1302582466564955
457	972	0.14588528119168115
459	972	0.15599892602323176
459	980	0.1075670735688436
459	984	0.13727287201277302
461	465	0.11725218809807114
461	951	0.10217364826236176
464	951	0.1156152509088744
466	468	0.11014083158850936
470	493	0.10030420077720757
472	547	0.14669768944339218
474	768	0.1063076094951242
481	945	0.126448421732048
485	681	0.10972613202484088
493	515	0.10294192626175509
496	821	0.13732295868204986
498	575	0.1000353093626224
503	941	0.10598164221970897
518	758	0.12749136980285
519	805	0.12398957697261716
520	760	0.10775298039250851
521	525	0.1626878879380886
523	962	0.10338177543138678
537	723	0.10091217032586793
552	560	0.10648887672905138
552	602	0.10851916657924002
556	558	0.14337685399531588
557	749	0.12037432505758665
558	592	0.11644120841074299
560	584	0.1390540442759112
565	955	0.17166911592303508
571	575	0.1408668983742176
571	705	0.1458821039577969
572	574	0.11970019688210129
572	919	0.10342956609263618
575	705	0.1518468718100773
590	718	0.10596770510590858
598	646	0.12291492306526626
603	647	0.15065390072102308
604	610	0.13698425165841246
605	693	0.10234995206957606
606	610	0.15163423108558066
620	626	0.11136520614053814
620	628	0.11991164507714164
621	625	0.16158049736863764
621	627	0.17638183800974544
624	626	0.1619459217587253
626	628	0.182061598817676
634	803	0.10963430239727132
649	724	0.10373340983771452
650	668	0.13222673997712342
652	656	0.1372053809834174
658	803	0.1028695684038691
662	930	0.10414007339544647
665	933	0.15330891025177518
669	949	0.10818687372709378
681	990	0.10403644256137475
690	730	0.10030819281442636
693	719	0.10117427737535849
724	728	0.14838391656798564
725	727	0.2701550798395925
741	959	0.10534003876775011
757	895	0.12635690387260964
766	986	0.11378914588695785
785	942	0.13865341515787633
786	834	0.10579635407159843
787	919	0.13045028119474683
791	793	0.1401067890607125
791	795	0.11546807830328036
791	895	0.10325267135674879
805	957	0.10178872198835169
814	949	0.14821340774203445
815	946	0.13110986208869146
862	884	0.13233887773883649
872	874	0.12020820007911373
873	875	0.15438294218296023
875	917	0.10410266209952859
879	907	0.12458890115696492
890	894	0.10524269785788715
893	895	0.11673647958605579
900	924	0.13624126963095257
904	974	0.10428813025014799
909	987	0.14928436563494574
949	987	0.10532388368937372
956	996	0.1013829209836411
968	978	0.10318861842160013
970	992	0.1253301854312004
974	982	0.12875902362166688
