0	2	0.27912417081576657
0	70	0.1574222668251578
0	238	0.11772898360431641
0	691	0.13447594153562376
1	36	0.11253659973968223
1	682	0.13233128281621562
1	964	0.13715086802970222
2	4	0.11365832371041872
2	6	0.12895078807379054
2	39	0.10470150053029177
2	44	0.10461511611143438
3	77	0.11814697075334336
3	133	0.10957697361446396
3	639	0.12626924673174583
3	657	0.13058021211412046
3	857	0.11526756982993451
5	7	0.1443921606614316
5	209	0.10394815145302717
5	262	0.11664957500371523
5	268	0.12106434367564559
5	274	0.10234884564718416
5	358	0.11117766121786528
5	359	0.1163244501098196
5	605	0.10961203424762031
5	700	0.12352141191570624
5	739	0.12502649631183432
5	795	0.10057716703519269
6	42	0.18397976179889067
6	48	0.1626133234342385
6	70	0.16794594867180815
7	34	0.10633908927895225
7	51	0.11702636607401976
7	93	0.11064554227138565
7	129	0.10944193067776688
7	562	0.11403511800646875
7	571	0.1383615115293958
7	573	0.10335891551684444
7	692	0.10010012056127401
7	705	0.1628234692842679
7	796	0.1326234029648805
7	863	0.12009261638100285
8	16	0.10464075588563543
8	439	0.1316899532271518
10	16	0.10047013115130918
10	187	0.12688058712018682
10	437	0.11207626647769248
10	675	0.10695833419160693
10	705	0.11719692012842321
13	56	0.11188214037512983
13	86	0.11356065219227651
13	224	0.12159346372942138
13	255	0.11932625758193861
13	493	0.1116672155059688
13	517	0.11833435226106194
13	519	0.15518233633117648
13	545	0.13522613942636594
13	713	0.10094192284281216
13	982	0.10665301697715383
14	20	0.10035058583818
14	42	0.11983777010588922
14	62	0.1793088413509946
14	90	0.1414373383533582
14	96	0.12147809630337188
14	98	0.10973627008375365
14	253	0.13931460931812487
14	320	0.10154308837460282
14	377	0.12135100369844432
14	400	0.10392921255909632
14	442	0.10629043883514543
14	646	0.10780556213124605
14	833	0.12076086623565513
15	407	0.20143809683905567
15	497	0.11157199861734785
15	773	0.11120241468482249
16	70	0.13747928011265645
16	161	0.12244996140299615
16	549	0.11355528235994243
16	884	0.10999246185917173
16	924	0.10123655790388775
16	957	0.10143083037517048
17	319	0.12850400834167464
17	485	0.12210452497786471
17	561	0.11830808146871061
17	760	0.10301918432025231
17	978	0.1089355370501431
18	36	0.11007558717481215
18	40	0.1095664526419365
18	74	0.11720796821375727
18	110	0.16974233637125416
18	214	0.13297884191171006
18	255	0.10953333590679273
18	654	0.12821665113590724
18	889	0.10392817050359335
20	66	0.1331420266670484
20	90	0.13739851041651374
20	102	0.136978479203914
20	183	0.10984116002867433
20	229	0.10195139513370079
20	790	0.11467555678097616
20	796	0.13096767014135804
20	878	0.12461276702847819
20	942	0.10518765571305021
21	518	0.10998628636477123
21	520	0.13490948826054247
21	544	0.11117490652519399
21	610	0.12584592565017572
21	763	0.2077252862148821
21	980	0.20656552581917334
21	984	0.17473365753982262
22	70	0.11471530894835416
22	194	0.10521498393788532
22	439	0.14318886519524612
22	811	0.14526505516602892
23	185	0.164356144889623
23	565	0.1075179869695681
23	621	0.11360621752846423
24	210	0.13099100400333782
24	525	0.11777273393993902
26	54	0.11216163753273911
26	742	0.190832895638671
27	563	0.12926865322866984
27	968	0.10288428157689108
27	970	0.11279116386701668
27	998	0.10942961804230698
28	42	0.12937878024287167
28	52	0.12138070070921222
29	182	0.13975682355364027
29	184	0.1111343833047188
29	197	0.11594887988969163
29	204	0.1161058328031497
29	470	0.10914688374695539
29	660	0.1035714724650927
29	761	0.11328324189534202
29	802	0.10089487347914083
30	32	0.12820071443928435
30	75	0.17958985310938502
30	151	0.10871844281392701
30	286	0.12618903577604623
30	391	0.10001057190198455
30	525	0.10041004629914177
30	836	0.1447078299768678
30	861	0.1409815119418851
31	246	0.11768583802609017
31	278	0.1104523302247337
31	344	0.12149378977926074
31	368	0.10392231710665574
31	693	0.14090193632032796
32	151	0.10306423776236102
32	667	0.10029592784013032
32	754	0.12037024693995713
33	129	0.10889033361197045
33	516	0.11762654347443276
33	713	0.13245691488625763
34	609	0.10012202888585849
34	810	0.1284069034082471
34	964	0.11383539477339003
35	479	0.1669475968266225
36	84	0.11911419033028854
36	141	0.10669992985371715
36	229	0.102099245796005
36	955	0.1060882561245564
37	211	0.10526970731414183
38	689	0.1285651112340381
39	48	0.11801712744380846
39	112	0.12048878744942099
40	42	0.10300788564236325
40	66	0.11299459597129637
40	908	0.1035529472783728
41	205	0.10284708113128835
41	387	0.13208655039066033
41	411	0.11513957512649188
41	904	0.1173154017521076
42	48	0.10305132513079447
42	70	0.14238868356542692
42	437	0.14907859290832817
43	45	0.44601610624908034
43	120	0.12117533969104435
43	639	0.23990539097308775
43	772	0.10516608055795273
43	792	0.10453939140608251
43	821	0.12791856019390105
44	68	0.13953782610264134
45	788	0.17892561537847637
45	792	0.15177677408980517
45	967	0.10907709768400062
47	161	0.11875289144550544
47	199	0.10059807751048908
47	257	0.20845315128738723
47	404	0.10125750355914509
47	804	0.10552251053125516
47	968	0.1346119332387403
47	978	0.10216114860161282
49	723	0.10549353712747046
49	793	0.143696974853496
50	52	0.1094584006897346
50	570	0.13884700481349738
51	113	0.10874301672381644
51	685	0.10694381874595325
51	790	0.1235613063220668
51	831	0.11191076012073227
52	155	0.11311378733684921
52	864	0.11190976561730137
52	997	0.10089583791463098
54	229	0.11657694540906556
54	525	0.14964334958751574
55	250	0.10532641014652519
56	772	0.18370411527856714
58	94	0.10124849382651217
58	104	0.16561166864502688
58	106	0.12825335183889086
58	383	0.13110912991583015
59	270	0.10583189917768124
59	485	0.10644949024356158
59	581	0.10541941700343306
59	922	0.12825550720852638
60	66	0.10712562852517961
60	525	0.10912659208099836
60	541	0.13329157130879557
60	957	0.1250027059891921
61	300	0.11102398388252782
61	310	0.10446960229988254
61	312	0.10369618074107953
61	326	0.14048967830049164
61	330	0.13262477496060796
61	336	0.12336012604575453
61	342	0.1718509121167953
61	397	0.13249035039935544
61	693	0.12291398266583584
61	743	0.11832741958242361
62	497	0.14028665785320357
62	634	0.11241620522650869
62	977	0.10279666248689412
63	856	0.10051657821186669
64	681	0.10761644397375754
64	997	0.10678619005996194
65	215	0.10142706760701914
65	623	0.1278173110874241
65	637	0.10065941864572435
65	893	0.111968860865788
66	70	0.11016902117831366
66	72	0.1955876049538783
66	110	0.10921362007032921
66	977	0.10664388417086038
68	70	0.10723716272651423
68	72	0.2674225672495368
68	651	0.19348033271843665
68	966	0.10176946537612144
69	501	0.1870407276905421
69	617	0.20940422824809057
69	883	0.126438998622589
69	905	0.11417843706799807
70	72	0.11317889753504207
71	237	0.1291326923598491
71	340	0.10513482384088348
71	424	0.10392592744049926
71	581	0.1370259553053859
71	595	0.156715122082557
71	808	0.12115091042437273
72	493	0.1602469630351928
73	161	0.14593831156312886
73	197	0.11812908685600844
73	275	0.15684471314665793
73	587	0.10056064756782788
74	436	0.1271428692245016
74	648	0.11368011381321501
74	672	0.10238339262053865
74	969	0.11746341273703827
75	192	0.10127747600271905
75	807	0.11302967161247908
75	836	0.11839330315676916
76	81	0.12329396615734912
76	174	0.11832913899245703
76	697	0.1072096633130361
76	703	0.1031146289214868
76	705	0.11424214622229993
76	810	0.12722619964435736
77	383	0.12336937031303723
77	537	0.14551967040390495
77	761	0.11243320040589072
77	893	0.10213951987383119
77	900	0.15344130181725502
77	902	0.3760886983835118
78	82	0.13926591444960168
78	365	0.12989910470540234
79	81	0.47708285884010115
79	259	0.10741247681714847
79	466	0.10230450480812732
79	470	0.11382402113001751
79	501	0.11071188073808338
79	553	0.10055730694409895
79	557	0.11621385755001355
79	790	0.10743410625482679
79	830	0.16464208332014565
79	836	0.11945222648808727
80	147	0.10017742542123034
80	167	0.11242678069336431
80	596	0.13251926059490737
81	365	0.13475372509009725
81	557	0.18102561704801748
81	605	0.15542421608733764
81	675	0.10177845727931284
81	733	0.10831160209554506
81	816	0.10538407957668931
81	830	0.14457372309539282
81	939	0.10560270847021111
82	154	0.1004503903529914
82	929	0.1600337012226877
83	122	0.10096591634369095
83	125	0.1586480599624413
83	182	0.12047349265511732
83	810	0.14950552278211393
83	887	0.11351476875260916
83	949	0.10384576424302429
83	982	0.10476254241375488
84	284	0.10270967102447293
84	689	0.12738115300266883
85	769	0.12087655547710452
85	965	0.11932626773427298
86	607	0.1080082590790531
87	288	0.1024429229123348
87	329	0.10105395739621699
87	739	0.111831849498461
88	90	0.13106341522696555
88	92	0.23901007450881478
88	96	0.18204827988083988
88	100	0.15393284363630555
88	102	0.139547045184839
88	108	0.2842178970685579
89	157	0.1297317739659942
89	400	0.112948673655296
89	406	0.25309601896365275
89	441	0.1415408711981131
89	443	0.18488952622172303
89	481	0.12330866258485682
89	603	0.1481990921759046
89	797	0.13206796142418928
90	96	0.19020929027596123
90	102	0.2971723370460684
90	104	0.14749613309025184
90	559	0.11071517582694972
90	834	0.11471719983918993
90	993	0.10756565508142671
91	207	0.13275491756952468
91	299	0.10387255497007761
91	503	0.12102965762117596
91	570	0.13482986414748355
91	572	0.14316559512398117
91	577	0.10742784343103275
91	694	0.13073118206868078
91	926	0.10226607564123415
91	937	0.1581215932149437
92	106	0.19695225816770368
92	772	0.11973975217106494
93	163	0.10036927433324161
93	422	0.10158068888821904
93	553	0.10422784789311712
93	572	0.10463508400455941
93	663	0.10871868750212735
93	749	0.11243599213665834
93	808	0.17896284096766527
93	812	0.10699877817520947
93	822	0.190759097554397
93	824	0.12054998293514721
93	828	0.10332027236268837
93	863	0.14207347100262727
93	998	0.1371299505327429
94	96	0.1983920918741933
94	104	0.22197442376250076
94	106	0.1888829034564879
94	454	0.114288383646889
94	914	0.10168013463229411
95	477	0.1270456048869108
95	842	0.16487524235929718
95	942	0.13701764414026102
96	98	0.2047502325543685
96	100	0.2194174769197824
97	269	0.10935487028636509
97	638	0.11944293941444467
97	803	0.10671280504069677
98	108	0.22893226803853878
98	190	0.14643992132734102
98	413	0.14303365814795366
98	431	0.10020345683157698
98	986	0.10117664531934939
100	106	0.16654494562121785
100	108	0.15577252353079482
100	934	0.10230077877833631
101	104	0.10473317057746631
101	318	0.16112849315310399
101	443	0.10762074585692583
102	789	0.14010828893873628
103	123	0.11239159073260117
103	216	0.1538652344528632
103	249	0.10415082219546971
103	255	0.10136879753630416
103	274	0.10017024109921056
103	343	0.20413930309615413
103	469	0.19681925009520482
103	530	0.12051133376750572
103	729	0.14688606845156726
103	730	0.10634753918673513
103	813	0.10044257718170053
104	106	0.2769926359283549
104	343	0.1374177887545224
104	833	0.10828485170124365
104	914	0.10568765804807388
105	134	0.14669225312320144
105	495	0.13095144316759677
105	608	0.10065132694357622
105	786	0.11697759906107387
105	904	0.11927343941231375
106	108	0.17642532206696762
106	766	0.1085654797079841
106	828	0.12889041656380235
107	363	0.1109979262532894
107	493	0.10105846269520388
107	949	0.12289704078924597
109	287	0.10710454196666402
109	571	0.13172000700672265
109	692	0.14142878342900006
109	856	0.1607922898419792
109	871	0.10028725899157133
110	255	0.1062512871406899
110	344	0.11616784218188915
110	654	0.13062329175942947
111	388	0.10719732758532972
111	432	0.13417917542427843
111	468	0.11296572262255791
111	576	0.11049709163781252
111	747	0.11933979274383108
112	116	0.10036866381326912
112	224	0.11266361128165403
113	567	0.22528151509745378
115	139	0.10092579249706596
115	863	0.12955981111662512
116	150	0.10088903788264997
116	216	0.10255578277019795
116	392	0.11711559997807533
117	134	0.11536640631635332
117	575	0.17530114116779436
117	647	0.11735689941183934
117	751	0.10917174507544218
117	757	0.18904725309921955
117	861	0.12163155345431095
117	900	0.13402825825773879
118	142	0.10508556907842148
118	152	0.16514270044994556
118	159	0.11370488055517132
118	353	0.10805387922385652
118	630	0.13155569095081326
119	604	0.18894361685260874
119	606	0.31839071067690233
119	608	0.3143494925131184
119	779	0.10506618499451299
120	133	0.11055396363475477
120	134	0.11901315724236915
120	144	0.12136931700235723
120	149	0.12326703660942068
120	150	0.1363423386055007
120	747	0.10403165968266927
121	632	0.10396985740749903
121	947	0.13210677468684814
122	142	0.12788206916877118
122	156	0.16979290199295108
122	172	0.10615436720092747
122	218	0.12958391745608638
122	970	0.14656415236352574
122	982	0.11209241819604604
123	125	0.18458989912025056
123	245	0.16403876752168606
123	279	0.10224572948964297
123	374	0.11508007862078136
123	473	0.10210878575034697
123	639	0.11947341137473363
123	814	0.1404719873131961
123	820	0.13478229758091786
123	821	0.11114852085887632
124	126	0.14650697130254917
124	130	0.14719440097887185
124	162	0.11075933761986881
124	216	0.12215405707058175
124	491	0.11279692334532894
125	127	0.3209611217401728
125	245	0.10977151893385487
125	279	0.1262874840080083
125	399	0.11016212433266794
125	475	0.10324837012657498
125	712	0.10556196855054664
125	830	0.14118417445210996
126	143	0.22289041460221098
126	228	0.10433613852968843
126	491	0.10020394067124279
126	969	0.16148606434335655
126	998	0.10959939944278557
127	151	0.14772795636898448
127	301	0.16448299395355534
127	399	0.10008353040851543
127	470	0.11408731042991305
127	588	0.11698159347642442
127	733	0.24680678639630893
127	815	0.13983199029511967
127	821	0.21700587741606442
127	830	0.12301001165544102
127	924	0.10219062004905086
127	949	0.10762888343069725
128	143	0.11806147297630377
128	150	0.13168870687869427
128	168	0.14424749757899685
128	194	0.10307071462417497
128	202	0.1526416741667723
128	286	0.10447282230376721
128	587	0.14763815187249624
128	601	0.13501725196760786
128	745	0.10373367718799541
128	771	0.12904567962094682
129	713	0.10979575414512872
129	845	0.10244977917029591
130	138	0.10622573011477396
130	140	0.12311300378597409
130	143	0.13816737884541977
130	491	0.1253471939129218
130	497	0.1501265165342303
130	976	0.10063139309446557
130	989	0.14886414839696532
131	163	0.12089816109466422
131	237	0.10221607256589714
132	148	0.10440141910323293
132	315	0.20040162536984754
132	436	0.24569471824491196
132	438	0.2813017717033359
132	488	0.12700507085850143
133	182	0.15839403842460398
133	184	0.10477264380969968
133	258	0.11082026573264792
133	353	0.10554468953434748
133	400	0.1238208924594012
133	653	0.17774127408656015
133	889	0.10012122343189798
134	158	0.12340424433801868
134	259	0.10610437995799411
134	361	0.11004246961585491
134	398	0.10867874641168097
134	404	0.13324620377089713
134	495	0.10086272013170632
134	852	0.11766864922756932
135	209	0.15867310361047962
135	542	0.10664478512899342
135	594	0.11813361860265391
135	705	0.1203292280871945
136	711	0.12054582360795935
136	947	0.14448337608450756
136	968	0.13351454557264028
138	228	0.11066356974884634
138	262	0.1409070569485529
138	363	0.1042299018945774
138	410	0.11092792430872767
138	585	0.13244836198733606
139	497	0.10745069857806319
139	751	0.10136854714491099
140	143	0.11386433461494178
140	784	0.12269379266945614
140	799	0.10954752483574776
140	855	0.10782364303342332
141	317	0.10110321164458799
141	689	0.1240585684007891
142	172	0.10923905502306196
142	194	0.10383383002851675
142	400	0.10613939839878828
142	562	0.1530729186679419
142	597	0.10646996743266232
142	793	0.11996879958576286
143	200	0.16493749917173622
143	202	0.10149719681328676
143	205	0.10223635819075323
143	206	0.1515214780451961
143	220	0.12077008503897554
145	970	0.2174017917168901
145	972	0.1537213533413963
146	152	0.15837756691813232
146	174	0.11230628034091036
146	210	0.10241838031071167
146	212	0.11190212631961788
146	518	0.10137315026523207
146	776	0.13362719001765092
146	792	0.12530078381150456
147	693	0.10204584754754166
147	778	0.1294888203470052
147	819	0.16317732364647863
147	878	0.11436400981607495
148	166	0.10868381439620874
148	799	0.1356945979300957
148	969	0.13524021969560135
148	989	0.14754318631708072
149	312	0.10994440715534692
149	628	0.10163367865133525
150	210	0.1156196209792699
150	315	0.11188454273516661
150	438	0.10262345147581114
150	569	0.14632377959453316
150	693	0.10326030215233575
150	871	0.11219903995900031
150	989	0.11455831029923956
151	317	0.10024021393300847
151	389	0.1312730812146195
151	418	0.12529232223458286
151	456	0.10239269877247588
151	699	0.13780987991526614
151	703	0.11781228390889467
151	815	0.17734759201532158
151	947	0.1739403157041709
152	210	0.10128220396765585
152	409	0.11048304964420745
152	798	0.1099305590855379
152	898	0.10756697184777432
152	916	0.10893829196390119
153	159	0.3387794081471712
153	450	0.10767300429217821
153	497	0.12865968646320108
153	698	0.138238378915594
154	158	0.13586647730084697
154	178	0.10751040462467597
154	213	0.11064653018443539
155	255	0.11584825375991231
155	289	0.13252787252590026
155	315	0.10508538497577197
155	493	0.13720156386773577
155	667	0.1022595807595088
155	902	0.102534872435965
155	974	0.11849228939683017
156	233	0.1020604072646146
156	716	0.10310235717544217
156	725	0.10303407861349186
157	354	0.1201634755470957
157	481	0.10177363275709646
157	722	0.104988974144578
157	735	0.11923078597869348
158	180	0.10102894120953533
158	546	0.10680130965577982
158	861	0.104144525203022
158	935	0.10553549722454308
159	206	0.10332314550906499
159	379	0.13574586870763983
159	448	0.11286365457736303
159	497	0.15806170620437385
159	681	0.1310672436612217
160	168	0.10640629338539227
161	195	0.11945512893509025
161	200	0.12342860839082627
161	671	0.1277527642787782
161	946	0.13211925348643844
162	180	0.10909684831710753
162	188	0.12162775338864872
162	863	0.10289175993307338
163	672	0.1028752784744453
163	935	0.22424169435221192
164	174	0.15299812621294148
164	176	0.11790890571657471
164	180	0.10330759038262972
164	192	0.16538665624452606
164	194	0.11520480048003902
164	197	0.10248818149519384
164	587	0.17089160855956154
164	987	0.11373323043763739
165	734	0.1061062641449083
165	926	0.10097181942932856
166	172	0.23093682525186857
166	174	0.10627654205472305
166	180	0.19443186348777775
166	194	0.14906698449092828
166	460	0.1084287904472121
167	705	0.12271691246541801
167	806	0.10465436688478826
167	955	0.12621427178491357
168	200	0.14587908597524832
168	228	0.13678170990824137
168	992	0.1094568711544968
169	305	0.12267318011378517
169	463	0.173648917737178
169	597	0.1011327940931941
169	711	0.10065591295303251
169	712	0.1429979882058328
169	871	0.11484493325571644
169	899	0.10107725971351302
169	976	0.1221735114648824
170	176	0.15578933639277082
170	184	0.15162387865379245
170	224	0.11852380133565717
170	585	0.16150014234185278
170	773	0.15358268457979082
172	194	0.21794070818724667
172	653	0.10084194716094624
172	797	0.11102199915578635
173	659	0.13447950135562536
173	751	0.10193929259597835
173	941	0.16429753583043527
174	177	0.10934194612458759
174	191	0.14252295933324766
174	194	0.11760475856747443
174	210	0.1077439299165048
174	212	0.11761865169317669
174	231	0.13248194463730253
174	433	0.1366489831658077
174	810	0.12106724564236807
174	834	0.12389536575181431
174	989	0.15579692119195954
175	756	0.1066608509143344
176	193	0.19836610725044937
176	460	0.1280454401622515
176	640	0.12322246467001688
176	657	0.13609793226831404
176	711	0.11816460813620808
177	259	0.1786311856939305
177	370	0.10623707330429462
177	625	0.10719643703058492
177	769	0.14877309543156791
177	861	0.1093679292768684
177	873	0.10262058511318418
178	197	0.15819864555792346
178	198	0.12191810699174586
178	557	0.11386244403678411
178	856	0.10041859751303778
179	367	0.18225538884247283
179	782	0.10514334454080233
180	194	0.10864721172261034
180	233	0.12311162405771055
180	587	0.2596167528862842
180	676	0.1311905965037623
181	219	0.1385397107596793
181	273	0.13230231543036777
181	561	0.10527676401751414
181	621	0.10151761908394012
181	734	0.1161686933088527
182	184	0.1466202848494847
182	353	0.10247264313818019
182	674	0.10241601369111973
183	314	0.10569321258429693
183	931	0.10177933177653326
184	191	0.10960022554675976
184	205	0.10951514916693898
184	321	0.1123041536409574
184	585	0.1031246703801424
184	834	0.1825820473411686
185	192	0.10326704081876281
185	353	0.11264822216202167
185	922	0.12835240877582477
186	196	0.12933929801494887
186	464	0.14543697877910072
187	223	0.1130646188633557
187	270	0.18720744101581124
187	281	0.11514394860393154
187	318	0.12434725712664892
187	415	0.12754799287857713
187	675	0.10832055924724866
188	228	0.10891629307527177
188	491	0.2106364213779751
189	840	0.12545179941280107
189	852	0.10821699493656058
189	854	0.20766338177160848
189	956	0.1360538661302383
190	194	0.13682951004962135
190	200	0.10621793620300464
190	212	0.10185823478137525
190	245	0.11028527560495968
190	565	0.14039852042079448
190	653	0.12948619531941769
190	834	0.10530419934268591
190	930	0.10280695037611393
191	193	0.13522196938617417
191	259	0.12084826651458558
191	373	0.11995381838420958
191	799	0.10850186960494419
192	327	0.10342053868301924
192	587	0.12712029753374404
192	955	0.12866134574054072
193	197	0.19226232000270244
193	299	0.10912566291945153
193	319	0.10610498535724475
193	353	0.16601620968211442
193	363	0.11180624537875145
193	491	0.10084317896946628
193	827	0.117904527036387
194	200	0.21040477228775345
194	491	0.2296942816785139
195	457	0.11096713527513091
195	964	0.11764615518845602
195	968	0.14456091102353896
195	978	0.10082923487628366
195	997	0.10636734263656827
196	363	0.11053409803483744
196	473	0.14604662694004572
196	491	0.36907449136999576
197	200	0.10437526485597387
197	257	0.16097055867951396
197	462	0.10226150642974376
197	832	0.10588937094311048
197	912	0.1213277094628009
198	200	0.23770957823763159
198	202	0.11403033181422832
198	228	0.1356097973941861
198	736	0.19013786711643405
199	205	0.12230465854037412
199	529	0.10116256975137639
199	557	0.17779895645623
199	906	0.1082631065581122
199	982	0.10808798360088029
200	204	0.13122526130291387
200	221	0.10872156400787336
200	228	0.16726168327039842
200	233	0.10298014993766855
201	207	0.12895977139287307
201	354	0.12248855233237811
201	808	0.10096224259025814
201	814	0.15283574395727326
201	824	0.1005741030250184
201	934	0.1101905313125623
202	206	0.12066924033558149
202	587	0.18132711534847082
203	274	0.10101589316760566
203	284	0.13428068686925967
203	298	0.12189688155430616
203	304	0.1122656692055998
203	348	0.16438786254653212
203	374	0.10185490758530162
203	623	0.12722448897742697
203	723	0.16824756489631057
203	884	0.11717235654110233
205	387	0.12562275148596086
205	611	0.13897596956392244
205	631	0.10828484050545668
205	640	0.11064160862217899
205	673	0.10606719649836362
205	871	0.1089770368049435
206	214	0.11580508444291705
206	220	0.11544284636074352
206	353	0.12773040949368
206	497	0.1794670346025717
206	587	0.10274856969745082
206	794	0.13889739709555635
206	799	0.12254637392123509
207	307	0.128048739383125
207	788	0.11783087677896367
207	796	0.10461905179266762
207	862	0.10429215517053757
208	222	0.12517302896269822
208	247	0.10922829598959875
208	290	0.11176550306539275
209	361	0.11872582509377362
209	669	0.10999077158412557
210	647	0.10873805486914002
211	494	0.14102809646276557
211	903	0.13949973879892175
212	353	0.11752494587813593
212	497	0.20719289495495094
212	594	0.10424712206132246
212	672	0.10114967765712028
212	722	0.1071073276743394
212	727	0.12320405295417598
212	814	0.11950888336878579
212	834	0.10070549442008689
213	598	0.212505498407291
214	587	0.10256762858332753
214	751	0.14019883938963076
214	799	0.12016524199865143
216	878	0.10027753843317196
217	284	0.291656066876855
217	680	0.11743891939951255
217	858	0.1004630043006957
218	456	0.10410456081356743
218	482	0.11720875921786485
219	273	0.11131936924515536
219	864	0.15215810360394608
219	964	0.16068175497950346
220	228	0.1267188881642935
220	497	0.1344645043934154
220	667	0.11966333863822785
220	838	0.15438404675154735
221	363	0.12758423838193847
221	439	0.1520529295629114
221	881	0.17844899181078352
222	224	0.30338029050575904
222	226	0.10537872420202558
223	225	0.20257693994083953
223	781	0.11657976701360755
223	918	0.10268445331439056
224	228	0.12193436200302765
224	711	0.12825607133967543
225	408	0.11292567451068201
225	722	0.13812885292992788
226	587	0.16516637693317066
226	746	0.14027686113379279
227	363	0.11439589175893336
227	379	0.13519020385160396
227	893	0.10013503008914487
228	491	0.11457660451232733
228	585	0.11237028196006559
229	524	0.10493515346294055
229	805	0.13749461602241908
230	240	0.1439668365952453
230	397	0.13497957941676642
230	719	0.22846474422652857
231	413	0.10685002818290036
231	591	0.11486208707803829
231	596	0.11404575569600299
231	613	0.10327018916392705
231	932	0.11464884565399108
232	266	0.12584425596288726
232	306	0.13648361335303005
232	463	0.10472346250145889
233	711	0.12980757689727654
234	240	0.20369129987612833
234	743	0.10022958650285262
235	436	0.10416655304314232
235	731	0.10477398219038092
235	914	0.21997284881996193
235	930	0.10425694370381859
236	238	0.22726415296647512
236	240	0.3145924940319947
236	336	0.12865327336505472
236	369	0.21098696181988008
236	991	0.14131190186748835
237	271	0.11701986836581406
237	274	0.10197688774440081
237	550	0.15095132245543402
237	581	0.1873780978971379
237	804	0.10459847743879812
237	959	0.13894223122238017
238	248	0.15967621117082573
238	252	0.10941482382028878
238	323	0.11136714099638588
239	434	0.11129002079095825
239	866	0.16598738416938677
239	868	0.11169727336258709
240	336	0.21191690355894036
240	369	0.1468735902967332
240	991	0.1084677247263837
241	314	0.12261849518407522
241	365	0.1428084905412973
241	557	0.14259881710028594
241	589	0.24293654809964438
241	609	0.10672009996971425
241	738	0.10691201087692839
241	772	0.1329948826979579
241	786	0.10031318852496064
241	995	0.11355475566163056
242	244	0.16918171762158177
242	246	0.1453827901939462
242	344	0.10354849986938537
242	369	0.12730225931523279
242	743	0.19763137931848904
243	814	0.11189698307938854
244	248	0.10023588187993666
244	677	0.16229186547267777
244	743	0.17178189306287384
245	465	0.19777981443297066
245	639	0.12041313688920774
245	782	0.14111853376595937
245	818	0.10852856809140057
245	820	0.18688827836104321
245	872	0.10521376862626512
246	306	0.10965865586928447
247	328	0.11000974451198209
247	670	0.10081375003242525
247	797	0.1035437561658791
248	252	0.2106042104868542
248	254	0.14318900491581216
248	266	0.1960588242919017
248	296	0.15575637434759204
248	374	0.10445180016537035
248	457	0.18847484213773613
248	459	0.1554599893985383
248	560	0.1102760551951752
248	675	0.10936502641732103
250	319	0.12068110297144628
250	685	0.11456257591498253
250	968	0.10168664234635541
251	377	0.13791679831802267
251	391	0.10557581772246079
251	572	0.12129741853793248
252	278	0.13505340796878218
252	296	0.10690706689269205
252	537	0.10495986921113568
253	955	0.10493331852281276
254	296	0.14533309739845554
254	302	0.10621576074512094
254	310	0.11240590665883517
254	364	0.12234893698709327
254	374	0.11012320396722905
254	679	0.10909707531100415
254	745	0.12022615159808074
254	963	0.10978274038727666
255	589	0.10800548456916105
256	258	0.29861635932216923
256	350	0.1179054326272567
256	364	0.10434103722565459
256	611	0.11607055015983092
257	299	0.10540641568112798
257	324	0.11918288938961967
257	341	0.10203085965252687
257	476	0.10696361781858303
257	508	0.11688252909961919
257	539	0.17363920382407058
257	716	0.11343408980304363
257	816	0.10878729309614835
257	895	0.11088580135643337
258	421	0.15740281642434564
259	261	0.13252090449465986
259	326	0.10076484056622054
259	370	0.10479508853420393
259	379	0.1758209825641081
259	478	0.11920078165232516
259	665	0.137098527733052
259	667	0.1254670098466212
259	810	0.1072914145916372
259	821	0.12900503446393383
259	891	0.12810474036336633
260	262	0.1099139178780068
260	268	0.1275307027107501
260	272	0.10510297967864525
260	535	0.13042012267365405
260	641	0.13248265751358296
260	698	0.11857322220987558
260	833	0.1276918440068009
260	889	0.11199683897278782
261	373	0.14764716211658788
262	268	0.27384378678428434
262	359	0.1090555183083702
262	535	0.10936214040139124
262	649	0.1130663008004445
262	688	0.13578973735921543
262	705	0.10950183914289828
262	848	0.11712867711890217
262	991	0.1312543996501242
263	601	0.116322330071071
264	270	0.12303122584658074
264	312	0.11427873257145633
264	334	0.1440075270754993
264	356	0.1480351265300492
264	780	0.11032219991209576
265	394	0.1204099242081837
265	424	0.10950568157062472
265	456	0.13861624845876314
265	603	0.17825305954230344
265	803	0.1295295169592518
265	927	0.10834588882018796
265	968	0.10873464873315385
266	286	0.10344225669504314
266	314	0.11730287425470881
266	535	0.10589536603268764
267	268	0.12182070999849315
267	404	0.10845195523712202
267	700	0.11873524481974013
267	839	0.10190200428298347
268	272	0.11334316812725531
268	302	0.1219805109336538
268	359	0.10776987075988342
268	465	0.10769159890420572
268	688	0.16414511656767597
268	735	0.10540663057394983
268	889	0.1459354359746063
268	992	0.18019347830288496
269	595	0.18364479851178783
269	705	0.10116608995477253
269	827	0.10974716572176198
269	921	0.13148212809715237
270	340	0.13055308440051897
270	415	0.11991077651266821
270	801	0.1231838892803414
270	864	0.10446937383240648
270	979	0.1067081686644764
271	463	0.11020085526037668
271	568	0.10033251758911017
272	300	0.12165922199320457
272	342	0.10473761289176128
272	345	0.10684273787962775
272	396	0.10420975725455278
272	410	0.12007195825997632
272	630	0.11308707812580564
272	633	0.1426758888877425
272	698	0.10545094998542022
272	885	0.15108363313369932
272	993	0.10347343310303929
273	627	0.10063320203971604
273	646	0.10235876704235543
273	974	0.10491152894650109
274	481	0.1285801660636576
275	396	0.1727376837731928
275	442	0.11431344824392316
275	456	0.12351670500045286
275	603	0.12910870355845774
275	711	0.1092843757502972
275	719	0.10456764958088881
276	671	0.10935541246993041
276	775	0.10190507090818979
276	919	0.10286054933833057
278	306	0.12696476863507014
278	312	0.10635320202158949
278	330	0.11355569403742977
278	368	0.15618898044786814
278	568	0.1143691615949879
278	576	0.1436035761897592
278	814	0.1086851936167178
279	756	0.11385556815060593
279	821	0.11997214202550441
279	926	0.11343465074077701
279	943	0.11063483082014192
280	296	0.11790481917137711
280	300	0.17113489934868212
280	320	0.13038995153810962
280	419	0.12524099978580958
280	776	0.1007784175181191
280	908	0.10306049550634144
281	413	0.14067574599860877
282	310	0.11604742008767982
282	326	0.10158241988635568
282	338	0.14375949967251656
282	370	0.1369240951707731
282	493	0.10579795664417856
282	712	0.12174434999288293
283	290	0.3298430636936464
283	292	0.2864855462421256
283	296	0.11973064737822794
283	300	0.16239601616144425
283	323	0.1090950691356363
283	334	0.12258287777998804
283	358	0.19517805786061104
283	402	0.12211238339833635
283	685	0.2308758041587103
283	725	0.22605253424211263
283	729	0.12619801666890487
283	741	0.10748376176673484
283	966	0.10253017592062955
284	298	0.20787093663781556
284	306	0.1528255611900645
284	380	0.11638800430609211
284	381	0.1397085972431705
284	680	0.16465562144449578
285	800	0.1016449333086423
285	825	0.1053155693318904
286	298	0.16036529121758542
286	312	0.13336017964429797
286	314	0.16652288064094664
286	326	0.10342192498488605
286	340	0.10725507757914783
286	997	0.10114649122861923
288	298	0.1028699816468521
288	326	0.10501098045812733
288	338	0.15115993532313124
288	364	0.11017713776326744
289	535	0.20881963689245492
289	589	0.18629982446646995
289	674	0.14377757960915732
290	292	0.2661101480940306
290	324	0.10500836009500751
290	356	0.10548786960303157
290	548	0.10703292483320027
290	725	0.11175450108426845
290	867	0.1066329758068681
290	978	0.11482766775491422
291	836	0.12261757363840779
292	300	0.1045763181091481
292	334	0.1318142170287248
292	356	0.1012497067371814
292	547	0.12143135906505693
292	633	0.1744399553470757
292	685	0.14538237073494006
292	725	0.10983706516489224
292	729	0.14477861893169583
293	303	0.10842816258242155
293	651	0.12527673475587403
294	304	0.1401741583629701
294	316	0.10579734812802266
294	382	0.10529839380981422
295	537	0.10181800743427458
295	540	0.21953343373193046
296	298	0.16720696675892893
296	300	0.16133560738613179
296	326	0.12553858532785006
296	385	0.1287447555632856
297	890	0.16382263231764876
297	918	0.11690103113065904
298	348	0.11637324665087184
298	380	0.16776104600635225
298	427	0.1499046479050179
298	537	0.12118983798663753
298	735	0.1049247166377678
299	341	0.13371452769014072
299	669	0.21007850826257493
299	808	0.11902986090538495
300	342	0.18032228013336343
300	376	0.10650459842346297
300	436	0.12720571654125126
300	633	0.12036492233310737
300	685	0.1660291335879774
301	431	0.10943957247237437
301	669	0.1326368291856028
301	733	0.19720347494433182
301	796	0.10624866055396558
301	810	0.13322357862269277
301	812	0.17050028032229272
301	949	0.11824500846766109
302	306	0.11034810734470435
302	316	0.10007159351607584
302	329	0.12462595367430628
302	463	0.1092155931766303
302	677	0.1566747761331725
302	963	0.12137448821026534
302	991	0.16635185034537103
303	604	0.10064132288561507
303	608	0.10260616334328712
304	508	0.10189447660691496
306	312	0.14360545584705567
306	397	0.11528779996630052
306	463	0.14039654092795092
306	595	0.12756153815865984
306	675	0.10950574316672487
307	749	0.14329359864483668
307	812	0.10487786742324383
308	310	0.19796467090847217
308	314	0.10546130404905733
309	471	0.10434510574188247
309	605	0.13670273634094693
309	706	0.10201548404168952
309	816	0.10168102849990426
309	838	0.11025134927950561
309	852	0.11169188165561142
309	858	0.10702712698640389
309	862	0.163686710315501
309	967	0.12856725241546516
310	326	0.16579804810476595
310	342	0.11022169402546536
310	368	0.12584995067105903
311	896	0.11831447658567563
312	330	0.25568791143429415
312	356	0.12234540846599391
312	463	0.13645425436852218
313	390	0.12646393067730596
313	420	0.10506514516508937
313	679	0.14732306796018127
313	756	0.132995906379308
314	791	0.11090951496263449
314	981	0.10411337107584541
314	995	0.1010814548653371
315	493	0.11035558246464562
315	839	0.11863677928668089
316	323	0.10790279713561171
316	332	0.10566485006128606
316	463	0.10755341700087093
316	685	0.13375259735234848
316	707	0.1019858532727339
316	719	0.10281460036886912
316	973	0.1154662815633524
317	768	0.10737289699380316
317	982	0.13797322138429652
318	397	0.22669099311402766
318	805	0.12977528426299592
318	841	0.12840092316104346
318	878	0.1228386869785233
318	958	0.10344103278406266
319	441	0.22248124474466494
319	459	0.11383021707501194
319	623	0.10754161715313423
319	681	0.10864281577218864
319	855	0.12667074088874455
319	956	0.12694952982740085
319	974	0.1573773923949439
319	976	0.10368142416844173
319	978	0.12380569748477843
320	332	0.10557566804708281
320	338	0.13028482494801327
320	380	0.12142489991318849
320	385	0.11548195797975917
320	995	0.12066555468960442
321	555	0.1160080228329499
321	641	0.12745436633281954
322	366	0.10099265566650027
322	995	0.15611035313255897
323	344	0.1597668293467808
323	368	0.14019571136362785
323	374	0.11155256125586366
323	423	0.10295875398405317
323	468	0.12426211807303994
323	632	0.206416445801376
323	864	0.127449923742322
323	941	0.1110278868360611
324	670	0.13138336260648945
325	554	0.1266775430195468
325	556	0.13006781892595276
325	560	0.14706010673773032
325	779	0.10987773162334274
326	342	0.1028461736117478
326	397	0.20280532130879075
326	995	0.10698966050475295
327	365	0.10710585264132329
327	619	0.15295427620220417
327	639	0.11397924246340484
327	792	0.1928384275251611
327	826	0.10513633125718665
327	830	0.11331605450597396
328	344	0.10184801925327586
328	370	0.15936242391362043
328	397	0.1339740579190378
328	605	0.14825844490762158
328	743	0.10169143270411098
329	345	0.11178813568497478
329	348	0.10298948675450689
330	463	0.12801982676362533
332	423	0.11271152435881619
332	777	0.12813830301760212
333	455	0.14979686166922962
333	698	0.10075539770811597
333	732	0.12004907351191214
334	356	0.11968098375821833
334	496	0.11165002003310187
335	398	0.10975424619409044
335	406	0.1074756605275066
335	644	0.14848150977380142
335	676	0.11244410337741136
335	763	0.1540590973379377
335	962	0.1163343436565188
336	369	0.20089965727560888
336	668	0.10722521117005714
336	696	0.1374216381265243
336	991	0.12824400119938067
337	687	0.1515228800207889
337	956	0.10099577046928333
338	344	0.15143661106917694
338	348	0.17891941880166565
338	370	0.10675504187756168
338	373	0.11379839676915673
338	380	0.10994876271096823
338	508	0.13114486112725443
340	520	0.11627441764740817
340	634	0.1459978364289329
340	671	0.10829657959558847
340	677	0.10089712835228759
341	753	0.11706007055698858
341	937	0.1374239465404654
342	376	0.10226732800210826
342	514	0.11850964476959155
342	874	0.12441858368752327
342	889	0.10490819614107567
343	914	0.11586151231848142
344	360	0.12133940979815373
344	605	0.1496668260469103
345	391	0.13427863579907695
345	427	0.10348783251691347
345	532	0.11525740667453854
345	670	0.1033975350793416
345	710	0.10216820894989447
345	711	0.1530851610813916
345	741	0.10464944256990966
345	775	0.11073906243433002
347	398	0.10570919493631117
347	446	0.13444921004357346
347	571	0.17451495504695128
347	915	0.10704881178551871
348	354	0.11323360453934449
348	364	0.15073062157066094
348	380	0.13220360905516962
348	423	0.16409511249019468
349	931	0.14603507451619097
350	421	0.10544165649358674
351	669	0.10065617658112826
351	835	0.11016975123907355
351	973	0.12008686688378047
351	990	0.11209515471116366
352	815	0.15329859730370934
353	497	0.26369724212671175
353	653	0.15419388313498253
353	906	0.13461829220129087
354	358	0.10068180604626324
354	464	0.11404864973856901
354	669	0.10658568284943115
354	773	0.13797464905892626
354	800	0.12822467073798677
354	909	0.12222817920632158
355	787	0.13727702748967038
356	358	0.16589306283895675
356	362	0.103966834282885
356	366	0.12045354699972233
356	463	0.1338563545142025
356	729	0.12139542559347573
358	471	0.1709270338774452
358	635	0.12073068897381853
358	685	0.12044482282693757
358	725	0.12832798533650516
359	404	0.16890957582440805
359	406	0.10489113714516189
359	534	0.10877125304669692
359	567	0.13303684914802733
359	716	0.11131981454045395
359	889	0.1907671614549388
359	963	0.1250335703459095
359	995	0.11621552785684594
360	995	0.17614700310882825
361	398	0.1819098499491392
361	400	0.10102935037180741
361	465	0.17696286599195843
361	478	0.10502361544587334
361	495	0.10316139971699705
361	990	0.11987229529735548
362	546	0.14061079535363935
363	585	0.16915514521529157
363	891	0.16655408868692295
364	374	0.12274508891829466
364	804	0.10754670418838413
365	666	0.12791216487882345
365	803	0.10174393760646751
365	912	0.10636950502063258
366	373	0.1344037340172543
366	785	0.10118474396023612
366	822	0.12986586284405374
366	877	0.13498998878682986
367	604	0.11708819979786927
367	849	0.1626980430491388
368	374	0.1823923154047984
368	677	0.12368275278734053
368	724	0.1053490155063048
369	677	0.10944555455867833
370	593	0.11356671260483693
370	633	0.14863002989988888
370	806	0.12039175142718124
370	895	0.15060495164436508
371	375	0.10876404874130317
371	546	0.13607211638463101
371	712	0.10458926461632337
371	748	0.12166259589824471
372	529	0.10641601029797859
372	790	0.10863772257962384
373	877	0.17045371332219697
373	900	0.11846800376553976
374	592	0.12730525981391844
374	677	0.18801380301302212
374	963	0.10655196564380033
376	775	0.10325043760513443
377	478	0.10360494775676052
377	926	0.11253861210104939
377	941	0.12934121172678115
378	491	0.10040345810906638
379	398	0.11291911555596798
379	478	0.14610125904765317
379	808	0.14399733972777415
379	909	0.13692935941675
380	789	0.1180590258876645
380	925	0.119667089979083
381	874	0.12879219382361204
383	428	0.11907687947323187
384	392	0.14298878931353295
385	871	0.10423254633660772
385	910	0.11344459015640869
386	388	0.1078420908947258
386	430	0.17078942358479704
386	487	0.1251602250332338
386	944	0.11355605211999391
387	412	0.10633843231267597
387	419	0.1339550458503882
387	617	0.10604183992756293
387	902	0.10798971255753799
388	390	0.17126890510038892
388	392	0.18817102062035224
388	420	0.10258361881310683
388	430	0.12437012909981977
388	458	0.17641748420503012
389	391	0.3576157016420411
389	790	0.11214467157669847
389	796	0.126483853672817
390	392	0.3146092057842167
390	394	0.1245340786883064
390	430	0.11223726679402793
390	436	0.11473987998939095
391	396	0.11143675337475839
391	565	0.10207910797963717
391	603	0.11618719978847587
391	790	0.11731912780633427
391	814	0.10341212256097056
391	976	0.1007341819398122
393	400	0.12963408147336672
393	638	0.12062029159221586
395	759	0.12153277739483648
396	410	0.10399570949820341
396	465	0.15360459893151657
396	885	0.10890520775142255
396	975	0.133708752955645
398	426	0.10808639705658131
398	434	0.11252985041463087
398	446	0.11574413661951069
398	450	0.10281045513774163
398	478	0.15501155874932665
398	495	0.14224745827304267
398	739	0.10455220479618982
398	785	0.18026520827582207
399	533	0.1067566550619524
399	565	0.10086978896769082
400	574	0.11715801548584644
400	597	0.1427996647792264
400	638	0.1294943073808139
400	793	0.11839159397171657
401	605	0.10440168890362231
401	834	0.15860735126714406
402	422	0.1079177152126961
402	443	0.11739753038049415
402	535	0.11942793251007236
402	561	0.11217595726427171
402	577	0.11060065664840714
402	638	0.13556273101975955
402	906	0.1164754216440336
403	975	0.14306553488846252
404	406	0.39903021521165216
404	414	0.11928895191876973
404	434	0.10466601226820356
404	723	0.1221649509364347
404	839	0.1534491707036959
404	887	0.10154268730587475
404	995	0.10867207817625414
406	422	0.11361800722546885
406	443	0.17836472875526893
406	465	0.16157913974531957
406	481	0.1822009176665173
406	490	0.14769625791157248
406	573	0.10105480985497933
406	603	0.10772080819179972
406	678	0.10845737773122939
406	679	0.12070847910897688
406	723	0.12034551031498575
406	887	0.12009084440510592
408	414	0.15011168309374143
408	797	0.10105867323101193
408	889	0.15539591752362536
408	978	0.11940593901418285
409	773	0.1354109827471021
409	798	0.13541571835161448
410	412	0.16555403617460868
410	418	0.16326643594371099
410	443	0.17288262240898555
410	711	0.10769054404358733
411	625	0.10778730572117488
411	990	0.11771077347587662
412	428	0.12062762663605889
412	474	0.10647858728626598
412	478	0.14051952595011052
412	495	0.17232055892193512
412	571	0.1009183251526306
413	585	0.11920253051458563
413	859	0.10845923396168798
414	426	0.13540352931708494
414	466	0.1232761771026402
414	482	0.1542083451847474
414	839	0.15852531758871807
415	660	0.10941433071665276
415	702	0.10548242806329895
416	495	0.11262756566647042
418	460	0.11081944086147927
418	487	0.12519906783984605
418	647	0.1192323480320545
419	908	0.17633450606163195
420	422	0.1626072572230724
420	458	0.19791437386636238
420	465	0.10974031573840194
420	603	0.10138899713327551
420	647	0.14797046277248369
420	797	0.11088458677130483
420	960	0.13067017094302724
421	976	0.10574888102558501
422	603	0.11142957120780082
422	647	0.1181328967857218
422	867	0.12822259328342475
423	723	0.10629578564065523
424	426	0.16749995020571404
424	442	0.1382542092196492
424	808	0.10398540707540789
425	944	0.18387976084667648
425	948	0.2784500726268273
425	952	0.12062749792945998
426	434	0.14904789566951376
426	446	0.1913250304244817
426	448	0.10666634213649809
426	474	0.12902598780653282
426	630	0.11137907541490769
426	796	0.10061703104687643
427	515	0.11514793659442635
427	553	0.10063914386563631
427	805	0.10013049163285867
427	833	0.11244990828580888
428	605	0.12726038384108143
428	695	0.13748177110277246
428	859	0.11600083716064369
429	669	0.11188474818150143
429	778	0.16404178301000627
429	784	0.12311906918322345
429	793	0.10804059870673158
429	805	0.11974197388987796
430	438	0.10353944831886791
430	464	0.12963174171790812
431	507	0.10276871288442066
431	722	0.10993496029522412
431	966	0.1028582552825693
431	971	0.10142234983494616
432	484	0.11003423001223712
432	797	0.11406429674055368
432	953	0.11419675892632741
433	652	0.10545566809417749
433	666	0.10064206200472317
433	710	0.13638751923866443
433	730	0.10507983731604631
433	742	0.10346071772221516
433	873	0.17667285849667008
434	440	0.129181040542193
434	474	0.21677787962628398
434	685	0.12349729779322356
434	914	0.10931819578857241
436	460	0.11467754421008748
436	488	0.20288782494316424
437	439	0.11217908072557685
437	549	0.10536771891418861
437	649	0.10091651385382468
438	460	0.12807808655878838
438	866	0.15322884873688825
439	515	0.10719138741560606
439	880	0.11502325671169022
440	442	0.10556252104724405
440	487	0.21748018479846373
441	481	0.10998598083675569
441	603	0.10311745093160832
441	623	0.10697915428610573
441	824	0.11195230902603538
441	945	0.10621567396225733
441	956	0.2345636179455888
441	972	0.15622585306171946
441	976	0.13751348553497209
442	484	0.11798964763820559
442	859	0.10617117942913327
443	577	0.10085767903232755
443	672	0.10508743362485017
443	927	0.11468855521255686
443	945	0.11783736571327572
444	446	0.12379863382177153
444	465	0.10150898328021303
445	447	0.24540806709553126
445	451	0.16253379107433294
445	460	0.13081181152192065
445	652	0.11248423776394842
445	791	0.12541748507068665
445	918	0.10859817538488574
446	450	0.1421861901269423
446	819	0.10856390083582285
446	927	0.11205440357408544
447	791	0.13834110186114476
448	450	0.2222859097722425
448	482	0.10490010042314554
449	451	0.26698856021059125
449	584	0.10281602788544963
449	679	0.10951053005414677
449	737	0.11328263160631258
449	993	0.13444636724685222
452	470	0.12390948690837353
452	481	0.12912001823300256
452	791	0.10571463185299043
452	815	0.10963290522222706
452	893	0.11695958991646592
452	958	0.11035054811241059
454	975	0.1063698799136891
455	538	0.12586292270044416
455	694	0.12044666361844045
455	732	0.16417626983901493
456	522	0.10645678543405696
456	815	0.10623703931924437
456	920	0.10135732860018985
457	459	0.13958312968630854
457	960	0.1448301851800986
457	972	0.12342988570493703
457	988	0.1375832889694282
457	990	0.11390971993270663
458	465	0.1283415956196201
458	488	0.11743953336982944
459	761	0.1476389468573498
459	960	0.23878780589100335
459	976	0.11904115750869317
459	988	0.1661164905087181
459	994	0.11986483271775969
460	472	0.11164307818992153
460	657	0.10721221498328401
460	732	0.10121246754265177
460	918	0.11990642397589178
461	466	0.16854304652238372
462	468	0.14007106317265433
462	472	0.10603155678235582
462	588	0.1117064744747578
462	977	0.10360120052565144
463	981	0.10792582024472726
463	991	0.10395613264224451
465	573	0.12553496611946954
465	776	0.11556941432684759
466	613	0.10287709147948855
466	791	0.11927975785460998
466	933	0.18464374439603623
466	951	0.18758180238024136
468	603	0.11732401713123958
468	879	0.10382398962903316
469	510	0.12526535655007626
470	474	0.12980305758564953
470	493	0.11554713376767302
470	723	0.11585189063301532
470	845	0.11228184139053522
471	858	0.12005597679634375
472	520	0.11065820760019769
472	646	0.12036096834240337
473	491	0.16546582335232224
474	478	0.15617691782236467
474	487	0.11505567323212089
474	630	0.12437700162560142
474	647	0.10433283628258165
474	768	0.1183101998168821
474	883	0.13046456086106292
474	951	0.13676894217856175
476	478	0.16050237811776563
476	480	0.1154377388922088
477	601	0.1490968302392501
477	810	0.10077225605210467
477	842	0.1278404806440851
477	868	0.10560340970026791
478	501	0.10614711600954962
480	619	0.10615544239446204
480	657	0.10338937300912941
480	841	0.11077753510833689
480	929	0.10773647583604927
481	553	0.10109644535867728
481	561	0.12518142501126103
481	565	0.11881001762942933
481	572	0.10719587114111727
481	623	0.17436528377817156
481	761	0.10843809457239707
481	765	0.1290695598720227
481	855	0.10580895289686645
481	976	0.1321622237688585
481	992	0.11349934882154117
482	557	0.10157501484555907
482	563	0.10822097588892647
482	839	0.12545225957283662
482	845	0.13933879001820335
483	496	0.10166483970840813
483	686	0.10010542992962639
483	846	0.13057185785846173
484	547	0.11707256172363642
484	653	0.1000553919899807
484	927	0.10209377537934954
485	754	0.1432589018095322
485	891	0.11617060600986025
485	893	0.11135876026083978
486	757	0.12464010098839216
486	901	0.10054340511726186
487	815	0.1132211000470196
488	809	0.10931176947419223
489	682	0.10437919140676624
489	964	0.10433973780215486
490	679	0.11832272486207887
491	938	0.10913097992833884
492	520	0.117013968513587
492	544	0.1043172100535417
493	525	0.11320099690496352
493	985	0.10037189593308726
494	512	0.13722841336129105
494	516	0.11454454124985577
494	536	0.11205972048184872
494	538	0.14196578495469428
495	739	0.15290390432119785
495	864	0.11810692600781017
496	506	0.11771813945288417
496	537	0.10867108461799208
496	810	0.10490845080853793
496	821	0.26193413169531193
497	653	0.10275051840427418
497	654	0.11045697933417573
497	672	0.11133758792302945
497	681	0.10882508121918134
499	783	0.12299003490177893
500	686	0.147652540697252
500	709	0.18054075149586044
500	813	0.1217727908256496
501	617	0.4511279270494431
501	669	0.15054743646312063
501	800	0.1676703332349814
501	836	0.11667457271653527
501	973	0.10614335851166187
502	504	0.15009291352233947
502	740	0.11365204722485886
502	823	0.10476173836587804
502	831	0.10066371536367345
503	926	0.4700166618416491
503	941	0.10567794040888948
503	974	0.10439053601017288
506	734	0.14799320163433727
506	787	0.15661518877213082
508	528	0.11076655722017696
508	839	0.11429011356921151
508	921	0.11297106519584459
508	973	0.11328194276331405
509	541	0.10054510986405656
510	536	0.1124807722504204
512	538	0.10685480690338227
514	516	0.11833234792853663
514	518	0.12760148186932552
514	873	0.10498666997162445
515	521	0.20839760237787455
515	805	0.1879050018260844
516	518	0.10947202089702054
516	524	0.1962943860035595
516	526	0.16963518548682183
516	710	0.11738045291546759
516	879	0.10086681666450678
516	917	0.164706445629265
517	519	0.32052533976092096
517	805	0.14268653583575389
517	807	0.16341411603951522
517	813	0.10021885638502302
517	841	0.15229998860559615
518	524	0.13231852794130441
519	525	0.43979969567433774
519	841	0.10236889347693995
520	758	0.10226025761647502
521	609	0.10417694204514982
521	772	0.1050101743388379
521	985	0.14579969563324627
522	524	0.14767092945397994
522	596	0.14073607216806222
522	772	0.13301472320992208
523	761	0.20220500584230655
523	958	0.10709599451774748
523	964	0.1296134020854632
525	571	0.10035366767372057
525	698	0.1184574041806871
525	772	0.11236873337414258
528	822	0.10561693448695304
529	557	0.13125176390294566
529	873	0.10250868648468267
530	532	0.12295072907593774
530	714	0.14653770853408257
532	663	0.11610055964447434
533	868	0.14564585400531319
534	751	0.10213261960654281
534	945	0.10981361350892874
536	969	0.10580534813624112
536	973	0.16461190924815672
537	599	0.10737244218616673
537	893	0.10254624614299394
537	896	0.10324243634474778
539	590	0.10336186362438615
539	736	0.1254005764248739
540	897	0.13587125015439333
541	597	0.11149695477948189
541	945	0.11734846298431899
541	962	0.13578301567401344
542	582	0.10976646404117256
542	761	0.11741681486206926
542	883	0.10009656885704422
544	610	0.13791059871070313
544	696	0.10085398976821722
544	984	0.12336259618936382
545	611	0.10234157141387878
546	708	0.11360568465030264
546	857	0.10513859501233899
547	822	0.10496845828221937
547	864	0.10320337223520623
547	875	0.10491416725062302
549	651	0.14977931574435524
552	602	0.21682420730195337
552	610	0.12820052366022847
553	786	0.1234746512610615
554	560	0.1351928709656794
555	798	0.11052861384299242
556	560	0.2701928139255204
557	832	0.10043948619578358
558	560	0.10311084312161611
558	606	0.1447682904207976
558	608	0.12297205473613608
558	745	0.11335997841109495
559	561	0.427011423688505
559	681	0.11535083520505375
560	562	0.11148533085073956
561	623	0.14497472825021174
563	689	0.12290643226235744
563	791	0.1434353743815888
564	714	0.12488242514410781
564	787	0.16030565529548638
565	573	0.12484684052141568
565	955	0.11196691165370963
566	646	0.1032904589885854
568	606	0.15948194409374908
569	989	0.17421932540983667
570	574	0.1995208732856481
570	663	0.11716574934124202
570	751	0.15994540556112286
570	943	0.11350675188758755
571	573	0.1572315429369538
571	705	0.2507433298693941
571	955	0.11103038600756429
572	695	0.11802007137695389
572	704	0.2006058634843273
572	937	0.10388531551894828
572	938	0.1035574516188845
573	587	0.10404084480014106
573	822	0.16883951996072313
573	828	0.11290612608736111
573	912	0.1061630643155425
574	751	0.1480758842977943
576	581	0.13193537779428757
576	665	0.1002274275329638
576	694	0.1260043709130531
576	705	0.10223827839273021
577	909	0.10151394618657433
577	914	0.1100529835109238
580	635	0.11590399500607591
582	885	0.10589892383279681
583	746	0.25196342990536524
584	586	0.2813138270801629
585	590	0.10571707372208634
585	694	0.14940914550664655
586	592	0.10356515600564328
586	808	0.10912008049121631
587	799	0.12886929948155548
587	873	0.114017078261993
588	790	0.1260878452204355
588	812	0.1043121391965198
588	925	0.12406083376040598
589	652	0.111292376506165
589	712	0.11211950570905922
589	960	0.1062422810831953
589	961	0.11683305397264311
591	791	0.13132017530468795
591	804	0.10907576287780722
592	593	0.10897744291813243
594	787	0.11754827411776941
594	909	0.11132909461653707
595	705	0.15413498661003627
595	921	0.10184788957197628
596	598	0.10444025676564944
596	937	0.11529484865562846
599	800	0.11931426837794658
600	727	0.10500259430519826
603	711	0.11844293727898488
603	850	0.11465323036581122
603	862	0.1271356540289324
603	864	0.1362207022982716
603	889	0.12724644507413418
603	927	0.10169872689372675
603	982	0.12220197558114067
604	606	0.3457198934597569
604	608	0.3046823639625134
605	621	0.1027887337731075
605	693	0.1124510698298125
605	995	0.10093529047830307
606	608	0.2741081058969332
606	610	0.11982880733789367
608	652	0.13606551225860467
610	615	0.13282807613902053
610	908	0.10590597207955599
610	984	0.10242355513850927
610	995	0.10366840472864096
611	906	0.10344540404964482
613	646	0.10058498845069949
613	799	0.11209162625073214
613	978	0.1095844354805406
614	655	0.10531847361977327
617	669	0.10319958390183387
617	755	0.11042668177169845
617	780	0.18082496760739805
617	800	0.1672214196685281
617	836	0.1108467396459891
617	973	0.10057850480951606
618	628	0.13006943521773584
620	626	0.25288332139190534
621	623	0.12380058599741056
621	627	0.31067049648991707
621	912	0.12345725105418727
622	624	0.416877277509966
623	627	0.27766339929660766
623	823	0.11346904489998345
624	626	0.40810370255440737
624	644	0.15012247335347204
625	734	0.11103112596992334
625	858	0.12252505356789105
626	628	0.3759413320610879
626	644	0.12629298852979057
627	992	0.15282686229847353
629	643	0.1047894532682722
629	706	0.10544302457855254
629	987	0.11667183517212103
630	638	0.14126670529167376
630	685	0.10482296592691283
630	702	0.10496480576454324
630	856	0.10502794746948522
630	908	0.11306137807486985
631	911	0.10265523147434992
632	640	0.10274586707812532
632	653	0.11142434394940677
633	741	0.10701189846559143
634	664	0.10644053833087196
634	797	0.1669544728508974
635	673	0.12157620611604766
635	946	0.13580572134161054
636	763	0.1233325822060195
637	893	0.10189331216960729
638	654	0.11018773412858071
638	672	0.10709164877636113
638	787	0.11850049854552873
638	803	0.1628944406964274
638	942	0.11541923239937459
639	782	0.11775993943500752
639	891	0.12130543111392324
639	893	0.16816226985312183
639	909	0.10109849177254285
640	847	0.10207706393308229
640	900	0.10051234716086378
642	976	0.11056055847144415
643	879	0.10087021576982486
644	843	0.10869849335121842
645	720	0.10148497892909802
647	841	0.12010127182662066
647	867	0.18714850732512442
648	672	0.10014537649995417
648	720	0.1004026097301783
648	955	0.1033844358700311
649	688	0.17600999946044762
649	726	0.1764512964798483
650	943	0.1018975477971321
652	679	0.10740271510882152
653	761	0.10107716738916445
655	711	0.17383984531529015
655	729	0.12510568240943773
655	803	0.11018771046059521
655	942	0.1404087640585041
657	889	0.13887213522370284
658	814	0.10949052725649466
659	816	0.10113546957599613
659	946	0.10028667329921033
661	751	0.11265600820273608
661	943	0.19010303406640008
663	671	0.1413422527505714
663	775	0.15779645695822667
663	777	0.11134344598602233
663	937	0.15661697006525538
664	812	0.14637424135969512
665	789	0.10990161258099956
665	933	0.14709103159581993
666	771	0.10468017205575246
667	924	0.10384531566566696
667	989	0.11476904730874105
667	992	0.10004954974592321
668	674	0.10464325797909561
668	676	0.11945604115037212
669	808	0.12355932646131285
669	909	0.23726698726461812
669	949	0.17110469902177386
670	767	0.13955184895149658
670	947	0.11743674554399963
671	707	0.13108011689291754
671	998	0.14182374252087207
672	935	0.10168956229266661
673	962	0.10569244830752691
673	970	0.11462760666817509
673	971	0.10925317093373126
675	714	0.13063393301229861
675	821	0.114070669471461
675	846	0.13412527468031152
675	909	0.12592266215126033
677	687	0.10120473991216897
677	963	0.11084721452610799
678	688	0.10984399003715821
678	714	0.11111112028768022
679	864	0.10797623544981301
679	867	0.11445911054979925
680	688	0.166453684207455
682	704	0.10869585091201722
682	742	0.10853848872778374
682	947	0.14560748159117223
683	731	0.1229396473532425
683	840	0.18058978714119206
685	856	0.11182072675730723
685	963	0.11234394985809215
686	964	0.10636112871714884
688	714	0.14773189565098788
688	746	0.10428091634659134
690	844	0.11375961818371559
692	700	0.10800633520942877
692	962	0.10544575883446536
693	743	0.11368000799733811
693	866	0.11579564173827449
694	704	0.16305074242283818
694	871	0.15120588502919327
695	975	0.10481514083526002
696	730	0.10376431429759968
697	967	0.11434540927902037
698	716	0.12892765942607384
698	739	0.12448902554686675
698	768	0.12946560334270568
699	942	0.11598383072347382
701	837	0.14314471302883178
701	975	0.11836906375433735
704	871	0.10271321720259668
704	947	0.11176575395291866
705	741	0.11871167780070714
705	794	0.1241189715346308
705	796	0.1639556490085765
705	910	0.14940327816158652
709	958	0.11063493101913882
710	780	0.10704940050007952
711	821	0.16755848252988825
711	937	0.12153822884215494
712	791	0.10415776846471816
712	850	0.13882906086398442
712	899	0.1030391519220125
712	979	0.12007703272070319
714	741	0.17092819832930775
714	924	0.10015280114369622
716	730	0.1053128589044298
719	838	0.1408557996878264
719	877	0.11149796771462725
722	740	0.12107071773334685
723	970	0.10111699448378413
724	728	0.16794802682441728
725	727	0.18840564073764626
725	729	0.10767412495316268
725	735	0.1078791875819972
725	816	0.10295731125226512
725	906	0.12839145136141852
726	728	0.21756366376704647
726	736	0.10036019265573475
727	818	0.1045487548803217
729	735	0.1324503815297637
729	981	0.1621084903755421
733	790	0.11441294604190518
733	812	0.1791513387059819
733	933	0.10890123140201274
734	937	0.1014766487050045
738	870	0.10295271255136525
739	773	0.1356864011162442
739	863	0.10865945024900672
739	864	0.10429662797413516
739	870	0.11514267040143873
739	884	0.11736135966836836
739	988	0.11175834389732275
740	813	0.11573145237436183
741	982	0.12681318501837496
741	990	0.1715702704799855
743	877	0.11136607999945099
745	780	0.2736064631455023
749	768	0.10219981119658078
749	788	0.10944121352652521
749	794	0.14118321655783525
749	822	0.11207306141370071
749	828	0.16119086675764882
749	998	0.11784146812018136
750	762	0.10485221912131677
751	943	0.10101687989864663
754	760	0.14779267158039622
757	861	0.24522932585335672
757	902	0.11278377790168619
759	945	0.10574060262856964
760	772	0.1071207611076315
760	774	0.12799210029994768
761	976	0.10803730665366539
764	897	0.10124496838644592
764	917	0.11373523145558835
768	816	0.11505532145263722
770	997	0.11377709325763012
771	987	0.11297325449053414
773	913	0.11618875569744463
777	924	0.10432365998025062
780	802	0.13261980334410936
780	818	0.10120525440015014
781	918	0.10515896664347682
781	985	0.10860671581118907
782	820	0.12561533974880748
784	834	0.11764672673543684
784	891	0.1056611281068619
785	916	0.13324379203425268
785	942	0.11002975276978869
786	909	0.10511490235575466
789	925	0.12493572618198964
790	796	0.16001146355766793
790	812	0.10628033810002623
790	869	0.13273365311018243
790	987	0.15898653302839919
791	895	0.10582760000240737
792	822	0.10468386996111223
793	835	0.12499215984707096
793	990	0.1238624377345023
794	822	0.10801930474723778
798	828	0.11497047336734605
798	834	0.10583441700004015
798	967	0.11158020343149089
799	888	0.12520738251586805
799	913	0.10877843895311265
799	955	0.10558615657488327
799	958	0.10447753538586127
800	987	0.13507659218979395
802	826	0.14549141759156134
802	828	0.1071693204370706
804	806	0.18880921652199517
805	833	0.10216855426926202
808	824	0.15452639217947495
808	909	0.1777258104276775
809	836	0.11838085403433284
810	814	0.14027888412661843
810	821	0.15048334110597675
810	949	0.12737282034823605
811	893	0.11198437756514747
812	818	0.22955558302775841
814	909	0.1351725754523256
816	818	0.18167449865418048
816	828	0.13392148639804932
816	858	0.10033481380491241
816	875	0.1171117581671084
816	879	0.11334602322810126
816	949	0.14953428853553383
816	951	0.14199262700323428
817	871	0.1596111942156924
817	967	0.10082924355275197
820	821	0.11680673049872681
822	828	0.15308286018087025
822	834	0.10857882229880464
826	828	0.10998442844345874
826	834	0.12067020369695144
827	921	0.10053968727768613
828	836	0.1461697320740274
834	853	0.1368629640982298
834	927	0.14943971190712416
835	976	0.10212895858728009
837	986	0.14723916374675436
839	852	0.12368600951913845
839	895	0.1404133179058479
839	978	0.12416256984462835
840	842	0.11847377135132314
840	854	0.14977581751320135
841	910	0.11182946905620327
842	865	0.10022256219427063
842	868	0.10388129375482455
842	876	0.1593834718280957
843	886	0.13473972260977538
844	850	0.14225499767136274
844	887	0.11734831769461852
847	871	0.10548678143811636
848	982	0.1075055148056681
848	992	0.11184760637847256
850	852	0.14163738436022175
850	945	0.10099394146358687
852	854	0.19435742873133677
852	866	0.103903356472072
853	985	0.12630164044664455
855	904	0.11166571632306828
855	956	0.21021139686375917
855	972	0.10669231498334793
856	862	0.17978715027793082
856	955	0.1488919290546469
859	986	0.16750924592027702
862	866	0.10187827756580703
864	867	0.12745127380126106
864	906	0.10335721780165734
865	866	0.13283394991411251
865	876	0.10824377044198198
866	868	0.19441297088158366
867	906	0.1009230118151152
869	987	0.14359339771715207
871	916	0.13021009654572366
872	874	0.2072024958826599
873	875	0.2162322209044851
873	879	0.1252389253397159
873	955	0.11897484056535985
874	886	0.18598372026816984
875	879	0.13486125277831432
879	917	0.13911515927307608
881	990	0.10178835038990401
885	975	0.14483572690514282
889	995	0.12326220003427009
890	894	0.23906550702485116
891	895	0.26910263840313287
891	902	0.13504488146194585
891	910	0.10450124436353683
891	914	0.14264954488460294
891	943	0.1431912398487736
892	894	0.36148942939237305
897	995	0.10894677411703724
898	945	0.10611340625719128
898	955	0.1072960099049712
898	986	0.11299759359383167
900	904	0.14623114970214546
902	914	0.11936617902808412
902	916	0.10375107675704101
904	926	0.12464085097664561
904	943	0.12577692460265427
905	979	0.1364724603170317
906	914	0.1536636709144379
908	941	0.11608410701260573
908	974	0.11537289523513576
910	943	0.1247380114393476
913	933	0.12531271922279932
916	922	0.11804834414701096
918	941	0.18902710388484595
920	943	0.10100407834440231
926	941	0.15744485825161916
930	932	0.1341664225205316
934	967	0.12366982376715506
936	940	0.10287386982648129
938	943	0.10266294846172459
945	962	0.17390085310930192
945	970	0.11872174352492548
945	982	0.14160869014965263
947	968	0.1016529999520541
948	952	0.16760538154833363
948	996	0.1408673302418762
957	989	0.11899591049836404
958	961	0.11314172916622027
959	994	0.12029268807688373
960	991	0.11404946748237907
961	968	0.11216124609345368
961	978	0.1526612440571138
961	982	0.12064258863121709
961	984	0.1257285418258292
961	998	0.11667738706921724
962	966	0.1256062927272814
963	991	0.18033297798006298
964	968	0.15533718462640728
964	978	0.10678269029213897
966	982	0.11403953036157113
968	978	0.1309650363278566
968	982	0.10163958460177064
968	997	0.1079449047527037
970	972	0.1630998412553158
972	982	0.1715159528103316
973	976	0.10400370227613796
978	997	0.10065473565341547
979	998	0.11085224442452385
980	984	0.11068070527483519
988	990	0.16220576806328538
994	996	0.13979692180710585
