13	253	0.11563811897570996
14	64	0.10075067857346491
42	48	0.10375277829491815
43	45	0.10731235219601133
58	957	0.1564763837532759
61	330	0.13239907932365624
61	991	0.16890727656839083
65	247	0.10472756891579375
68	70	0.14752087589009746
71	595	0.24439157932521238
74	792	0.10523297464457554
77	205	0.13072410640786677
79	669	0.1262891195223184
81	669	0.10657832899632792
81	812	0.12979948623567722
88	102	0.34221667971140496
89	224	0.10301228746857641
90	94	0.1366352667878606
90	98	0.16971111109156098
90	108	0.26159800041428255
91	788	0.11074226754922609
94	98	0.10073003542391859
96	102	0.1235039822952458
104	106	0.1676144227509765
119	608	0.24462337114316443
127	786	0.10643570502817645
130	168	0.17291346123647164
132	438	0.14752995707914535
138	140	0.19209371211325327
142	667	0.12019630528365459
145	978	0.11223914945840077
149	972	0.10642674467370364
151	657	0.10061496144207009
151	871	0.11577253706823407
164	170	0.10249224766202521
178	191	0.14068679943603862
188	204	0.1844450945709081
196	198	0.20783304547452625
198	491	0.11039343719034532
200	228	0.12205235639490762
200	491	0.12256091511713767
203	280	0.13911191042883037
213	215	0.10617042949997106
213	598	0.11367648565523296
228	809	0.12559771849312537
229	517	0.22388754599335817
229	807	0.11596294945609122
234	238	0.1324232082345891
234	991	0.12220308588435559
235	599	0.10735404492820677
238	244	0.1453906463087151
245	987	0.15849629951694683
256	258	0.21894786859711474
279	379	0.11651961896171498
282	963	0.11024710491503756
284	330	0.10143473503822512
286	326	0.1505418309795135
286	963	0.11620779557287145
295	958	0.1036403172823934
314	359	0.12019570212393531
323	374	0.1044479884227265
334	723	0.10767769842802678
356	877	0.165940779237431
372	674	0.16531250035670766
380	942	0.10436003853987114
384	386	0.12862659688633582
388	392	0.20994067691571716
397	685	0.20530102744813464
412	647	0.10699738350711781
414	495	0.13183506284146929
425	954	0.10840621099726847
437	439	0.2078035482949266
441	956	0.18114494260698027
492	494	0.1133459686992785
493	930	0.10148288871485009
502	506	0.11489108182984191
508	979	0.1680636894282814
515	517	0.15733327218941479
515	521	0.14133039504661288
520	524	0.11960377616939705
525	841	0.11836328499040541
554	602	0.2306367444982696
571	705	0.10666156377147537
584	586	0.14055049122733082
604	606	0.10636130070830264
607	609	0.12810093652525806
620	622	0.1542286987259502
621	982	0.1108766106656392
622	624	0.13703753968563068
638	803	0.12492121658086858
642	666	0.11678489858825311
654	668	0.10468418268687445
671	796	0.10377340731861673
680	704	0.10008375495396243
712	714	0.11571950776042948
714	716	0.12867230570784655
716	887	0.103926836709629
755	821	0.11125801186220056
763	886	0.10575109159651007
783	792	0.10131470443241677
792	794	0.1011293793089012
804	806	0.3734962000087617
812	949	0.12366559171873673
824	869	0.12079666380257018
864	867	0.12283151977761098
891	893	0.10834532505641863
892	894	0.12272504269508626
893	895	0.14039531913459521
909	949	0.10894510627321914
956	988	0.10144958439891794
960	988	0.1333620789069345
968	984	0.1198940624052947
974	976	0.19034811568525026
