3	947	0.11673893538226106
4	691	0.14440291929943797
7	71	0.1031156408616554
9	489	0.12084107792366879
12	102	0.10530816011419819
13	515	0.1309462641456259
17	968	0.11536283194065117
21	514	0.11280690654289395
21	538	0.11290015297290805
28	439	0.11811578631343893
31	266	0.11325430534055175
32	141	0.11322019729606449
35	37	0.11277570109727153
38	653	0.11487390048301262
39	549	0.11025363871678646
43	45	0.18625675770446862
43	788	0.20005509150924722
45	408	0.10085303701213774
52	229	0.10773861058277978
54	517	0.11303324414186276
56	493	0.12608239775584243
56	977	0.12777674405873227
59	793	0.15633114625456182
61	312	0.16497186939839836
61	991	0.12177129616025269
62	64	0.137458959839241
63	955	0.11687483282819737
64	977	0.18642079447374607
68	70	0.13086653244254148
68	72	0.2964381190063619
69	379	0.12044404176369715
73	481	0.10432392601144125
76	264	0.13724648661525543
77	902	0.2174857319836431
80	861	0.1040686103423787
81	812	0.14049434163993638
81	826	0.1328565361511658
85	631	0.15461315204463974
87	775	0.11085381085667768
88	94	0.17287000124087296
88	100	0.1001993994029153
90	94	0.16460130622847827
92	96	0.19047586215921555
92	106	0.10466634491604675
94	98	0.14376313813181485
95	414	0.11270017213577074
95	739	0.15616462275110174
96	100	0.1394683957903952
96	102	0.14110003207312655
96	104	0.10231377123670629
96	106	0.21859061428649096
98	102	0.25542319395103297
99	959	0.11793064141779255
102	766	0.12386407383952129
104	106	0.21860657121999974
104	108	0.22740743638516736
104	223	0.124975052635366
106	108	0.14530216874088475
108	352	0.10143464281863258
113	567	0.10822530721141382
117	667	0.14360593761280777
118	122	0.11300298223506751
119	325	0.10542515148023617
119	610	0.1425622279522625
120	128	0.13721958634361472
123	125	0.14015166912890448
123	127	0.1595509619409429
123	733	0.20894135432682898
123	822	0.1109105295111933
123	828	0.10116001905321326
125	151	0.10114897505325587
125	669	0.11158085384662167
126	933	0.10141618933541385
129	287	0.13164233391644178
129	421	0.10033959319765995
129	707	0.12573310376238442
133	143	0.10846313118079073
136	688	0.11230730446499883
139	216	0.10824163251321253
140	145	0.10516762912634749
145	992	0.1273051100748876
149	319	0.10624610514235389
149	636	0.12927197246566802
150	335	0.1447277665331619
151	404	0.10524890194441283
155	557	0.14920668072028423
164	193	0.10211139385083856
164	216	0.10828717450067796
166	172	0.10984060403922212
166	231	0.10263615941788476
168	200	0.10930089679891143
170	197	0.11569461600399665
172	174	0.10784520000945533
176	178	0.19116871067503316
178	193	0.3166579304731246
178	197	0.19794294511522578
178	299	0.10220222730043453
184	927	0.13115459505011817
188	204	0.10448858075999858
189	782	0.11883017681811371
189	842	0.12120646606996896
189	843	0.13625106244475704
189	854	0.11204371093281548
193	197	0.12752067920797214
194	228	0.20863098591988236
196	200	0.11632325861148766
196	585	0.11008371138098234
198	200	0.11600831037136101
198	204	0.10232037119463452
198	374	0.12159644485291973
198	491	0.10505961696192519
199	902	0.11564720354836017
200	202	0.1259477101338202
201	327	0.10346497874634332
203	280	0.13630512712360218
205	908	0.11546978347222747
212	214	0.16699788337858504
216	649	0.10590838504726803
216	711	0.10916393340477695
223	861	0.11219580848761616
229	493	0.1031080694157312
234	240	0.12131968567802559
237	269	0.10777861313968425
242	244	0.12170245638925932
244	246	0.11146799801170658
245	466	0.10439724144921396
245	796	0.11979405011624635
248	344	0.10670015943869406
250	330	0.11398843749154634
250	345	0.1172524817023256
250	441	0.10209608765345062
250	535	0.18164500342343104
253	533	0.10153789488679146
254	264	0.12471438936881701
255	702	0.10000963294835274
259	665	0.11835689787527134
262	264	0.13031944919722507
262	387	0.1172917779093556
262	537	0.12382042953632856
263	647	0.10057661922536733
264	266	0.10069269417970582
264	316	0.10597685449152308
269	347	0.12239343316145175
269	412	0.10902645317028317
275	442	0.14931393016040884
276	775	0.11982067045008497
278	332	0.11593028602891645
279	507	0.10923290106138957
282	397	0.11196659207091761
283	761	0.10766760241674402
284	298	0.11742678850823532
286	332	0.116394642650411
288	995	0.11704235055098117
289	365	0.11547156562605229
292	322	0.10066305101110713
294	318	0.11522334947912376
294	961	0.1043791473640174
298	326	0.1020661441845261
299	802	0.10462266625298607
299	808	0.10530486747564465
299	822	0.10324619138502765
301	814	0.12850705506054813
301	820	0.10071314647439195
302	963	0.23402727768146
306	326	0.11480447967280233
307	878	0.10218905902751417
311	910	0.11262836757362713
312	963	0.11615227045900926
312	991	0.11977863310686322
314	318	0.12483470792793684
314	359	0.12735271491551547
315	493	0.1045625350581561
327	733	0.1225078557219962
327	773	0.10274528145210557
328	373	0.1010513051418538
330	991	0.10031827174372875
334	995	0.10115537424189934
335	642	0.13507876092970206
335	644	0.10287302454380977
336	694	0.11658636778359419
340	879	0.10729642572264075
342	595	0.1061116893365799
345	397	0.11023453160502615
345	821	0.10336541506412589
345	995	0.13961252263505514
349	648	0.10836488148274483
354	385	0.11080284178191933
357	604	0.10224812154657893
361	839	0.1331607495753762
366	953	0.10772901351006627
367	650	0.10515517678263261
375	967	0.1113661055900639
391	393	0.16679531216162005
398	603	0.11137553143235975
402	523	0.1027672509983317
406	481	0.14188268702668064
408	495	0.12565560237239023
410	573	0.10136175311221059
411	625	0.10935710931844124
411	990	0.19419437374758078
412	422	0.14051647141999532
412	884	0.11842943671866331
412	945	0.12749327248346026
414	603	0.10006604127761207
414	657	0.11126077479985558
417	923	0.1187380415799308
423	802	0.10816376300564787
430	440	0.12927633203927713
431	937	0.1038203689708502
434	474	0.1003596723650082
436	468	0.11190687364790683
444	448	0.17014191809919177
445	449	0.36430824046958027
445	451	0.10172832895395072
447	451	0.2929756182128747
448	450	0.2591261246713797
457	761	0.12350915027888645
457	988	0.10703106245003821
459	972	0.12136308427054968
459	984	0.10424876609661947
465	474	0.10861556718422995
466	482	0.10365701542429968
466	647	0.10611917604383936
466	839	0.14791045809193945
468	488	0.20864022176024677
492	512	0.1324722523021566
501	599	0.11259530825199107
502	834	0.13093832668059488
503	926	0.2574277167157303
508	935	0.119040322215689
514	516	0.15406706699976794
514	538	0.11851754572738646
515	525	0.15773177345355074
517	525	0.2204054956159063
517	807	0.1589735582832868
517	957	0.10224796105950423
518	524	0.12214621823196205
519	521	0.12259013214023184
519	525	0.1930203152219347
520	524	0.123350939722438
533	868	0.11218549965908109
552	554	0.10077653558793356
556	592	0.10618296675792221
556	779	0.10172465788144344
558	560	0.18960761304837853
561	899	0.12931490486040867
570	574	0.11315177496315165
571	573	0.16762719893213965
573	639	0.10226874186271487
575	705	0.12030765096286564
576	931	0.11981934736257108
583	744	0.10725022816720926
585	587	0.2518657655665309
585	863	0.103631671753439
589	884	0.11779892103512354
590	604	0.1064146513057768
591	759	0.11714395713950285
592	779	0.11326785238768182
593	917	0.18330275970346682
604	903	0.10960892466749513
606	610	0.24235463782153704
608	610	0.19371664249140497
613	989	0.11201866137424518
617	809	0.10207558074615293
620	626	0.2593015488710619
620	628	0.3476167717373507
621	627	0.15532277527362426
621	899	0.12199271888774453
623	625	0.1483228715119655
624	626	0.1616252238861622
626	628	0.2727200618214135
628	668	0.10205206079383784
632	642	0.10900235308450977
637	645	0.11127874245949826
638	803	0.10135240401210485
647	864	0.1308737799519436
650	656	0.12707561506409001
652	654	0.10472917032478961
652	679	0.10810787824050555
657	889	0.11724403297907429
658	725	0.10109273421621097
659	941	0.10303289677083757
669	822	0.127865883534416
680	688	0.11269721346831069
722	887	0.11910576940453348
723	864	0.11166446202307767
724	736	0.1420785330919656
725	727	0.15434443998810699
730	732	0.21647900452302699
733	987	0.12041329721813937
739	850	0.11345217885692918
745	824	0.11503199222656797
747	989	0.1267031769148103
758	762	0.11955346554635063
760	762	0.10940718950148229
761	970	0.11093897135633946
761	988	0.11247052557518299
772	807	0.11262980541478437
780	869	0.13025266928970697
785	942	0.128933515437707
790	792	0.2420545771985382
791	862	0.10235674247667968
792	909	0.10244871701636299
792	969	0.10639555700699357
804	806	0.29741477125286153
808	820	0.10057814971359838
808	822	0.10105653800072793
814	909	0.152880198377966
828	949	0.10094092149983774
844	846	0.11760456902996386
855	976	0.10283464458099266
866	868	0.2772418712210479
872	874	0.35230934196038927
875	917	0.10809070379159046
893	895	0.18263931611957315
904	974	0.12785964144576947
909	949	0.10351465520901276
944	984	0.10279824109437331
945	970	0.12645218915370998
948	960	0.120315326952762
950	952	0.14912054590043322
954	996	0.1104523873155278
966	982	0.13019746632773851
