24	106	0.10447469833068727
27	441	0.12213249077326059
29	197	0.11015163335345234
43	788	0.11542648476349952
54	807	0.10662211044936068
70	72	0.13138024360733105
71	237	0.11010152119348753
77	902	0.13953049575643853
90	94	0.1067688547263766
90	108	0.12552410473436582
92	96	0.10215736996397728
94	98	0.1360896040252599
94	102	0.2009876123485314
94	108	0.11318890994378332
100	104	0.15404867838036523
103	973	0.10684410730846741
119	604	0.11374060348467277
119	610	0.22222777874869765
145	264	0.10945908762303523
168	216	0.10049385593455637
169	899	0.10148501637457684
183	320	0.12287656548634499
187	270	0.13490709895116174
194	200	0.17251541346417107
196	204	0.12553301648627546
198	200	0.13356233125801395
203	280	0.14308888253911814
203	334	0.1362967600919576
213	646	0.10432534840204301
222	224	0.19112103916567624
228	333	0.11573803375611397
229	519	0.13354516967670535
229	525	0.14176587399583257
231	233	0.1355294081377774
231	711	0.11192188988662574
241	289	0.1370880526060882
257	299	0.10053680406511911
257	589	0.1047771748525746
262	264	0.16245569891685419
263	871	0.1094191610242943
286	323	0.10360178384723734
302	306	0.10542175555781066
302	963	0.1182666322529698
305	637	0.1495317477853836
310	312	0.12103490593901059
318	995	0.10613653936704283
319	988	0.13461124111824274
327	821	0.1366222350265974
328	330	0.10362595733196331
337	687	0.12535041064960376
343	534	0.1010080122957698
384	458	0.11172210043612128
387	904	0.10483052182631035
388	390	0.1264597680751524
389	393	0.10642060008770969
397	685	0.10921615032981544
400	414	0.10704192133893199
404	603	0.10162386348392327
408	867	0.12990725767294156
414	418	0.11042204928855247
426	428	0.10220981372655172
428	573	0.11615823498015362
433	593	0.1005628596174954
434	470	0.11776279023238574
445	447	0.1265959367551151
456	815	0.13918850369636324
457	761	0.11842294824042467
462	464	0.19328032319041713
492	494	0.10311723189434725
492	538	0.10071114503901844
503	926	0.10180503698468736
514	516	0.1947348402920392
517	519	0.21189537540063894
518	520	0.1082720241707682
519	525	0.13327800229291273
525	841	0.10305390558072806
552	556	0.10216193454478649
554	560	0.13440194875262493
556	558	0.17482175583261403
570	572	0.14371595956046895
572	574	0.1118256130983011
573	692	0.1290709999334292
583	744	0.1728417780516796
593	917	0.10622701708786253
623	625	0.10110934077895915
647	723	0.11351503186632013
685	995	0.10526801682333366
734	897	0.10942959204121935
843	862	0.10185294409116855
854	874	0.12871981646631694
872	874	0.17442534871274298
873	875	0.1189587591615004
892	894	0.1240429045855087
893	895	0.11173581639047682
941	951	0.10368884254534594
974	976	0.12981099514723743
980	990	0.10925087340144381
