5	274	0.14101840775539934
7	51	0.1202627387095828
7	605	0.11052436720120483
31	652	0.10880893819681414
35	37	0.16445249743966128
43	45	0.20197309192233884
51	571	0.10133509435934013
59	791	0.11649293244865483
61	236	0.12502446803537023
66	70	0.12146568272851475
68	549	0.12652356045697394
71	269	0.11018473559674632
77	205	0.24300500730559893
77	902	0.27167403694778974
80	82	0.15466428431985982
88	102	0.16809828872503926
88	108	0.11898754236442326
90	100	0.10137118591178959
90	108	0.11104285195355777
92	96	0.10057513766042629
92	104	0.11754878674586972
94	100	0.12523585655724237
94	102	0.1434630635743332
94	104	0.10570069932275963
94	106	0.2278348284247619
96	98	0.2030990988479694
100	104	0.14109919973085527
106	108	0.16476798325006803
120	126	0.10464678194319034
121	603	0.1016518802905411
123	125	0.27960771109654997
126	128	0.1274146570277027
126	130	0.11218439296016562
128	144	0.10084485435804373
129	131	0.16061694304970764
130	143	0.12180078201004549
131	287	0.1258949704815988
132	440	0.10849930510137529
136	138	0.11884242691550392
138	140	0.1481044128795907
145	262	0.11658969649941385
145	855	0.10638583476666699
145	982	0.1082471667222931
146	150	0.1011202335681387
146	862	0.11626438547486699
149	335	0.12840982628839942
151	976	0.11443803443088284
166	172	0.14313914914018114
170	174	0.10575007939231425
173	261	0.11254260635679787
173	659	0.1085888773699338
177	448	0.10684749156588184
189	874	0.11294059045199793
191	197	0.14499237618899413
194	198	0.15623930767275435
194	200	0.2134637356004952
196	200	0.10130505798462078
200	204	0.1606556411458573
200	585	0.10127465801558176
216	969	0.10451054491292146
222	799	0.1171199630482419
229	519	0.12500962999547272
235	914	0.11790797132466486
237	595	0.11366614172094454
250	535	0.2558836365356063
254	310	0.11680022848673542
254	677	0.13054343490291664
257	879	0.11295945497440975
262	336	0.10891211331428619
272	675	0.10130985271086462
282	981	0.11943630550014614
283	296	0.11767815856618888
290	292	0.17203097636317946
296	336	0.11810470744735369
299	669	0.1158506303862998
301	824	0.10525766126355554
301	909	0.14564101768515877
311	562	0.12755969404749815
312	314	0.10238770637346181
312	991	0.10398573480377803
326	397	0.12852897410814715
329	385	0.10979837532344267
331	479	0.11064585331842097
334	714	0.10224295657337788
348	373	0.10700929876757696
348	535	0.13246672292567205
363	969	0.11716186771645686
366	951	0.12798940235456782
372	676	0.10597335440756141
385	406	0.10809516092175521
389	391	0.12597402928190876
410	412	0.16492973819708515
412	444	0.10051018640509442
418	657	0.11083770184103839
424	426	0.16244303877515434
425	944	0.1360720677539204
441	481	0.10228635516449519
445	451	0.15685393670498207
447	449	0.3756613545402471
447	451	0.22906558128762505
457	459	0.16954241337208345
466	470	0.12093067089211941
473	539	0.11281596438441664
477	854	0.17999613084533087
508	662	0.10473343706359223
515	517	0.20301462502425785
515	521	0.19773415091063581
515	841	0.10470962702448817
517	521	0.15126368184887565
518	544	0.11332110857462933
520	524	0.1321213203503368
521	525	0.15739536739602517
525	805	0.12294547196127915
543	889	0.10802090700490267
551	746	0.10021661975522425
552	779	0.15234208059565302
557	790	0.1008505732433382
570	572	0.17268029744301655
620	622	0.15990243199957588
620	624	0.1470417579494786
621	627	0.1555652514400004
623	625	0.10049822454249968
624	628	0.11605067868296182
626	628	0.12020924560506925
628	644	0.10116673738993348
652	654	0.17741856678295728
658	967	0.10023489570345843
683	840	0.12427415806897488
721	801	0.10352578923473499
730	732	0.1734690309983156
742	811	0.10352076611483824
745	824	0.13561272837287364
749	798	0.10717952317222172
756	760	0.11391203482755409
771	932	0.11012321601303977
791	793	0.10295755438057548
804	819	0.11700756428608576
808	987	0.11836166110032963
814	818	0.12059363940202299
818	909	0.13414928939317747
843	868	0.12141999277910506
864	867	0.2546226324468952
869	949	0.10162436899745432
885	923	0.12547648019806806
890	892	0.12527818530813542
890	894	0.24905770762772875
893	895	0.1461931913444081
909	949	0.12221651435501159
956	980	0.12667909646162526
980	982	0.10134581901804864
984	988	0.1671711078715908
