5	274	0.1104939983710463
15	405	0.10332800123167728
18	255	0.10305101857424744
42	484	0.10135947152443907
45	788	0.10752131827645246
54	517	0.12634805505112873
61	296	0.11173568255654719
65	215	0.13041880210984366
68	72	0.15348885619909142
71	237	0.15116883342004656
71	959	0.1071932924200292
77	205	0.232827795720433
77	902	0.1166697624474891
79	83	0.21031301296255225
83	617	0.10483345812494409
88	96	0.1747508496676881
88	100	0.18582642162398696
89	416	0.11923608873978904
90	92	0.1424175504905975
90	98	0.20044968571087657
90	106	0.12937096283975852
90	108	0.14431956987993244
92	108	0.11780838244078759
94	102	0.16633517682565097
98	102	0.1403523177794348
98	106	0.23665515425323783
100	104	0.11364541473947379
104	106	0.1180587236381526
111	468	0.10786292492729611
123	127	0.11711245942678127
123	389	0.10099942825143647
127	987	0.10479270833475009
132	438	0.23028760824071026
134	404	0.10650422645000404
138	140	0.11407475298011922
138	587	0.10339168521432816
144	221	0.11953840449109403
145	961	0.11279358849039005
147	819	0.12623118021035873
150	436	0.13340871256352477
151	400	0.15785797173124003
151	406	0.16493520233358838
152	794	0.10186740955968526
170	180	0.1099954535413766
174	191	0.10186760209497372
177	448	0.12125772067804641
177	450	0.10622605015162645
190	192	0.12387181453990878
191	197	0.12005074729481359
194	196	0.10999701549687524
194	200	0.12372410503229372
194	204	0.1033011120102339
196	204	0.10229582949277492
198	200	0.12852525144785626
200	491	0.1785262332040463
201	909	0.11073219632840627
203	463	0.14437486990465512
210	727	0.10101697824755124
221	880	0.10642318613798075
224	799	0.12972566912130976
229	805	0.10006701281655055
232	373	0.11003323252636524
234	369	0.1485521028314404
248	254	0.10234009681833996
262	332	0.10647398860729712
265	468	0.10508114127319233
269	428	0.1018471624787695
290	304	0.10006159575844954
301	639	0.10065711620362812
302	306	0.1105577235220211
302	310	0.11680239342519658
313	679	0.10569924406462688
319	441	0.14693962125804041
319	956	0.10785932491704683
323	423	0.14699275038011245
323	535	0.10513457642525567
325	560	0.11055373679094216
330	963	0.10200891827754774
333	730	0.10778431053031336
340	342	0.24170953287904998
343	973	0.11043541964793112
345	463	0.11390756338045456
345	995	0.14594797645774724
353	835	0.10448137107561893
361	391	0.10433478021392181
361	398	0.1065224188129955
388	390	0.16750065082872811
388	392	0.2404144904079325
389	393	0.10503970567324585
390	392	0.24043242835736
390	458	0.11337271453022335
392	458	0.11253381415183394
420	603	0.1004655718953153
424	495	0.10596334871157989
437	439	0.1178359206379017
441	972	0.1483021958949634
447	451	0.32049058277559844
448	450	0.2270858057439411
462	464	0.21931526245021568
463	723	0.12586816316117652
465	603	0.10352535587983057
470	835	0.1263123572872051
503	926	0.25989174821396627
513	665	0.10307671601891476
514	518	0.23893174800655095
514	520	0.23810359495161806
520	917	0.10742803945350214
521	525	0.12148395114400427
523	962	0.17102913703150657
536	792	0.12208885913007723
539	933	0.10581302457151001
551	744	0.15860643801239743
553	555	0.1750794597531448
554	779	0.10240485832649984
563	619	0.1413424558937171
571	857	0.10824822439178489
573	575	0.15026273287974093
575	705	0.11516105656827122
592	730	0.11137975440494921
593	875	0.23046405092960606
616	618	0.1945457527109132
621	858	0.1367799978090184
624	626	0.1528954414411932
632	676	0.11991787036902792
635	964	0.11519705129572846
637	769	0.11067896917057804
680	704	0.12355759763130496
681	741	0.10473253314811382
683	843	0.11867590774424672
724	726	0.14334311510807052
733	828	0.10112042330902352
764	917	0.10452699399092089
798	914	0.12317001322395758
805	807	0.18274698843699808
812	818	0.10750218907069252
828	987	0.12131728242404549
835	993	0.12297192721432887
843	865	0.1398498903918391
855	945	0.10783540875094871
890	892	0.22901272138322268
891	895	0.14988763829760107
909	949	0.1164084663053905
930	932	0.11835678475833666
960	966	0.11434986204997932
968	978	0.12670848000327334
982	988	0.17144423832982972
