0	4	0.13163311843975645
0	651	0.136789934311574
11	160	0.11124903293126405
11	161	0.10566054714651117
20	741	0.11310849531487277
21	510	0.10997104983741823
22	907	0.10866718039918295
23	791	0.10317138641447603
24	104	0.12496077741015003
28	254	0.10689591471455351
31	332	0.10352348766831926
35	37	0.3413456485314718
37	479	0.1127448674301087
41	297	0.11824050795128618
42	691	0.10052473601923673
43	45	0.1131525585961879
43	91	0.14356406196415178
43	669	0.11598310298897188
44	968	0.12483059485083009
45	91	0.10036267177615558
45	391	0.10247330280347197
47	627	0.10902040687372382
47	972	0.10522076187164407
51	319	0.10175108339534952
54	525	0.12649270872845209
57	295	0.1270625178409435
58	100	0.10017016240887228
61	296	0.13058462904745483
61	991	0.2733698541850085
62	820	0.10556874088322916
62	931	0.13736096784477175
63	65	0.12093588305275621
64	977	0.18012021557276284
67	732	0.10768282621061526
68	70	0.216446588535089
68	651	0.10312089175655442
68	811	0.1413527583517691
69	113	0.10097881989603708
69	759	0.11704748803361721
76	218	0.10081732796989262
76	613	0.10320774518676197
77	904	0.11643985305657113
77	906	0.1208585246678602
78	82	0.17650595049168982
79	83	0.10304853113384975
83	147	0.17588450158813984
83	201	0.10803727838078818
84	253	0.1282149451141717
88	90	0.2317334158649892
88	98	0.11905659483939225
88	102	0.12466712078230215
89	412	0.10204186689834394
90	96	0.38736240837174396
92	108	0.1741057821791367
93	307	0.10886714237693629
94	96	0.2843186339762257
94	104	0.107081475851665
94	106	0.16618485942393516
94	108	0.10002477717996373
95	979	0.11428206769244524
96	100	0.14173289741125575
99	237	0.11018911630817432
100	104	0.11345209852034858
103	508	0.1179774508405547
103	546	0.11134559521126346
105	495	0.1100464432377045
105	608	0.10100392369191982
106	108	0.10474952993412487
113	955	0.10208151299548726
115	714	0.12483303452153002
117	267	0.15025890749705664
119	604	0.20933584962298482
120	140	0.11526644279154884
122	124	0.21149892198973705
122	156	0.10942587251698593
123	909	0.11604757605752022
123	937	0.10374791963589598
124	667	0.10528820319367663
126	969	0.15705809744840124
129	131	0.1957924973826167
130	168	0.10420351694605492
130	497	0.10316999513018563
132	438	0.24107910135343086
134	170	0.10661956971864746
134	222	0.10851216126849367
139	206	0.12667067428016388
139	593	0.10697905107507515
140	684	0.11723969038870247
142	224	0.11279142062258499
144	188	0.1409475197083092
145	431	0.10106148102379962
145	536	0.12011681377672856
146	667	0.11226902600370228
146	969	0.13510172904286766
147	870	0.10816061314544065
148	666	0.10237365333499739
149	632	0.107721807540787
150	436	0.1063050682856767
151	398	0.11785306453049464
152	448	0.1099909312017795
154	631	0.11521739299615343
155	259	0.10494500373587885
155	557	0.10331065033923431
166	174	0.136508413745906
166	224	0.1073223150405507
172	178	0.1061998733875744
172	222	0.13260350720225136
176	182	0.10587569310353495
178	193	0.19954238521494289
181	219	0.10368959192809432
183	320	0.11086297583877816
188	204	0.1780727599415997
188	221	0.11103461915235209
189	872	0.15878901717351168
190	192	0.3679553088068085
190	198	0.10297580816046999
190	934	0.10017953724863957
193	197	0.11163471893073097
194	196	0.3784138173159787
194	202	0.10897606512285057
194	228	0.18531458671451936
194	491	0.2422741447463238
194	809	0.10806469383994521
195	761	0.11853823634814806
196	198	0.14004641538792756
196	202	0.10087678650889137
198	233	0.10596718530114416
199	902	0.14969228583494454
201	812	0.10295926296580683
201	834	0.1053604861205817
203	282	0.11934245718281467
203	345	0.15453133763077043
203	463	0.2432379938298432
204	231	0.10320403240855518
205	902	0.16678586702000187
209	923	0.11206536400691396
213	598	0.167552433069809
219	962	0.1180377311135586
228	809	0.10268773045578061
229	519	0.14120577641593896
230	719	0.19286050466870455
231	587	0.10872717464938982
231	619	0.10160048145567904
233	261	0.10013592969118801
233	932	0.10723991732941507
234	238	0.1030447692135749
234	240	0.1396897269691972
235	471	0.11293943062501607
236	240	0.11346859393472113
236	302	0.10181672607571078
236	369	0.19056396394983155
238	677	0.12439353139195732
239	335	0.11044618940584452
239	856	0.13348559742440005
240	242	0.14904836406003696
242	248	0.12340489073951079
246	374	0.1319983462776121
246	677	0.10354228078909368
250	344	0.10451796069438785
250	605	0.11695961086845469
251	931	0.10362834351750415
252	302	0.11584025611410168
256	258	0.15105799453798155
256	314	0.11042151765888075
257	370	0.10315558136641263
260	385	0.10901036457195262
262	266	0.11799505300144625
262	323	0.11645577723298527
262	387	0.13695776434916174
262	649	0.14387747638428514
263	862	0.1462813472854819
265	782	0.10798172141863716
267	992	0.1123743509072312
270	318	0.11178180669343506
271	595	0.10103716208830286
272	304	0.10758148213118637
272	475	0.16724278747224175
274	423	0.11745315743178322
276	340	0.11549052709413643
280	334	0.10228476528308578
281	901	0.10752083209804333
282	286	0.10415314787538513
283	296	0.10945029180466312
286	330	0.1720747649693165
290	292	0.24022263147744746
292	296	0.16478507367937342
293	337	0.14409982526929455
294	364	0.1062871214652099
296	330	0.16246589105459558
298	463	0.10964769871462199
298	904	0.1244468548678495
298	991	0.10007069095263564
299	812	0.11059003064430163
299	949	0.10882037448644193
300	306	0.13110496473275907
300	342	0.1362399430105211
300	463	0.10708632223407237
300	963	0.17108657021896428
301	327	0.10328785408248994
301	629	0.10711203208021097
302	359	0.13169481221576732
304	729	0.1010142814316039
305	371	0.16585195710427303
305	645	0.11114097768554275
306	312	0.1470395788526949
307	836	0.12016080567167094
310	724	0.10083535215493748
310	991	0.258196949201656
311	562	0.10210482278044877
312	332	0.10465975573730835
312	464	0.110450012369897
312	991	0.11233174666346742
313	420	0.1277588707981006
315	434	0.15149357315370482
316	397	0.14917206469350663
316	685	0.15885594695013522
318	995	0.1491097946070835
319	677	0.10601555515386116
319	688	0.1115520878288679
323	374	0.125252615282154
327	821	0.14571149908035508
328	397	0.1241432017927601
333	732	0.12345459686854691
336	693	0.11607420431337172
338	342	0.11835002378399871
338	370	0.10651457579343626
342	693	0.10094149365502922
344	397	0.10049276681542073
345	463	0.11203100921694938
346	934	0.10456503336918499
348	370	0.11027564270786938
349	648	0.13814457872754704
350	535	0.10258858247299152
351	580	0.10877183490271106
353	497	0.2564201295552394
354	362	0.10060379151995305
357	610	0.10757694240468273
360	540	0.16973311019446297
363	736	0.10496401487331423
364	376	0.11288145605246246
368	693	0.1284299012869781
371	714	0.10162979020092827
373	675	0.21847632871065573
377	478	0.11876400096031486
379	821	0.1064075703790206
383	902	0.11476392738835628
383	911	0.11446393056750087
384	420	0.10002189422576777
385	463	0.11577860826822992
385	713	0.119055869825909
387	537	0.10982027743700214
387	916	0.10883616683244439
389	639	0.11214109729055478
390	392	0.2950007439480111
393	534	0.12157312705060228
393	818	0.10194599901212269
394	430	0.11635690494664058
394	458	0.11560923471636089
397	685	0.22337659300772686
398	465	0.18828918121755495
398	785	0.16533100438782677
398	887	0.10657295181295505
400	402	0.11037886528298202
404	481	0.10711517350446427
406	414	0.12740643488409298
408	864	0.18287606314007138
408	867	0.23658600738638658
410	465	0.11079519412542524
416	647	0.10441443830830706
418	647	0.10223371656595961
419	908	0.16132379770033242
422	465	0.11942346500618091
433	742	0.10292844746088378
436	647	0.10401230057557803
437	439	0.20133508197515923
438	488	0.10261359514710815
438	603	0.13909477087689678
442	719	0.11222270004255182
443	853	0.10326459719497212
445	451	0.16631517256961584
446	769	0.1348175253216615
447	449	0.14992403293142834
447	451	0.320979736416186
448	450	0.23418427881647344
449	451	0.10192315761136675
449	972	0.11638672007941771
455	680	0.10892629755835753
456	815	0.15262375901711375
457	459	0.10499042783719144
457	944	0.14421687182224266
461	955	0.12681437384267763
462	464	0.1272886126205687
463	858	0.1396282784094478
464	877	0.10840215381664758
468	488	0.16382740582940966
470	797	0.1290629756010602
481	976	0.15423587987143134
484	495	0.12012797021159209
492	510	0.15645368361439305
493	525	0.11265115411378049
493	805	0.12293952134892691
493	811	0.10743151243983837
512	544	0.1322175599407203
514	518	0.27827635077009893
514	520	0.11224269785976719
514	524	0.1588281642622121
514	879	0.1100424114881173
515	525	0.11975353991222751
515	841	0.11241507052173584
517	525	0.1916146015704909
519	521	0.13386973357265
520	524	0.1697271516533519
520	875	0.12327342773099259
536	538	0.10782054144501535
537	904	0.1141872697655484
541	982	0.1018057021157191
552	554	0.25855431042768273
556	606	0.10553264981598474
556	779	0.1088646321905325
559	635	0.10325588835903542
560	604	0.11454525906950427
561	966	0.10825497004003852
571	575	0.3383304274807927
571	856	0.10645062700725916
573	575	0.36052138798152855
573	705	0.17773313490442524
573	853	0.13392222400599593
575	871	0.10026661762574375
575	961	0.11170839965703841
581	595	0.10808202784682538
583	744	0.15625792317725098
584	586	0.20031313341125928
584	592	0.1535509730220482
586	592	0.10488156025407828
592	602	0.18389324737816948
593	875	0.1441330499165223
594	812	0.104804065112237
604	668	0.10870127105806612
620	624	0.3069260040207331
622	650	0.14904130810873767
624	628	0.10653532749741251
626	628	0.16958440173740438
626	644	0.11617973273011806
628	644	0.13686587347387194
634	760	0.12492073091721696
634	803	0.13473494726589624
635	964	0.13085093876571782
637	740	0.10440653575321376
638	942	0.1057998528963689
640	775	0.10478767643940057
642	654	0.12454196438945493
647	867	0.10575800854063702
653	799	0.10811765726694693
664	670	0.11131081615712975
668	674	0.10772536126079205
675	987	0.11119566361935104
684	688	0.11906873438782252
684	710	0.10348503634337126
688	718	0.11067020959846263
693	792	0.1196418782634387
699	976	0.10453637869351888
711	759	0.10096217569093305
714	741	0.1160265753501292
723	858	0.10936400180299675
724	771	0.10175220795168213
726	728	0.11615246117871025
730	732	0.15517488436580779
733	821	0.13308838717309768
733	949	0.10392522974433331
741	959	0.1290685690487679
753	915	0.10037956049793624
755	796	0.11499680143756191
758	760	0.2095374943583582
761	992	0.10625488292207752
763	886	0.1149815095119144
787	799	0.13379019500845268
790	802	0.10751330515866446
790	869	0.1005862520230737
812	828	0.11275647754292774
814	836	0.1135923855192749
814	869	0.12611928451589002
816	909	0.21377428546702829
816	987	0.1058585003237347
824	869	0.28080719179530006
824	987	0.10570567651937074
829	845	0.10574062858705621
842	872	0.13264652471610947
842	874	0.108262637183642
855	976	0.1280709606845539
856	967	0.11271535073413176
862	865	0.11294733736238173
862	893	0.17774426357227727
880	882	0.12409509518161486
881	996	0.10111270137505186
888	900	0.10091038764738834
888	904	0.12277331413338659
890	892	0.18906586493476557
891	895	0.12985865248311107
893	895	0.1558493909290161
898	939	0.10659062938796157
906	908	0.12319310624519372
909	987	0.25070835520955076
920	932	0.10206582417952736
944	948	0.12328017083473183
945	972	0.14621476222222168
954	980	0.11076663226766627
958	990	0.1334048670500047
968	984	0.12177693361473663
968	997	0.10895008923177985
970	982	0.12726576166748169
988	996	0.1055609142230422
