1	134	0.10446498809149297
1	546	0.11548391021706707
2	240	0.10345687964812128
2	651	0.1114229514160221
3	225	0.1014937514217198
3	294	0.10033549997134965
3	398	0.15741207879344682
3	627	0.11620901194615543
3	931	0.10664984573719194
5	262	0.1363513007922639
5	366	0.10587420871397701
5	535	0.1159835552925084
7	235	0.10844960406462294
7	863	0.12489575045454974
8	549	0.1286163596748951
10	585	0.10578507565196732
10	630	0.10530412599085168
12	100	0.1056477658670417
13	60	0.10510131360269864
13	521	0.1333251249787688
13	957	0.1272721737198258
15	839	0.14024514959633005
16	70	0.15186264982308073
18	274	0.1094748388017302
18	497	0.13325670076773236
20	113	0.10957135544180724
21	189	0.14578329156242556
22	469	0.1088481810022612
23	406	0.1409463180687615
23	534	0.12525003444048632
23	541	0.10364828077007579
23	768	0.1164318606013364
24	84	0.11521216833673159
24	341	0.10240135916753519
26	521	0.11594878571156994
29	178	0.1147278540215421
30	36	0.12319760320839848
30	42	0.12262195651981884
30	653	0.11136428527399671
30	776	0.11725140121073567
31	238	0.1080118386699815
33	640	0.14986211406147174
34	36	0.1964913469589748
35	479	0.16052908843104496
37	331	0.14312294921746793
39	549	0.1480031246605519
44	223	0.10560987696371045
44	691	0.14282844613553658
45	639	0.1776756265988055
45	788	0.10155458019390794
45	826	0.10248357043077996
47	219	0.10554037592672394
47	939	0.11395140881821898
48	312	0.12189497872878804
48	493	0.10129977747598083
51	298	0.11883616305242488
52	515	0.1038149042939583
54	229	0.12686333368500044
56	66	0.1297326485756631
57	97	0.10258756525674825
58	605	0.10210798284572459
58	822	0.12176836723086963
59	793	0.18777385976743557
59	799	0.1525076276503202
60	515	0.10733049483119536
61	963	0.13831185731968318
62	64	0.4085697988943997
63	65	0.13445110584130543
63	895	0.10113674469932685
66	68	0.10631161382080156
69	279	0.13006017280016854
71	237	0.13062055517668933
71	271	0.16541533366965608
73	116	0.14209726490487468
76	695	0.10135705937787878
76	878	0.11700117987179912
77	611	0.10052190598855086
77	893	0.10067732977036961
77	945	0.10747671785681895
77	974	0.10698887993205117
78	251	0.12117773543612653
79	81	0.15485768516264323
79	173	0.10707654235586585
80	167	0.11162057891520265
81	245	0.12740827171174807
83	373	0.10877121316417988
83	481	0.1448048346432837
83	501	0.1020589925626043
83	639	0.10428305163344655
84	86	0.1572099378873567
87	290	0.11113546844898947
88	92	0.11217900348218773
88	96	0.20110893291810922
88	102	0.12409270726913588
89	95	0.11701081044472207
89	315	0.10185362347801813
89	414	0.12888315568349065
90	94	0.14361877301030018
90	100	0.30274752144448874
90	102	0.16398274465184165
90	104	0.18081326496856714
90	108	0.256107245958486
91	791	0.10418312485410305
92	102	0.21679235375330996
94	96	0.24411010892659646
94	98	0.18817584778385682
94	100	0.21381183269403492
95	739	0.11679514052312549
98	102	0.10462014899060981
98	104	0.15069652385747373
99	529	0.10613844915871827
99	595	0.13519280673332462
100	108	0.18244879990015903
101	731	0.10275747059788547
102	104	0.28077857382048005
102	192	0.10726127869199212
103	125	0.10227818125449395
104	108	0.17274385475140006
105	904	0.143236725008823
106	108	0.10424415843035392
109	251	0.1336297206087399
110	433	0.11620884518710549
110	604	0.1111870044863427
110	875	0.10218911188020285
111	461	0.10403687054030532
115	422	0.1026561694158811
116	150	0.11892710457216175
116	204	0.11478257155615432
119	572	0.11557985503115852
119	704	0.1005804451604051
120	138	0.10102755952260956
120	142	0.13775584089619633
120	180	0.10192511206233243
123	125	0.11868497516791508
123	301	0.13938513248288772
123	755	0.11616321205569002
123	832	0.1048027572349262
123	961	0.11145338900355527
124	363	0.12988746263323903
126	587	0.1002583943308154
126	630	0.1002567911279114
126	754	0.11840150246831657
127	733	0.14988163998240406
128	168	0.10325510082634927
129	131	0.21380798328582834
129	287	0.12028236703132739
130	682	0.1025793571031517
131	157	0.1043829405778384
131	287	0.18202834412778815
132	146	0.13937886665984162
132	335	0.14246953076036092
132	460	0.10875959792213125
132	603	0.10290433784817801
132	644	0.10125135091834384
132	676	0.10239038220547546
132	927	0.12794491972874797
133	517	0.13892658508160582
134	267	0.10109128928993816
134	406	0.11723710642610852
136	138	0.10158147083346283
138	593	0.13130898625173157
139	144	0.12594247155782623
139	228	0.13709606200226115
139	497	0.1338411522388794
139	754	0.10395071231803733
139	969	0.13244324605845267
140	145	0.1825869720441773
140	264	0.15397099601393832
141	689	0.16363869414120566
142	667	0.1657635437225798
142	900	0.17967639893356113
143	196	0.11549860087703373
143	228	0.10247370617416841
143	739	0.10047749763540163
144	228	0.10601582021261473
146	271	0.1089028894481574
146	704	0.1678855533298818
146	818	0.10385446227044232
146	989	0.11127638442023746
147	866	0.12201825433993888
148	210	0.1206911733745723
149	335	0.11118180769405613
149	638	0.1078856771008601
150	168	0.20196812746967244
151	361	0.16029706135608518
151	871	0.10994744223031702
152	910	0.10678966804447329
153	159	0.10571323295038973
154	209	0.12476863229137419
154	859	0.1139027488233513
155	557	0.17890215978279722
155	575	0.11917892547256088
155	871	0.10464077559174079
156	220	0.11310066013089093
158	170	0.11041558523880839
158	613	0.10458903835100872
159	925	0.11705451887666303
161	968	0.13427323779150716
162	194	0.11658156796942251
164	245	0.1032217725397785
164	619	0.10745202079665779
166	909	0.10782457041303303
168	216	0.11200918835690954
169	219	0.10339920454057248
169	565	0.11687172522451086
169	711	0.10416658866342074
169	993	0.10179057288774047
170	176	0.10219953822577428
172	585	0.10330495773385939
172	942	0.11336447099425981
173	247	0.1327566358992205
174	178	0.14783075223534653
174	197	0.154706907400895
174	202	0.1077485401770724
174	491	0.14355024081461842
174	667	0.17758008896178695
174	989	0.10149164758884875
175	997	0.1170512447350421
176	216	0.10427867453665614
177	415	0.11850177202592671
178	193	0.1008044377783464
182	733	0.10485549471448824
182	961	0.10021134831956068
185	634	0.1116113471767476
186	221	0.11438254962948495
186	907	0.11209344301873164
187	292	0.10515259281581976
188	202	0.1377754271256067
188	491	0.10135104181740062
189	872	0.12052584468852422
189	876	0.1141053840633618
189	880	0.16430997212386686
190	196	0.13451423414494063
190	228	0.10360763976588758
194	196	0.16427958222292383
194	468	0.11562267249594879
194	809	0.16109732223890683
195	315	0.10831624867078672
195	456	0.10421605870309489
195	671	0.11011061493869617
196	200	0.13263397420254755
196	228	0.27242693688818886
196	333	0.1007887709831619
198	200	0.24392981723908264
198	204	0.14802309808653666
198	592	0.10820981850297857
199	961	0.10109584427203923
201	669	0.15835878741768555
203	345	0.13521936889356323
203	463	0.2727998545077497
203	723	0.12635524272662535
203	858	0.1050758903099778
204	928	0.10365655104458645
206	441	0.10058083462297404
206	989	0.1112129318854697
207	669	0.10914649611994438
207	786	0.1082112694139461
212	353	0.1015400175587962
213	673	0.10271626397278628
214	497	0.13988550146069903
217	284	0.10766898138213091
220	973	0.10678779024650012
222	491	0.10579016953530167
222	711	0.11837196683003265
222	799	0.1465039510344105
225	722	0.10599431839483588
228	395	0.11581091095300249
229	633	0.10461119042512301
230	719	0.25944442226383635
231	233	0.26978649436750324
232	675	0.10289132502078882
233	585	0.10385411872165877
233	821	0.10236476889600457
234	242	0.1491730748636255
234	244	0.1792557341275453
234	374	0.12089677897335557
234	743	0.13447986103185872
235	914	0.22648110088168605
236	242	0.11123482716860875
237	501	0.14776649598552455
238	242	0.18473917195964085
239	315	0.10630832746095435
241	589	0.13601476365668072
243	468	0.12233560100920911
245	759	0.15192376886702044
245	802	0.114131052458728
245	987	0.14874215879863192
247	400	0.10113003348176393
248	330	0.12904016297647045
248	459	0.10679194867901168
250	535	0.47151966882044444
253	955	0.12240682464131496
254	264	0.15853858469424692
254	310	0.11412618802654456
254	423	0.12484949180374955
257	259	0.12708667853710312
257	326	0.10083893310013654
258	270	0.1102631885541359
258	320	0.10011019162647902
261	268	0.11313517745308811
262	274	0.10870197509191011
262	344	0.10173170847121284
263	856	0.10129429858897229
264	310	0.1580606121261719
264	735	0.1021382244431452
265	398	0.13490065869090861
266	323	0.16878572300724767
268	284	0.18817599861509002
268	342	0.11655134649712273
268	633	0.16812057719766707
269	921	0.15296176337207987
270	360	0.11151072239680841
270	915	0.10597459425035474
274	298	0.11954192323915022
274	316	0.10401518602481281
274	995	0.1024648300125208
275	657	0.10512368183069974
275	761	0.1257542709607317
275	947	0.11809833385984018
276	294	0.10718011462950433
276	482	0.11172247228798471
278	344	0.12010821317503746
278	368	0.12009494527985075
279	507	0.13180836732912324
280	306	0.11065643149265784
281	502	0.11634505436249248
283	334	0.11500341807279506
283	380	0.12424990740802473
284	296	0.12229672623940639
284	364	0.11717502091200799
284	378	0.11664696339586307
286	328	0.11317645476961286
293	687	0.10053834062570757
294	359	0.11777819439411971
295	540	0.1275903719910907
295	600	0.10515121383851063
296	330	0.16809066438243114
296	963	0.15918680258166382
297	419	0.10428664788155023
297	894	0.15527549629831916
299	899	0.1256818003612014
300	302	0.13376680104531105
300	312	0.1752699989631149
301	327	0.12063388537203804
301	669	0.13327366033788351
301	816	0.24762437293624026
304	466	0.10274477035912337
306	991	0.11784222650979267
307	812	0.10310745729313268
308	995	0.10989459820019835
309	868	0.10208268571996042
313	420	0.1267725520542401
315	434	0.30691129076506624
315	474	0.10415314968441969
316	380	0.10058798393633961
316	397	0.12013655563361027
318	324	0.14122792409510104
318	958	0.10115035076822826
319	824	0.11794771543473201
319	984	0.1397129418217002
320	355	0.1377109592822922
323	909	0.11040198578895784
324	789	0.10375555905315696
326	963	0.1025524306748758
327	462	0.1205111494885095
327	711	0.10188088320784407
328	397	0.11781489747575755
329	330	0.11131453010031474
330	991	0.11134461509690133
334	714	0.13764010423426962
335	603	0.11512192208078029
335	632	0.10655720131111394
335	644	0.10653593901267629
336	433	0.10293399796510282
337	984	0.10473664504163314
340	520	0.12469645739793932
340	875	0.14211783796225758
342	605	0.1123032493819456
343	973	0.15967738534027273
344	368	0.13089581131137532
345	685	0.14554793009393802
345	858	0.1272738618314279
347	708	0.10232739827202668
348	897	0.13737473038104456
351	606	0.13642164760903855
351	612	0.12173523065433618
352	413	0.12027788989051287
353	711	0.11349732346416384
353	835	0.1024872752169562
360	374	0.1052571662175457
363	585	0.12261659760331696
366	374	0.11767259366856296
368	468	0.11762475809069393
370	633	0.10306338473064744
370	935	0.13579684709474668
373	759	0.13354535983199872
373	877	0.12698155190488655
378	693	0.11152838569805151
379	759	0.10760538672383
385	685	0.1035292377591724
387	844	0.10934868499234424
387	908	0.11149580988183928
387	938	0.10608955843226511
388	390	0.2095029742775309
388	392	0.12448138118035612
391	603	0.11712060153580195
392	488	0.12319503847369966
393	603	0.11983260837766813
393	945	0.11731490000041297
396	402	0.12919155071297914
397	685	0.1201989549005707
398	462	0.1271130290451109
398	468	0.10746334515325419
398	621	0.10777867115817534
398	697	0.10744370160669618
400	864	0.18685147737605085
400	961	0.10091757833592513
400	972	0.1205189814948709
402	408	0.12284338466261469
402	410	0.13109609563424057
402	559	0.10629013013174828
402	630	0.11131227155265996
402	797	0.11785457157440125
404	414	0.10467014103631757
404	468	0.10695784046771985
404	839	0.17145958431671038
404	961	0.10115460039282907
406	465	0.10703635260006353
406	468	0.11769630268568272
408	864	0.11277803656272939
408	906	0.10630360179626036
410	603	0.11200150040418974
412	603	0.1338879574085366
412	884	0.18982200075840702
413	878	0.10359782442607524
414	418	0.11494324839560517
414	839	0.125376313367664
414	864	0.1226014302874966
416	657	0.11132531808290091
417	851	0.15846974224623397
418	657	0.11177584416746462
424	428	0.10081306191310158
424	698	0.1129429340944472
425	944	0.169587484667465
429	470	0.10206725737499435
432	495	0.13827351555153464
434	436	0.12387523534450175
434	474	0.15109154987937928
436	438	0.12918625245260001
436	440	0.12099492085865649
444	446	0.13634404803739417
445	447	0.27919971110756514
445	527	0.12373439914804425
445	563	0.10473296773558916
448	450	0.20216173014919414
448	867	0.11155806928787776
452	896	0.14898766737654462
455	746	0.10093861407953474
456	946	0.1161178134369402
457	960	0.24625024839225879
459	960	0.11290819430022611
462	468	0.17181103257688826
462	718	0.10983299084707218
463	858	0.12694912303086955
465	955	0.10749537401648013
466	468	0.10688727515879569
466	848	0.12444485951828818
469	816	0.10409747559538009
469	905	0.11287504190071221
470	949	0.10050264571704876
471	506	0.12471896961333531
472	547	0.15936175284656023
474	482	0.1028165350296972
477	852	0.1251592253251604
480	482	0.11110497241616162
481	625	0.11359495916210437
481	958	0.16768770539057187
483	990	0.10058821900174984
485	605	0.12817885196901177
493	519	0.10766914234017974
493	814	0.11081131637587718
495	797	0.11666280269401925
496	821	0.19152802754558368
497	799	0.10763916621640854
502	834	0.13614427433923393
503	623	0.12191053155793888
503	926	0.1693586837028619
514	520	0.16595107082699553
515	985	0.13076911506953068
516	544	0.13581159750221644
517	519	0.22170563910510338
517	521	0.1745848844698653
518	520	0.2953506596737822
518	526	0.1459403059511536
518	873	0.20478108433250314
519	525	0.1377079127671413
519	841	0.10138936687640998
520	710	0.10098158958249119
523	946	0.10428529812640588
523	962	0.2105040703108159
524	544	0.1063904600622298
528	831	0.11236313162517837
535	723	0.13564087646336967
535	877	0.11335262307216
542	810	0.10109804103808295
546	789	0.1658054425821972
553	555	0.1645597447752898
557	749	0.103365719356219
559	899	0.17157640960898193
562	584	0.10221892796087291
562	896	0.10082130409052836
565	567	0.15509219564892382
568	787	0.12354913863489388
568	989	0.10322687528902526
570	577	0.2801989311985547
571	575	0.23644283244671466
571	581	0.10119249865137296
573	705	0.3091047934836797
574	704	0.1483358772522661
575	857	0.10460291696192792
575	935	0.10355931384920536
579	795	0.10219816764617613
584	592	0.21873356652409348
589	955	0.10527087959896304
596	638	0.10864793792275755
598	700	0.107363725151029
603	653	0.11521863354840796
604	606	0.22504926662863078
604	610	0.232200903006561
604	668	0.10356490564121018
604	942	0.11037639933752053
605	633	0.10531541408066857
605	793	0.10594654963114941
606	787	0.10500888371922325
608	614	0.11447663702015859
609	858	0.10367832059804777
610	942	0.11387590044787849
617	810	0.10536534302225575
621	623	0.18907034455247007
621	723	0.11773776404885795
622	624	0.20373334939695226
622	626	0.1496229597810071
624	626	0.16291868674145263
624	628	0.14427436459216136
625	856	0.11204074768845662
629	930	0.10201149168645957
637	998	0.10123582401815155
639	788	0.1279584509953615
641	927	0.10574929619490406
643	777	0.16238608148628203
647	958	0.10849875587512346
649	726	0.26734785294229196
649	847	0.11994761385072779
650	745	0.10164231498849115
662	967	0.1218535002178762
663	860	0.15560976272356006
666	771	0.10293984114889049
668	763	0.10056584229660276
669	796	0.11391761370209089
669	818	0.10729925440620326
675	714	0.11355016309576359
679	761	0.11574765656315096
680	684	0.1131048482077186
682	966	0.10672729281187332
683	886	0.10985484846309844
684	972	0.10832528106548814
685	995	0.23911052830262572
690	776	0.1246989919750503
690	814	0.10648997942869098
694	696	0.10388837062478627
694	746	0.13458116385646562
696	746	0.12600771620817192
698	700	0.11642396683931064
698	785	0.10580469492558657
698	871	0.1083127955768073
699	866	0.10635843936507977
699	976	0.11015121364428093
704	967	0.1694745552253209
706	862	0.11968646513388535
718	726	0.13638527374931222
722	887	0.16655105712040277
723	912	0.10317288896130612
724	732	0.10064990762638705
725	727	0.1081516050409077
726	736	0.21366932540502254
734	832	0.12773136635085872
741	761	0.10198412809776058
741	942	0.10757690669923921
745	782	0.18107669717106992
749	796	0.13474758934113298
749	798	0.1502409218885574
750	890	0.10663837595693473
754	764	0.10989347153001189
756	760	0.11511847590642332
757	861	0.17239306754887157
760	917	0.21698322646078158
761	960	0.10197663312842956
763	854	0.16743362098151246
770	774	0.2516695346350126
777	924	0.11623499062467117
780	792	0.10874552301975546
781	820	0.10323458135229459
784	964	0.10694243243400063
789	834	0.17189033203167964
790	824	0.13594718530123406
794	814	0.10490096523416488
799	969	0.10421924952177047
802	824	0.1330705537642748
805	861	0.10492394425135884
805	957	0.12001173467865672
806	819	0.12615062366181604
808	949	0.18639115628979214
810	834	0.10332052933539955
811	836	0.10382530137784804
812	828	0.11555947400414854
814	909	0.1756073259538747
814	987	0.1265209867381706
818	820	0.10199633832830284
818	909	0.1583308937313354
840	842	0.19225382153775902
841	883	0.10210275245707627
842	843	0.13410106184863002
842	854	0.12642448378260976
843	880	0.11004044820402172
848	976	0.11273874825089271
855	966	0.10019857053211306
856	937	0.15879962997864303
858	860	0.1199437562281765
864	978	0.1042928608795336
871	974	0.10659525384145602
872	874	0.14553316201737673
873	875	0.20420893610272775
873	917	0.1099285028398851
887	916	0.12365527893934124
888	918	0.12778827109022203
888	940	0.10327573827699801
893	918	0.11221663062590788
897	916	0.10789060324143157
900	968	0.11219018580556847
904	982	0.10369027964989033
909	945	0.10003576054921472
914	961	0.10197681082078566
923	975	0.131324617522454
946	978	0.10284896719376786
948	954	0.13950073796783363
950	952	0.30241846737928657
956	960	0.10038094452968793
956	968	0.11622056216446557
961	972	0.1358272267251803
962	972	0.11192371835120121
967	998	0.1068678354911616
968	980	0.13355641745717867
972	976	0.1871441648504554
973	979	0.10132719856939283
978	984	0.12207073733413733
978	988	0.13419432029620723
979	981	0.10269340496351292
982	988	0.13032715660369606
984	988	0.12022374912228219
