0	691	0.1523622484378203
3	272	0.1193590701622433
4	651	0.10444985277506322
7	573	0.13573143807326007
8	651	0.11698504704591828
12	108	0.13094026368208986
13	56	0.11013437465126778
17	457	0.11756644270950224
17	972	0.13128854792764025
21	120	0.10298941871634479
23	406	0.10025478794371044
23	532	0.10036571237107839
32	672	0.1000895618069462
34	38	0.14540960816171777
37	331	0.1947159213118693
45	790	0.1593969602335191
47	974	0.13027006997985968
48	549	0.13784588421890673
49	856	0.10801797677818843
54	515	0.15802363885265305
55	719	0.12502098752419438
56	607	0.12563781554940612
57	295	0.10082717633335468
59	445	0.11935814582717585
61	505	0.11179257643607787
63	65	0.1585593020252155
63	213	0.11987030429759919
69	451	0.12231161489530179
76	262	0.16873935337214457
77	902	0.1952819797757334
78	82	0.132658391196988
79	81	0.29615723063569355
79	83	0.1803430502150597
79	123	0.1057164070732988
79	987	0.10886928926602228
81	826	0.10760909440173112
88	100	0.1731711581860742
89	420	0.11709509101464495
90	92	0.19987185987498363
90	94	0.19619243321725927
90	98	0.16898711452111445
90	102	0.15890483051628937
91	570	0.10078325492726482
92	94	0.14707877015503365
92	98	0.17893746819915607
92	104	0.24934305868287304
93	95	0.10121371329485372
93	617	0.1041981146333188
93	830	0.10897320903410589
94	98	0.21771735111162727
94	100	0.10174376277944215
96	106	0.20521279733706974
98	100	0.13241963515112098
98	104	0.2277366817581956
100	102	0.16970594565534433
113	702	0.11189464960599135
115	863	0.12260029920570197
119	606	0.11493902365909428
119	610	0.32524104135264
122	126	0.10637636553859424
122	156	0.1030376288274047
123	279	0.10025262655883
124	144	0.10744941207418957
124	226	0.11114502071257597
127	828	0.11951406341442745
132	468	0.16126745084882943
133	258	0.10264615101054252
133	985	0.11103772654604703
139	140	0.11114834911320075
140	873	0.12516755743447702
143	667	0.11566903673637154
145	984	0.1399922351317629
146	976	0.1236679130792642
147	380	0.11754251113403903
153	159	0.13782713832513915
164	166	0.14063797789124405
172	799	0.11822553916009425
173	751	0.12131871970659468
187	332	0.10354286724357321
189	874	0.1824430109980143
190	836	0.10420294379319635
191	197	0.15846636480080392
193	197	0.12473918474389026
194	200	0.10954181980888288
194	374	0.1273964061501023
194	587	0.10061067088031056
196	198	0.20442148355382106
198	200	0.10705834443224035
198	228	0.1550553304548303
200	228	0.15512992357459465
200	491	0.12154714698677858
201	909	0.1197332206072803
203	282	0.10519294110512815
207	798	0.10434096884967971
213	215	0.17946825579639294
214	497	0.1565249582985419
216	606	0.10722683883852241
216	969	0.10863703880162019
221	228	0.14410807634822217
228	333	0.12559418068905223
228	491	0.1617928755319931
229	805	0.1250006082690408
230	234	0.13467556332427472
234	244	0.11256832238646725
236	312	0.11507733717280962
236	369	0.11556660995370192
240	336	0.10432011348954864
244	369	0.11218176059388574
245	826	0.13553658510727304
245	987	0.10113103539668378
246	248	0.11225814705468211
247	402	0.10269166922990731
247	895	0.11174895627992146
248	677	0.12100098701931494
250	330	0.11737376868817934
255	995	0.11125320587111506
264	310	0.10997223891789992
266	364	0.10860354092572637
266	633	0.1032251021791534
268	593	0.11002947720640527
270	845	0.1085892621683746
270	914	0.10873500193822586
275	406	0.10151251877407452
275	657	0.15225391954453926
275	815	0.11179421269940112
276	290	0.10248318336955982
276	605	0.13566031586426391
278	312	0.10210715932508652
278	368	0.13533626307785845
279	712	0.11278995848299536
281	897	0.11643289055589985
282	338	0.11131547318043296
284	312	0.13053387505208627
284	685	0.11547746758903013
288	294	0.12398688738330749
290	304	0.12560904240978676
292	633	0.13176124793726396
296	302	0.10577086619043922
298	306	0.10522899773599177
299	808	0.10216885060046559
299	899	0.11028121910079347
300	342	0.1086586907649912
300	685	0.10644569162489599
300	991	0.10377872148052168
301	814	0.13619537274559168
301	949	0.10968945830788511
301	987	0.10556939473168962
304	370	0.13194684499231818
306	326	0.10772302054299236
306	356	0.11184915233836232
310	649	0.10100628987114113
310	685	0.10027962069423296
312	326	0.12244012104576282
319	459	0.10562080896417556
319	972	0.10604719974082548
320	878	0.12331587238921883
321	502	0.1382424674739312
323	423	0.13153880138539753
323	460	0.10604624643041394
325	552	0.10414712752962783
327	812	0.12184875805530018
328	685	0.10463444065756308
330	423	0.11764976205060777
334	723	0.12837409400716338
336	696	0.11960225493166221
342	678	0.11121899198630976
343	532	0.1384989691241559
343	973	0.13139398158787233
349	489	0.10674519095479873
354	376	0.10556748963515585
361	422	0.10854014288183135
373	588	0.1136422851252965
381	872	0.13620409818714888
388	392	0.250426762506103
388	616	0.10862788645124083
390	394	0.1322616313592
398	627	0.1460470221315284
398	839	0.10001353139036784
400	416	0.11804554950422307
401	502	0.10247525815029841
405	505	0.14390218681744688
408	630	0.10026088784977578
408	867	0.14505939298624942
408	978	0.11248027898837477
410	864	0.10265831633949704
417	851	0.1138005398222538
419	908	0.13026737989066925
424	630	0.12075185613598333
437	439	0.12870809650050105
438	468	0.10475897667950626
446	448	0.13398143357425957
447	838	0.10700520882800464
456	815	0.1216002477828598
457	944	0.11003548490049089
457	960	0.21062072877354782
457	992	0.10383255566774628
465	647	0.14547492886449975
471	591	0.12288456939500374
477	850	0.1130331477945466
481	795	0.12105573862481568
481	970	0.10210599307389226
485	970	0.11327063772173156
491	907	0.10178100255311154
493	519	0.12243970506893462
514	520	0.12265792572877915
515	517	0.1878300269082614
515	957	0.1106393986669869
516	524	0.11525102461593988
519	772	0.12175627118844215
519	985	0.1471382567777418
523	962	0.1998902719964379
528	831	0.16458555227333765
553	555	0.14326239698098509
554	556	0.10013211777069077
556	558	0.2613498246461931
559	561	0.17590791442830914
560	602	0.100254218367246
563	759	0.10449572526484033
564	566	0.19279360257377817
570	699	0.11233847721440034
572	574	0.1454323079524005
576	931	0.14855554795210646
577	704	0.15358746380362884
593	875	0.2759723959029019
599	800	0.11606918145939908
603	888	0.10773229259542796
603	904	0.10897017302850105
604	608	0.20213860694709612
605	778	0.15415149834239955
606	610	0.18511276807010899
613	898	0.10662559057455975
617	812	0.12593313299164585
620	626	0.29198695961732496
623	625	0.10469018270060874
624	644	0.10055577935200213
634	640	0.10725121881050478
634	848	0.1138461433533241
636	855	0.10158414140953141
647	839	0.10897857981945726
650	652	0.14302008415876527
650	654	0.13034991622486372
655	729	0.11378959644642452
669	812	0.12425813933729123
669	814	0.17809208382580397
669	909	0.11849913988917178
681	998	0.11632869961243861
684	716	0.11039388959805879
704	967	0.1084455499662625
712	871	0.10457802250208831
718	951	0.11921270876393039
731	870	0.12783863253309516
749	798	0.14848546493189949
757	943	0.11542333021674232
758	760	0.18650861205114533
758	762	0.10735902609255028
771	904	0.10038094129553282
781	912	0.12873936830658345
784	794	0.12392894491886677
794	814	0.10896880968560259
796	822	0.11264936045995554
804	806	0.1775232370312429
810	812	0.11146022244614201
812	818	0.10636549851470092
814	869	0.13462253658256054
814	949	0.18633229655377243
814	987	0.18968388151734555
824	987	0.10024910257504455
832	906	0.10143360733616902
834	836	0.12824202622137212
848	850	0.10761887463768885
855	961	0.10302924622766672
865	866	0.1330432469177964
876	886	0.10649524801239355
891	893	0.1309883158067025
892	928	0.10180937873851964
893	941	0.10979933009030812
898	955	0.10856378121792587
923	975	0.11271085686227626
945	976	0.10477293504977869
949	987	0.10293971995611602
956	988	0.10640351121922963
960	984	0.2183239146145866
968	980	0.1261835722726396
