0	2	0.33487672652692474
0	6	0.1355518154509938
1	362	0.10749347021944371
2	4	0.14284450333117132
2	437	0.1273895058935323
2	549	0.13126822803663218
3	223	0.14859969953396246
3	298	0.10675102872633169
3	451	0.10492006359682943
3	478	0.11044439903859626
4	39	0.12410591305642694
5	258	0.11484752201210063
6	549	0.18174177536524097
6	651	0.18957141820167406
7	109	0.13754615562275055
7	595	0.13925158192501244
8	70	0.11603287738798632
9	349	0.1810693513687588
10	52	0.11448547037085158
10	84	0.1327483733358963
10	422	0.15619356665969836
10	493	0.19024924103436439
10	957	0.1160026434193049
11	31	0.10805039447086176
12	864	0.10636132197624175
13	38	0.19423731950000012
13	493	0.14279080398021532
13	713	0.1177005150760226
14	838	0.12018444833419165
15	51	0.1470718520065806
15	212	0.10167204892438218
15	257	0.1538981097153495
15	497	0.15636401240791284
15	643	0.16468712603524674
15	664	0.1343045020357789
16	963	0.1828641804906545
17	441	0.11123608180295844
17	625	0.11446757220390864
17	980	0.17240947583829971
18	20	0.1305816032405334
18	88	0.10639342786247247
18	90	0.11406640731161506
19	760	0.1006755719362285
20	70	0.10331817812469313
20	320	0.1163845931826701
20	741	0.14252977289244007
21	538	0.1202943375492838
22	44	0.10225312509301468
23	255	0.14046559613429563
24	90	0.11358362313552774
24	96	0.1140504577178494
26	227	0.11428931991098845
27	821	0.103953548746196
28	141	0.15549276392461409
28	340	0.10868317947716793
28	712	0.11150172497581662
28	977	0.1738201356759613
29	138	0.12290058757507762
29	193	0.17365375603527616
29	197	0.12433576381034879
29	470	0.10817645393959453
29	751	0.10740684049542353
30	32	0.1329126316302588
30	38	0.10669038600322875
30	141	0.1354466104740294
30	235	0.12878597106120923
30	942	0.12151504213328983
31	264	0.10229669334726213
31	323	0.14666802515782004
31	344	0.1318901056606331
31	367	0.10329126123438227
31	610	0.11362338398957586
31	654	0.15151207853886428
31	743	0.11954944082415803
33	508	0.11445468121141074
33	641	0.10377514342362501
33	962	0.10455446943740448
34	324	0.10366638585595953
35	479	0.11605453256898338
36	359	0.11188132021391388
37	331	0.18632497225279818
40	298	0.10738046114906466
40	613	0.11406577635010194
40	861	0.11925938873734182
41	411	0.10409429750803245
41	904	0.1167284229920283
42	44	0.10081966560661447
42	72	0.10994057507391691
43	91	0.16031859735147613
44	68	0.15325789667463152
44	691	0.12320799350280477
45	327	0.13586660316070628
45	639	0.20610860403669598
45	788	0.3678358149142894
47	493	0.10625573063025426
47	611	0.10827516008323604
47	810	0.10365737519966427
47	961	0.1137118965784324
47	984	0.11059517084677734
48	74	0.16563039020591963
49	153	0.10622598595374048
49	158	0.12425185851217842
49	202	0.11764445841523863
49	339	0.11388642895834733
49	424	0.10422957271866415
50	175	0.19542222022737946
50	376	0.10173693384134908
50	702	0.11469642165474384
51	165	0.12930185422252596
51	497	0.12803119996868695
51	740	0.10759538799850114
52	805	0.10535560299021686
53	148	0.1486473063964654
53	174	0.11377513007686323
54	56	0.11671576941025186
54	338	0.10232378965892193
54	515	0.17814695402894856
54	517	0.22048159407785892
54	521	0.11298053960491361
54	772	0.11351291185598383
54	807	0.1288991392444847
56	70	0.11473997055637372
59	449	0.11803304891025025
59	791	0.11255434731192397
59	979	0.11489137856085307
60	339	0.11725942719755994
61	234	0.14601639574687372
61	238	0.1461941527115661
61	244	0.18899746161093084
61	268	0.12261899568536837
61	296	0.13701546120266686
61	298	0.12422698785317375
61	505	0.1406666620117156
61	677	0.17454258225816868
62	933	0.10701273705069216
62	977	0.13782261341441487
63	910	0.12575949703961042
64	92	0.10400667394696948
64	126	0.10988880864733372
64	690	0.10334207077592417
65	789	0.12027432645698052
68	72	0.3359671902956861
68	977	0.10944037678780605
70	782	0.10115744991089974
71	237	0.1711204960997128
71	269	0.14482503202019276
71	347	0.11433206778058119
71	550	0.10722296117923585
71	921	0.10868315162454684
71	959	0.1163325460378367
73	126	0.1553585452136617
73	156	0.23281593164562864
73	204	0.12712520634763078
73	275	0.15220770817730644
73	411	0.10999281113313977
74	76	0.1131386056127282
74	347	0.10566916892751434
74	969	0.10107592973309684
76	341	0.10750608421551767
77	152	0.10179443680076264
77	902	0.3164816961125469
78	697	0.12609668901055351
79	83	0.12896304986484958
79	93	0.12402736332669671
79	147	0.15581631920172737
79	784	0.102192072915003
79	788	0.1333917639631433
79	810	0.10490529934539518
80	86	0.1125007272877099
80	354	0.11169096760606612
81	83	0.176440156610496
81	299	0.10959835544659624
81	308	0.11937835258980219
81	822	0.10743952234391553
83	385	0.1010072907769008
83	821	0.11913637484436806
83	824	0.11775529896134239
84	86	0.1516868752614441
84	147	0.10210456196084373
85	721	0.10064293449570241
87	727	0.10871242144749409
88	90	0.5306639870226465
88	96	0.19740810899487446
88	100	0.31200430954448305
88	104	0.17795704846001112
88	106	0.11945732182348409
89	408	0.1238189737615488
89	418	0.15847948625140632
89	495	0.1503671939084981
89	603	0.12689111772409462
89	797	0.16822491544672682
90	96	0.1399720169942915
90	100	0.10220460323696368
90	104	0.1553954714570496
91	123	0.13000922852995073
91	431	0.10394524458310161
92	98	0.19381862533980096
93	550	0.10681158149679292
93	577	0.10820203414598825
93	784	0.12400180462996122
93	998	0.11705467759542473
94	96	0.18998775710071208
94	98	0.12358776585057155
94	106	0.21182282587721793
94	811	0.10207705531820219
95	307	0.1323752777154323
95	455	0.1065193992583713
95	870	0.14537695677364093
96	106	0.16828811200216298
98	102	0.16333005235378215
98	106	0.15070708857287826
99	109	0.10612444758640267
99	237	0.14157973839676066
99	256	0.12841322486160672
100	108	0.16020776346805096
102	104	0.46308164542690644
102	766	0.10410320886769579
103	125	0.1115175918862485
103	370	0.11637848794965222
103	496	0.13972638123003228
103	866	0.10762846455766198
103	973	0.12294024117001635
104	561	0.125003431535351
104	766	0.12863948415909504
105	711	0.10330168204661766
108	352	0.10707963200006874
109	251	0.10868729983800297
109	856	0.11480885980359375
110	652	0.11184078978167214
111	313	0.10654109377112193
111	438	0.10918611356023618
111	487	0.10339310257482401
112	168	0.1740891872579266
112	226	0.13331463357744947
113	523	0.13439295475408272
113	599	0.1021975431704914
113	698	0.10882518977900878
115	900	0.12105439277099726
115	926	0.10215497546861509
115	967	0.1285867195688377
116	138	0.10710106441701028
117	212	0.10048359860723613
117	703	0.14161621875305505
117	862	0.10731846807980437
119	351	0.12285662930017892
119	604	0.1512685145422004
119	606	0.37182705845505165
119	610	0.2949615851704833
119	650	0.1153626875214603
119	942	0.10397654949054491
120	180	0.14227338645431467
121	333	0.13459937676036288
121	706	0.13137305404697436
121	730	0.1520993717744495
122	565	0.10724631267935684
122	949	0.10807032877820545
123	127	0.1299561007170013
123	301	0.1685036471936425
123	393	0.10361172308992206
123	548	0.1018651131955965
123	669	0.10965807327411209
123	808	0.11383619132388545
123	936	0.10129832638969091
123	949	0.15458225322571537
124	142	0.1443814648978853
124	198	0.11210683882922223
124	228	0.20197186976158132
124	298	0.1271401687980304
124	933	0.10709996592363767
125	245	0.1331386281651209
125	429	0.10572632767811085
125	699	0.10210369383278592
125	729	0.10071413532173812
125	793	0.11980152285561942
125	798	0.11514566087990576
125	815	0.13973443717231054
126	391	0.10227838877630921
127	151	0.1009729309607218
127	222	0.1016844237260899
127	279	0.12664233290157095
127	836	0.1283251045837692
128	133	0.13717927765284219
128	140	0.10800525876624081
128	168	0.10180365844268556
128	202	0.11650918860530095
128	438	0.10751634784765178
129	131	0.18824887378406918
129	847	0.10179406689008533
130	142	0.11060742136481702
130	182	0.10192030264409557
130	216	0.1121112322691944
130	228	0.10929690684441114
130	254	0.11816440371062907
131	640	0.10205839155447341
132	151	0.11908231485557554
132	386	0.13307268072101905
132	438	0.1028652864710017
134	176	0.10619011764853953
134	402	0.10056774331267393
134	406	0.11457774257137585
134	481	0.10030732729187439
134	989	0.10387844780293316
135	137	0.1550613651482456
136	172	0.10193730497681823
138	140	0.10528892968488193
138	968	0.11178266935873526
139	206	0.26593631514555854
139	228	0.12244000737479843
139	397	0.11679354752415103
139	491	0.1839639857160847
139	655	0.11516340998646442
140	363	0.1324998096108346
140	587	0.10254063092543544
140	850	0.13398428602196547
142	667	0.19671600781876078
143	168	0.10270259748026772
143	196	0.1063843999927289
143	402	0.10161920466098297
143	751	0.10932269511458284
143	964	0.10400944841110704
144	162	0.12181348413132893
144	419	0.10151535516311805
144	489	0.10568673530548241
145	536	0.11777405177698741
145	960	0.14189213871539313
145	968	0.15820708475825182
145	974	0.1241270527777585
145	976	0.10483297280118449
145	978	0.17010194853962615
146	151	0.1133229713658275
146	174	0.1235869865160176
146	222	0.18082638018384026
146	341	0.1431538597389638
146	365	0.10522160490946594
146	799	0.23024915690649297
146	969	0.10945072125811367
147	159	0.10131943834479885
147	342	0.10134405333398744
148	194	0.11861659109560414
148	989	0.12098688608607884
149	262	0.13787225373498982
149	632	0.10825739701951091
149	636	0.17116287003002778
149	656	0.10492477836534599
150	168	0.11767187794597392
150	226	0.13477157954454572
150	406	0.10103748387270975
150	704	0.10288235895366374
150	989	0.10528618042277724
151	222	0.13246058895010074
151	341	0.1332228668515836
151	404	0.22318326612907763
152	154	0.11164854126836349
152	158	0.18417932422871525
152	231	0.1346451965855023
152	444	0.10656228352481875
152	448	0.11597131831333386
152	609	0.12925094078636817
152	646	0.10029366703638774
153	158	0.16843979452735422
153	159	0.16855472354960255
153	708	0.10059965337021176
153	785	0.10446135603684849
154	166	0.10067008346595964
154	383	0.1066824044224912
155	259	0.11229176062984349
155	575	0.1375960525071811
155	613	0.11146420501852453
155	821	0.1077177534320146
156	569	0.10892924036437146
156	591	0.10657147153358146
157	416	0.11610457577757853
159	210	0.11624918796345204
159	448	0.12281806087738434
159	785	0.10069203187560612
160	224	0.10582283364742925
161	265	0.11123777557883256
161	319	0.15154067760757686
161	369	0.12085734683261087
161	459	0.11142672022998251
161	881	0.16992493357725566
163	412	0.12633129950829364
164	166	0.12138048685241293
164	178	0.20368339941767993
164	491	0.11640163434234486
164	585	0.12739898874167999
164	711	0.13573668374111428
165	582	0.10587807238103733
166	174	0.11396372015559071
166	178	0.15150401263870603
167	929	0.12789922833293252
167	970	0.11119991714584868
168	192	0.10872190435248806
168	226	0.12200834597917765
168	584	0.10868599149952124
169	712	0.13777203948823277
170	172	0.11026512117061632
170	192	0.10859563399087999
170	353	0.10072680099462106
170	363	0.10850394505074029
170	497	0.11511997484817271
170	666	0.10749876053705648
170	863	0.12706108286131074
171	413	0.10296774131607858
172	186	0.1109689293513212
172	378	0.10610087182601063
172	461	0.11470071421488348
173	659	0.1313900214724103
174	194	0.1392110607402903
174	197	0.11460157872178756
174	198	0.11688931666978493
174	373	0.10169024039324584
174	491	0.16697263978949337
174	596	0.10235106766676444
175	754	0.1184568394220324
176	196	0.13999917427171024
176	729	0.10066251757857436
177	450	0.10231856640446617
178	193	0.27660701418953104
178	497	0.10230674018160317
179	367	0.1013872528816243
180	190	0.11046856555723779
180	194	0.12498114624186094
181	426	0.10486012200829084
181	958	0.11057860650844922
182	184	0.10964139766237961
182	674	0.10220740655042022
183	190	0.10773572531726741
183	292	0.10372208293800743
183	320	0.16732673679221363
183	853	0.10000298337045295
184	734	0.12445100286846712
184	898	0.12499261695744202
184	927	0.11010408988643958
186	194	0.1084300657291336
187	262	0.10907792410998293
187	961	0.12304031759794952
188	197	0.10559408239100519
188	200	0.13712511646545159
188	221	0.1064193201739058
188	289	0.10792134035124949
188	585	0.10210553145198409
189	840	0.10165376190548112
189	874	0.20082585130438255
189	972	0.1403504831369511
190	497	0.1202114671235206
190	513	0.10177919375830646
192	196	0.11946287015130551
192	637	0.1303257402058686
193	354	0.13420781500570572
193	667	0.12279352041987729
193	812	0.10827318486596006
194	265	0.10951910467250248
194	374	0.1326423068402798
195	795	0.10100660449142146
196	226	0.1289743756224624
196	228	0.1913805711251258
197	299	0.1334262313079835
197	353	0.19198759051965023
197	363	0.10261854876933765
198	228	0.20486780847266536
198	374	0.19184195194101372
198	491	0.19562324481689986
199	279	0.1077121530343331
199	387	0.1574135322213139
199	633	0.10383498050096329
199	943	0.11971201523710523
200	224	0.10999876850445853
200	491	0.14856572327332038
200	809	0.12470055901620891
201	812	0.11708952651605278
201	909	0.11038654363004713
203	298	0.1274756723571436
203	328	0.1212336400420886
203	463	0.2286920343031823
203	496	0.12434822024720196
203	884	0.1125625619117119
206	208	0.1327165062316851
206	218	0.16346124146619836
207	346	0.1123078697929674
207	427	0.10954280037046346
207	809	0.11409319801126738
208	508	0.12030051368313308
208	655	0.11903836050485604
210	653	0.10503268226419205
210	898	0.11748616067455481
210	964	0.10529987390929582
212	214	0.18493631776608027
212	220	0.11284237945236639
212	497	0.1007919834890369
212	585	0.10996703701394166
213	598	0.15669116511743994
213	646	0.12103390449638649
214	353	0.1192208635522574
214	391	0.10157759206780376
214	899	0.1345891833842709
215	396	0.10095638467542373
216	972	0.10400084425431079
219	411	0.10430264895806392
219	625	0.1094550413338866
220	261	0.14663557853057482
220	317	0.1129701361211943
220	363	0.11926228142319036
221	228	0.19387400931773455
221	491	0.13197819589524815
221	585	0.10362530641413917
222	363	0.10431016746591866
222	422	0.1349783127439615
223	253	0.1144047827037195
224	751	0.13782938611512907
227	413	0.10108452588570419
228	491	0.13104999677675774
228	809	0.15248194870140858
229	517	0.11891847666756145
231	327	0.13845518615445024
231	711	0.1762236744672574
231	787	0.10459051527015296
232	474	0.10079595388684671
232	509	0.10392054894614688
233	357	0.1097823311833956
233	360	0.10310546877143024
234	238	0.13305925345236058
234	244	0.14734933341420636
234	246	0.17031323375039126
235	895	0.1355546061307076
236	254	0.15975098333721358
237	377	0.10129664977476574
237	804	0.12422452870411861
237	921	0.14157156110430164
237	959	0.1621846955062904
238	268	0.1003838011677367
238	369	0.2295690883687339
238	743	0.16907750662480336
239	843	0.11325080266073329
240	244	0.11700018328168288
240	312	0.1251244057289247
240	677	0.11348531454169992
240	743	0.10278437809345295
241	571	0.10027520042615244
241	573	0.1135647254352597
241	822	0.10521766076677433
244	677	0.12426024137499644
245	391	0.10065367684212381
245	599	0.10605832624632039
245	816	0.1325943962289591
246	306	0.10428355929336015
247	328	0.11479879067170327
248	262	0.11627994466200348
248	457	0.11208940326304288
248	737	0.10948308293143853
248	960	0.11065049290438207
248	984	0.13673171191600275
249	322	0.13545974885813222
250	535	0.13372696920947105
252	276	0.1335372231607444
252	302	0.12901475666277923
252	605	0.10000111680779158
253	256	0.10626453615978484
253	259	0.20653878879316465
254	335	0.11090248045876012
254	340	0.13111938079678387
254	693	0.13411439972910644
255	397	0.10677896445845546
256	258	0.3848839521777788
257	409	0.14460764364142228
257	433	0.10778404583313816
257	659	0.11051299042084682
257	665	0.12620862792353701
257	821	0.10169037422205124
258	264	0.10119694755794258
258	947	0.1030847990216694
259	359	0.1044031424472253
259	405	0.10689989893651328
259	411	0.11639739403719417
259	470	0.10580623721401276
259	640	0.10989185791193475
259	913	0.10107126863103706
260	421	0.12555522847929793
261	909	0.11546098999845186
262	264	0.21126879311244073
262	284	0.10291729093411016
262	889	0.140955443810421
262	972	0.10668059853951903
262	984	0.11178770142435321
263	731	0.11207294093373053
264	332	0.15193385483284755
264	947	0.12569055391707137
264	972	0.12306398104898209
265	408	0.12041249198687169
265	440	0.10062949936515345
265	464	0.14032677947991817
265	657	0.12169972501708161
265	688	0.11448002687532595
266	278	0.1744132198329248
266	423	0.1304641214852703
266	562	0.11334960230536195
268	272	0.11218017952050009
268	356	0.13065732714160008
268	369	0.16900226912032626
268	459	0.11233106784039146
269	571	0.13220070733877867
269	959	0.2077253658697401
270	632	0.10337793594795773
270	685	0.14019147103541393
270	961	0.11889790747615755
271	326	0.10042047819106889
272	685	0.10906981893227309
272	733	0.11309198262858917
272	855	0.1299309393181733
272	864	0.11544879707149479
273	486	0.10107439699256969
273	627	0.12888399114907342
273	793	0.15573489635647536
273	979	0.11133954644789679
274	366	0.13352051261660428
274	401	0.11549971357691746
274	426	0.1076118721051889
274	863	0.11200140621146049
275	420	0.13514349186692212
275	657	0.14680282930263622
276	322	0.10470465895107392
276	340	0.12582634699431353
278	306	0.1459027031850285
278	790	0.10288732445631289
278	811	0.14698104745159565
279	576	0.1007459412094309
279	805	0.11309329765419256
280	318	0.1272275820947392
280	348	0.11109975602211154
281	355	0.1013628260754299
281	953	0.10650843859911595
282	320	0.10050829603128507
282	672	0.10509873064446097
282	677	0.11610280159549995
282	990	0.17337765299010605
283	292	0.15693565242725638
283	298	0.1406250202096787
284	316	0.13753912236751442
284	344	0.11796320195765977
284	991	0.12747707693018248
285	511	0.1359117591169632
286	793	0.11710670933569657
286	903	0.11396906809015636
288	298	0.13472721089920048
288	850	0.11526722464010127
288	995	0.1010771105370795
289	330	0.12333903562907553
289	624	0.10630465820236472
289	642	0.10578407153390842
289	674	0.12400460790270273
290	294	0.1301326292434634
290	342	0.11743589707812653
290	366	0.11589246955052206
290	397	0.11801768480655106
290	979	0.1058157603748784
291	863	0.12401260017967582
292	322	0.1481055770020273
293	825	0.14586585094727464
294	316	0.12541702945837616
294	322	0.10479048407601972
294	328	0.11779283557318784
294	729	0.10618000743343127
295	971	0.10430654070806138
296	306	0.10823298067274242
296	312	0.11895828700281703
296	336	0.1180119521655919
296	338	0.10089357598791783
296	561	0.11023827558166861
296	991	0.13655958866657844
298	310	0.10013716743370549
298	725	0.10452879113511489
298	753	0.10013319411366131
298	987	0.1073529275466851
299	376	0.10424323931849752
299	617	0.11611187509319353
299	821	0.11148151755480351
299	822	0.1025653138359415
300	302	0.17934450717323563
300	338	0.1075932515788076
300	374	0.10690920101739887
301	808	0.10849306885317515
301	869	0.12017712287335566
302	633	0.11811164870727739
302	685	0.10141168639863567
302	995	0.10789021251566368
303	325	0.1386303985864549
304	397	0.13105437251370283
304	671	0.10537178779557523
306	366	0.1070743555776068
306	463	0.10795488441174853
306	963	0.15146942184034265
307	322	0.11217250399308128
307	557	0.10180671331903751
307	639	0.12156272148390462
307	836	0.17190180288434692
307	914	0.11325369587187595
308	415	0.13701867473017273
309	432	0.10525259158686652
309	588	0.1003492807630515
309	943	0.11189996764999503
310	312	0.15723529327370994
310	314	0.10652010245721481
310	326	0.12016276067336937
310	330	0.12553668966248394
310	963	0.10269097962557978
312	314	0.1356601328028199
312	368	0.14159349353672349
312	685	0.1008322402138624
313	420	0.1523283214873116
313	484	0.1239476780252508
314	368	0.11356744414000759
314	543	0.1122167443155196
315	605	0.14379254680592815
315	767	0.11478143625221995
315	797	0.11519035430536931
316	326	0.10417037084217765
316	963	0.10740405093618839
319	459	0.13870356731913222
319	625	0.12343898713620244
319	976	0.11475106776918576
320	878	0.10249334732211496
324	401	0.11720937746162059
324	567	0.1176067049739463
324	899	0.10279288813706082
325	552	0.12669241325909544
325	584	0.130077444960998
326	329	0.11176760026092006
326	340	0.1011656516401004
326	397	0.1520571149589115
327	412	0.11283545633116947
327	463	0.11464315060002807
327	790	0.10337147757683694
328	423	0.16342083024441664
329	463	0.14313949822142835
330	397	0.1805981984106214
330	675	0.1343522370484381
331	479	0.17916042596283083
332	792	0.1048278381114323
334	336	0.11759401534904616
335	658	0.10030231979568528
336	340	0.17127253474826895
336	368	0.12299238678814277
336	374	0.10776207860871381
337	825	0.11037860424372628
338	463	0.13771759808892003
338	675	0.12353697600600463
338	693	0.10153437272938645
339	365	0.10059915347903363
340	342	0.14808589465586638
340	514	0.1268641782493343
340	516	0.13436311714684496
340	884	0.10451581938583214
342	368	0.10224980455441067
342	587	0.10300938773460129
342	870	0.10493747568080368
343	655	0.11352976258100896
343	685	0.10731802978455342
344	374	0.1149208804241036
344	743	0.12870061182058778
345	348	0.11678896518244772
345	537	0.17638195066117895
345	685	0.16294680218761337
345	711	0.18738920433940898
345	858	0.19225896579404658
345	945	0.10491822158924477
348	370	0.14101238446560874
348	374	0.13571598268403773
348	380	0.1038379472331869
348	503	0.11053521383493127
348	776	0.11333150287821074
349	456	0.11811478911027544
349	972	0.1205100128869267
349	988	0.12633203743448895
350	955	0.10886817465703598
351	606	0.10166916253794411
351	610	0.10873581584279944
351	682	0.11445965586074769
352	355	0.1220376324438033
352	413	0.1150548377483973
352	930	0.10044514929609663
353	497	0.2350020853782993
353	714	0.10083074244173203
354	974	0.11786350958750341
356	360	0.12520982637351877
356	423	0.12797231116667201
356	877	0.13883840826478647
357	511	0.11890649870952179
358	963	0.11142004115269309
359	385	0.12913694509106735
359	534	0.11730106415451312
360	619	0.10496987538796465
360	915	0.13775759214635497
361	391	0.17633550231968942
361	414	0.10914460262060408
361	461	0.19984062298878785
361	776	0.10333141356247043
361	992	0.12821785116535298
362	380	0.11023132885554886
363	587	0.16962287947496768
363	736	0.11125647954425527
363	891	0.1205394434434987
364	877	0.1253959109367955
365	992	0.10092712032887485
366	397	0.13336428773664827
366	941	0.12427398519567293
367	745	0.1111662450246217
368	724	0.1298922447700673
370	685	0.11766994504006631
372	630	0.13863943389197209
373	401	0.1064719283076005
373	529	0.10087998504598743
373	588	0.11609316899866508
373	675	0.16326495784810613
374	677	0.10876420734549785
377	941	0.11638906732647245
379	808	0.14491605897059467
381	473	0.1420316823569569
384	388	0.18756330830994847
385	481	0.11913674285023144
385	841	0.10730041224188602
386	420	0.12178919211102415
387	569	0.10230128687631154
387	904	0.1012201767491537
387	930	0.11239637620987623
388	390	0.11603670404000954
388	394	0.12355270852987808
388	487	0.1047836807993303
389	391	0.40353852412830554
389	909	0.1114171891501105
390	438	0.10237125713942946
391	501	0.10717514329828208
391	599	0.14708936688657387
392	438	0.11311899099525918
392	458	0.13928476916730276
393	603	0.1434418478541327
393	812	0.106219677418548
396	443	0.14038287289563187
396	565	0.10178128616956553
397	675	0.14082994505573163
398	420	0.13263214035297996
398	623	0.12260880057160674
398	634	0.10583710120595499
398	776	0.12382582507047786
398	871	0.11610825803873857
398	968	0.11232347028581416
399	533	0.10014621298302001
400	412	0.10699484200714382
400	523	0.13554188041158347
400	888	0.11210712416172657
402	406	0.11150104312752848
402	413	0.10010816787798014
402	465	0.19575992098640713
402	962	0.12118515016281199
402	964	0.10286670743762
404	483	0.10059604028667755
404	638	0.10503994752554469
406	422	0.14747795813677725
406	679	0.12942548698662082
406	797	0.1289449502641999
406	839	0.14093431848708463
406	871	0.1734163766941954
408	603	0.11755839278207104
410	630	0.10966826750112224
410	647	0.10745296096968229
412	414	0.10132142531276968
412	416	0.15032242051506442
413	757	0.10302175918736108
414	739	0.10019715621650084
416	420	0.1817876685311634
416	443	0.11892011804038455
418	638	0.10337785584485552
420	927	0.11148190251161912
421	603	0.13094034572888139
421	801	0.10363917787842081
422	508	0.1347764501783361
422	839	0.15444754085169585
422	848	0.10642332943825973
424	430	0.11163245261397779
424	657	0.11259341618374942
424	998	0.13140670298558205
425	457	0.1041547634318754
425	948	0.1532778605847428
425	954	0.12044219932046943
425	984	0.10176837504904092
426	698	0.13596012357773193
426	798	0.15522162566710157
427	526	0.10698600582117943
427	727	0.11746290326525394
427	833	0.1122128220587802
429	669	0.11041509409275113
430	436	0.14804714977531247
430	487	0.12273896277160516
430	917	0.11480359987559002
431	635	0.14478656609779855
432	458	0.11486864003518492
432	581	0.1356861635960225
432	706	0.1330154619431078
432	951	0.12093387101945124
433	518	0.10351772544219293
433	742	0.1262983458702659
436	438	0.13479636046043159
436	488	0.14049419508308006
437	549	0.11329885438025035
439	656	0.11429863525294501
439	811	0.1010521244261112
440	794	0.12279785990701979
441	599	0.11995155573817327
441	956	0.11173590564955638
442	927	0.1311262252674008
444	446	0.28619007404640806
444	448	0.11386411401990904
445	563	0.10989994055839222
446	456	0.14555902938966767
447	449	0.4523631037795933
448	450	0.11939268714879267
450	486	0.12681498949395922
451	568	0.10731377760461719
451	972	0.13530110266717985
452	465	0.11496988196589603
452	573	0.11355929871235339
452	738	0.10264174323895599
452	953	0.1171698354673911
452	958	0.10793652855331645
455	726	0.11592447322034245
455	730	0.10625019291277572
456	815	0.15520513848191106
457	960	0.23366141152527561
459	761	0.12676317033083703
459	881	0.18138014795576546
459	954	0.11464589411886958
459	960	0.15981156720391199
460	468	0.12512081045610876
460	472	0.12485405968194815
460	657	0.1310959856992956
460	693	0.12627494232728154
461	910	0.12925788734332672
462	953	0.12414911912072822
464	465	0.11429213749226744
464	953	0.11379782730678116
465	480	0.10032341479067529
465	647	0.14820544770190738
465	739	0.12103187489687367
465	751	0.10522620366578703
465	797	0.13948676730177856
465	839	0.16159235708790357
468	771	0.1625622067388406
468	824	0.11108494774698194
469	508	0.1298910411159612
469	941	0.14549080253005506
470	767	0.10670403238460177
471	862	0.11428473676142645
476	478	0.14210263575890147
477	601	0.1770845497004315
477	850	0.1260487589609235
477	852	0.11161446959766003
477	876	0.17953280293602414
480	797	0.12943947561325858
480	839	0.11770822613904414
480	953	0.10358177525660114
481	542	0.1195206012342843
481	635	0.10037798366945634
481	958	0.10870154255762358
484	495	0.10428276855872767
484	723	0.1010202689667912
486	861	0.10833109762417657
490	679	0.12347905180818258
493	521	0.13424141792745845
493	525	0.14015332772315864
494	512	0.10462425069515512
494	516	0.10795264041650249
494	520	0.10201634159744398
495	839	0.1453882271527692
495	841	0.11677000479820294
496	637	0.11666900527068376
496	821	0.16137485045276503
497	654	0.11445762149837135
497	679	0.10411443934914408
500	725	0.11947286889154257
501	617	0.14527015154154757
502	575	0.16534340343426296
502	640	0.10071034997449457
502	705	0.10802546278317739
502	834	0.15259992751542625
502	927	0.10696107055663659
503	507	0.1006059106613753
503	757	0.1081314688862293
503	776	0.14114726541208794
503	926	0.12997325244013366
506	520	0.10577485797594546
506	924	0.11804011599048098
508	534	0.10233193202054215
508	893	0.15492865504971193
508	964	0.10334756363074535
509	916	0.14575427211978625
514	516	0.2915861249248331
514	524	0.3323461185693051
514	728	0.12593443729379936
514	758	0.1029033406467334
515	525	0.21363025176937378
515	807	0.1327181806516908
516	520	0.14593211206357637
516	524	0.16355115304013626
516	758	0.12116614385129842
516	875	0.12996197152880634
517	521	0.23073964992941348
517	883	0.14762603718583145
518	585	0.10235708529398818
518	760	0.11938368427403064
519	702	0.12314202807572178
519	811	0.11927047581224925
519	924	0.17412074360429639
521	525	0.1666477841202245
522	757	0.1101288287643854
523	962	0.10586815241655598
524	728	0.10549973152140658
526	545	0.10393773494439658
526	685	0.1005729441157706
535	675	0.11660490370442517
536	792	0.121849372491659
536	960	0.10757287144318707
536	973	0.18688945555376177
537	816	0.10096245057584889
537	910	0.1373811423098137
537	945	0.20485289663801198
537	964	0.12045496761718218
539	665	0.1341617546629403
540	548	0.10509054719248424
541	761	0.10905685429823384
542	582	0.12925722179972982
543	756	0.10546081099297146
546	573	0.16780585631147946
546	789	0.15559170890978263
551	583	0.21257794657922252
552	558	0.1308972606998954
552	584	0.11799442019484112
552	779	0.12122515048451044
553	555	0.2748028986852799
558	560	0.31042777958456047
558	584	0.19978045315484844
558	610	0.1130794163990441
559	998	0.10217438851494619
560	590	0.13519981024144662
560	592	0.10126824390670341
562	896	0.10430548697826053
562	978	0.10118568094920585
562	992	0.11051509994756409
565	567	0.30635729140566587
565	705	0.10588631205042216
566	582	0.10795894357962829
568	605	0.1139647969322999
571	692	0.11400606823927535
571	705	0.29874239441169037
571	827	0.10729852322539178
571	856	0.17043547629792177
571	895	0.11692151616163275
572	577	0.15956707822384333
573	575	0.2127225851106016
573	623	0.12085813515033726
573	705	0.26650962194093325
573	786	0.10393742873184096
573	992	0.10439329810722087
574	699	0.10935687271079805
575	705	0.24912823736327247
575	955	0.11010504454259346
579	668	0.10879643413435915
580	778	0.10084721765553886
584	586	0.23907860975701672
584	610	0.1682940238388593
586	779	0.11109575796247873
588	776	0.1168794246090442
589	655	0.10126718799869987
589	729	0.14547961834743192
589	773	0.10279518459992373
589	893	0.11169539007742098
590	602	0.10067039051343193
592	602	0.13145630134533656
593	794	0.10259860942935266
593	875	0.15396721138835198
594	812	0.1399026993595322
595	707	0.10737087856459633
596	713	0.10342473606613002
597	785	0.1149036652094754
598	692	0.10124362645112349
599	617	0.11218802843922952
599	785	0.10298574298067666
599	808	0.10542378401448811
601	850	0.15041793146158394
602	779	0.12943677090375877
603	909	0.10156130318973716
603	951	0.11599373095645663
604	608	0.24704644867794082
605	705	0.11769394528465005
606	608	0.11247602771173505
606	610	0.21298874741980114
606	668	0.1330611404279586
607	725	0.10049948293410242
607	858	0.1053841816713877
610	654	0.10401224335781592
613	711	0.11253766344974724
614	621	0.13410094314471407
615	661	0.11042139144664587
616	626	0.12693043389695002
617	698	0.10240971254318247
617	809	0.12129153805276914
617	822	0.10427606881386015
619	791	0.10339233989759365
620	626	0.13300902994749678
620	628	0.21491800015479862
621	795	0.10153954111391186
622	624	0.26314016630798404
622	626	0.29485186023859605
624	626	0.3905123618372538
625	627	0.11413027940866628
625	705	0.10053904033917792
625	858	0.15351723972688658
625	871	0.10676880020719039
626	628	0.207499458689053
627	858	0.11217571339871449
628	644	0.10070689728424223
629	814	0.1217695978004997
632	656	0.12526911244220523
632	956	0.14279134746262953
634	642	0.12037077493926006
634	650	0.12523048242433943
634	678	0.10288675162901378
639	784	0.10780207372858416
639	788	0.17908016412500863
639	800	0.10578630171891142
640	664	0.1000950200224448
644	693	0.12980392658646972
644	763	0.1108637919263286
647	839	0.1449425119290651
647	990	0.10664416721930033
649	710	0.13790636609223933
649	724	0.1448500417950769
649	726	0.10603277499975385
649	917	0.10900011544008639
650	652	0.18404611269101748
652	668	0.11740686988562324
653	684	0.11372662723045372
653	803	0.10173352330095156
654	668	0.12022847302054894
654	903	0.12411577553159871
655	729	0.13268764724431464
655	867	0.13280953005206184
656	674	0.11750904093798974
658	741	0.10814590314208282
663	731	0.14684388791830705
665	722	0.14317936046893465
665	773	0.11286067679328883
670	767	0.1052152694290539
670	768	0.11910672173789928
670	887	0.134612869585277
670	993	0.10289117268075607
671	971	0.101422433779069
672	862	0.13506920294540378
675	826	0.107383172633143
679	797	0.1012863401290771
681	814	0.10915454672653951
683	886	0.1246026480735188
684	730	0.2022450460963135
685	938	0.10820725193166823
688	980	0.10747146652463083
690	967	0.100267229125771
693	800	0.10752966660731929
694	696	0.14428439892787143
694	706	0.16070803661764274
694	730	0.1289065897992944
696	724	0.12920790143734587
697	957	0.10034465638925848
700	967	0.11937458863618108
702	817	0.11655444233130126
705	914	0.11423371148602088
705	992	0.1095409437354957
706	730	0.14137055878380278
708	710	0.103570963548003
711	858	0.1256301484495513
712	871	0.1628301488686536
714	887	0.1257638989839464
716	844	0.11543782004350935
718	732	0.2103443255770981
718	742	0.1073467086097234
718	746	0.10242491187740377
719	838	0.2072760761287681
722	724	0.10002702477949398
724	726	0.20405896291952402
725	727	0.23364937174116301
726	727	0.10492803208134865
726	728	0.12538732685923829
726	742	0.13634595660081028
729	784	0.10313908980158827
729	793	0.12022607148536356
729	979	0.10282274924251247
729	991	0.14071957999685838
732	746	0.11234581183735835
733	949	0.11439440005172992
739	810	0.1029509886811955
739	844	0.1795820238926021
739	848	0.10317080724083719
740	769	0.10859226706964216
740	836	0.10580577580290494
740	949	0.1461260841022627
741	852	0.12620525200997137
741	945	0.14827990386243511
741	970	0.1345134571631589
747	843	0.1308198858652011
749	798	0.11578129517806857
749	814	0.1005662779430385
749	856	0.10331289136319576
754	762	0.11262519084506688
754	874	0.12848530666993063
755	909	0.1178025586408438
756	997	0.11459465364021504
757	918	0.10639126166505923
760	997	0.13203323058032282
761	846	0.11890675328294721
761	970	0.11570755243792676
761	974	0.12904023559706296
766	853	0.11105425076808743
771	894	0.12725330728826378
773	794	0.10049931557292492
775	871	0.12716191529337198
778	785	0.10002863530137127
780	782	0.16049708461929732
780	802	0.11825839866099516
781	922	0.11001255404140482
782	824	0.12675226336986306
785	808	0.15058246842093495
786	888	0.1274614424069494
786	990	0.10693429765704104
788	790	0.11049221748774592
790	792	0.11671338299798605
790	814	0.11793884541666484
791	793	0.18504175958493493
798	834	0.10552452706148042
802	826	0.12839299761894352
804	929	0.13480655028705527
805	841	0.128832590754357
808	812	0.11355416409643003
808	814	0.1574717619701639
808	821	0.11116051286395058
808	869	0.13179005275418265
808	949	0.12747124619924802
810	812	0.11856402167005627
810	909	0.15842723890963156
812	818	0.1515070108592209
812	909	0.19712196257561898
814	816	0.11462352661079962
815	946	0.25633664822375557
816	836	0.12074185340958926
816	913	0.10150289422066851
816	949	0.15797071197395723
818	836	0.11482153475968292
818	937	0.1140328561047143
823	834	0.10867699813044887
827	981	0.1251360256576948
835	982	0.10101747071770828
836	995	0.10569434292741017
838	937	0.12292858822528539
839	867	0.1584149311338717
840	842	0.12667119989798958
841	899	0.10670770457744827
843	865	0.23276305357016036
845	964	0.1040798509711922
850	990	0.11683178142263315
852	878	0.10013755146115368
854	882	0.15779871860589728
855	968	0.10512105867889039
855	972	0.13903800431793076
856	979	0.10953188601169168
859	986	0.1035170355472943
864	951	0.11355298137578461
871	945	0.13596397458534368
871	967	0.11402837903836553
873	917	0.14395803836485382
881	954	0.11233026524667623
889	947	0.13316013864051862
889	972	0.10566227015071353
891	893	0.11152280422387147
892	894	0.29683511844977806
893	895	0.10735491428459894
893	896	0.11067376785422631
893	910	0.1382718564938753
900	904	0.1423747270570049
900	926	0.102423769796082
904	979	0.1017521022581703
906	908	0.17835733430891734
909	987	0.17212175505313754
910	914	0.12346797544274984
910	992	0.15788273805402586
914	967	0.10680897425964918
916	995	0.16058014821091784
923	975	0.13446465195861457
930	964	0.11065623009510411
938	941	0.10596057686467514
938	943	0.11450989580423684
948	960	0.1305645514982344
951	953	0.41984827725241525
956	960	0.10679327771362314
956	984	0.11791879899278342
957	989	0.11139703753339932
960	968	0.10050028724000372
961	988	0.11105298005506038
964	992	0.12293361737501285
966	982	0.1361567383129155
966	998	0.10070726826586641
968	976	0.25269615885860225
968	978	0.1359677100696537
970	974	0.10979485495099463
972	976	0.1316213416969571
972	988	0.14066049685961518
974	976	0.17737172115700658
976	978	0.148469877030464
978	992	0.10149619360842464
982	993	0.1463538800469899
988	990	0.12011741217756913
990	992	0.1474778420531276
993	998	0.10807472686943075
