0	2	0.3949145473955986
0	4	0.29854871182923
0	39	0.12987818338280505
0	68	0.21688955282934747
0	240	0.11682416754727824
0	651	0.10442234191802621
1	64	0.1293814633130524
1	93	0.10589197987774258
1	107	0.11735832261167804
1	210	0.10681876498949441
1	387	0.12069174450685576
1	783	0.10739233716452275
1	959	0.1318466108927842
2	39	0.10073033251480432
2	240	0.15527367639181383
3	129	0.10435975978109045
3	205	0.136245858594875
3	287	0.16841147898636546
3	578	0.103105629609006
3	595	0.11142271554998141
3	633	0.10455005389815634
3	768	0.12247227609601638
3	776	0.12035765999113532
4	68	0.1307299785207466
5	20	0.13959427327709614
5	262	0.13791882695078583
5	274	0.10193024209550408
5	288	0.10931607783311527
5	302	0.1124952799072687
5	304	0.13234374646391286
5	638	0.10476079563765954
5	739	0.10520160112737915
5	778	0.17515041558204303
6	16	0.12609921141002314
6	549	0.13412152911585434
6	651	0.2761297325433774
7	93	0.11458187107892438
7	247	0.10559695971566535
7	320	0.12561894233384932
7	420	0.1408751533077462
7	481	0.10780840686676241
7	559	0.10469416467179112
7	573	0.1747200833201103
7	852	0.10438038262629722
8	39	0.1950193661500288
8	44	0.10083178578886202
8	549	0.1645287806687553
8	651	0.12867460787037496
10	56	0.11148937828720985
10	506	0.11039125951994397
10	521	0.1062047574899547
10	617	0.11262038090728553
10	957	0.17326120268544368
11	156	0.22094879912920626
11	621	0.10028836741387148
12	74	0.12072467763467944
12	88	0.13319703930237242
12	90	0.16295996215640327
12	98	0.12946425295153152
12	408	0.11021259235094555
12	665	0.10141293414352451
12	671	0.11853434209668792
12	864	0.11667616310504697
13	36	0.11006537017088197
13	48	0.10298311861742523
13	429	0.10119502264040281
13	605	0.13859883911710943
14	28	0.10985088412989827
14	62	0.11523485678220306
14	64	0.14278952952080842
14	275	0.11186284871784384
14	594	0.10314018834294093
14	653	0.11460218888603668
14	657	0.10863963167766087
14	719	0.1242765728475028
15	32	0.12197151230941586
15	51	0.153846173373706
15	212	0.1316918532280327
15	405	0.10497790006106883
15	409	0.12365035578225839
15	629	0.10005424806191186
15	643	0.10470397217240125
16	164	0.12597037018401352
16	463	0.1052312291261856
17	145	0.10224136439765248
17	459	0.1898691645372665
17	705	0.10805761461742573
17	968	0.11900231796838164
17	969	0.11726876729015376
17	978	0.10729563753917508
17	980	0.10603659292149907
17	984	0.11444600190811373
18	41	0.11004511405519715
18	62	0.11911508910137684
18	104	0.15896623681328986
18	517	0.10967212359746036
18	681	0.10595294220496632
20	697	0.1199894607680222
21	140	0.10573556344928818
21	494	0.1351619636427404
21	514	0.1016109860839328
21	680	0.10095313369705895
21	684	0.10180704457091999
22	478	0.10010922588283248
23	185	0.12364760587084883
23	758	0.10632838818088537
24	79	0.11052860662751741
24	98	0.21037228653630885
24	223	0.11348783588824612
24	253	0.12299773225476965
24	291	0.10160475177908891
24	431	0.1379188368989358
24	517	0.10028372651856446
24	759	0.11732204984092832
26	28	0.1272780796086868
26	437	0.10381264878672199
26	525	0.11608915869475867
27	360	0.11137556340996617
27	524	0.11989706715697818
27	996	0.14446721499798573
28	30	0.18675958985778413
28	39	0.13048741262947705
28	40	0.10188797759067283
28	101	0.115545405569125
28	141	0.11372447542715955
28	254	0.19596440849538097
28	439	0.130511447666676
28	515	0.10375308078713744
29	176	0.3543431053763065
29	218	0.1587552405856391
29	233	0.1867011568262291
29	363	0.12497061560041063
29	569	0.10761432831047374
30	40	0.10328867714603739
30	62	0.11410065875493665
30	64	0.10239779446560383
30	110	0.11156371587929138
30	439	0.10314907365152187
30	662	0.1050175944897537
30	776	0.14416688907956174
30	887	0.10770880923676689
31	246	0.12772343861761784
31	338	0.10133796306520429
31	344	0.11688782720149614
31	378	0.12055437449807872
31	423	0.11943442925035064
31	604	0.11058241425782478
32	38	0.1042524057001083
32	497	0.11272005473624774
32	689	0.10569256519617871
32	848	0.10140878475530553
33	343	0.10584302766374032
33	434	0.11077234470398409
33	516	0.11565201609887073
33	550	0.11046891632711554
34	36	0.13251838150786133
34	38	0.193631363814897
34	47	0.15414067080676241
34	53	0.11345960081903285
34	406	0.10136978848908756
34	794	0.10941054213934362
35	37	0.14585552876275149
35	331	0.4124170906366789
35	479	0.1909447525300848
36	210	0.13513216232158382
36	521	0.11725043133444946
36	638	0.12425368019341336
38	689	0.1147290405069486
39	44	0.12175552361132645
39	484	0.11047532469212723
39	880	0.10173815014846993
40	51	0.1252427525355507
40	60	0.13673018554851302
40	75	0.12769605728070876
40	416	0.1382647433061666
40	439	0.11652989692970069
41	419	0.20031226439240526
41	771	0.11920496648127152
41	908	0.147494565699114
41	956	0.11283699798889046
42	44	0.5937483415796795
42	48	0.10900872776314356
42	141	0.12093776452083695
42	437	0.11322848007207231
43	59	0.10431018362350146
43	83	0.10782736766635179
43	101	0.1318217602347151
43	553	0.1012314821429938
43	617	0.13026231726091728
43	786	0.19540368985174747
43	792	0.18941544301816726
43	888	0.15353206301392336
44	110	0.13306695299436727
44	437	0.18204745248374427
44	484	0.13511312176580118
45	201	0.10543619073899702
45	574	0.10059390805214533
45	603	0.10006301825816685
45	790	0.1589582927560654
45	799	0.12112691143560798
46	96	0.12635641930841515
46	766	0.10240304387807661
47	84	0.11753383324307314
47	143	0.10529398166691097
47	174	0.11013671217249515
47	257	0.10453022723457153
47	406	0.2166785153919434
47	493	0.11198310244221482
47	942	0.11948931228611367
47	961	0.14404709108823266
48	72	0.13112546967583147
48	268	0.12022643521843526
49	529	0.10556772607275364
49	557	0.13516586041011994
49	777	0.10472393280868769
49	781	0.10176661874225636
49	998	0.13641102397453903
50	134	0.10644412548418085
50	183	0.11011842356960855
50	607	0.11644024217653128
50	834	0.11886707820022693
51	266	0.11268674405043154
51	268	0.14345894414344904
51	307	0.10939708699348244
51	634	0.12839181193379592
51	785	0.13068570217609923
51	828	0.11695845733663099
51	839	0.11153751155996741
51	987	0.11996765196400216
52	60	0.13531258795601311
52	496	0.11223464775868605
53	136	0.11066678581307605
53	497	0.10816544219386029
53	623	0.11497600098404176
53	757	0.10556519909351166
54	229	0.2505164774831946
54	493	0.16828302712336027
54	805	0.20802269456738326
54	833	0.1137662225098927
55	360	0.13103371866195446
55	385	0.10869908846191562
55	719	0.10373596261755352
55	735	0.1199481567202452
55	895	0.11025116333630149
56	66	0.12111731974218658
56	339	0.20368458596687009
56	427	0.12596787923760366
56	539	0.10925922078676134
56	681	0.10236747700393457
57	135	0.1038755344082229
57	295	0.12823559716875405
57	360	0.14450762414546295
58	108	0.10068339190474694
58	572	0.10860844242161173
58	822	0.101343532278461
59	449	0.11167949737236221
59	548	0.10991022019559711
59	729	0.12106649759763324
59	794	0.10401295839866892
59	814	0.10575685634658995
60	206	0.11759774031764308
60	519	0.14926936888879203
60	525	0.1483762074003137
61	238	0.1307382997426135
61	240	0.13514062403931498
61	296	0.13338452268857215
61	306	0.10420387375575603
61	359	0.10609277609655224
61	677	0.17426913634996452
61	991	0.10363664134640048
62	64	0.29949318427563704
62	681	0.11151301150388725
62	887	0.1061392991574863
63	159	0.12424788283714709
63	215	0.15136292060765094
63	247	0.11990104798530263
63	434	0.10338267510163898
64	110	0.13447986791802538
64	634	0.10953073897793254
64	709	0.11318074875804916
64	820	0.13547788741322994
65	489	0.16143046580304354
66	427	0.11786949218023354
66	519	0.11388827903570437
66	609	0.10796950264760775
66	633	0.10023385713817416
66	957	0.11733760534963249
67	319	0.1335271215711792
67	715	0.11550160358547555
68	70	0.1347606582983532
69	414	0.11432378267737853
69	445	0.15433454184170037
69	563	0.11519639545366628
70	439	0.11817963280286042
70	977	0.12947367838767868
71	99	0.20736741226241043
71	122	0.10207939345894258
71	571	0.11420642646229079
71	819	0.13670810847723694
73	160	0.11163934302862419
73	192	0.10758133288921863
73	214	0.12343869682651779
73	222	0.10281409289556755
73	863	0.12696175091308812
74	76	0.15931297931786548
74	278	0.13815513644679303
74	607	0.10886888451064049
74	787	0.10475585020409366
75	92	0.13284103517523135
75	141	0.1263953722566475
75	637	0.1143068579888021
76	153	0.10355631406326893
76	159	0.11323095921847502
76	500	0.1039624492284226
76	973	0.11659751459458288
77	138	0.1191294473718187
77	396	0.13871265727172247
77	537	0.11660045131053928
77	902	0.17558294560498988
77	982	0.130061513628845
77	993	0.10278529023705212
78	174	0.1010802151480223
78	253	0.12393883827675044
79	314	0.14506741558787412
79	327	0.102120036121681
79	329	0.10409496214147455
79	625	0.1181442542135593
79	659	0.11359180264343943
79	729	0.11359448308816666
79	791	0.12043337433877876
79	796	0.11051534905035251
79	816	0.14333994770462066
79	820	0.10969172447269032
80	410	0.1040616180920678
80	955	0.10167445522252495
81	182	0.14655979516336312
81	261	0.10439741093224027
81	299	0.10392913853697192
81	423	0.13612994385665195
81	466	0.10797401589539353
81	788	0.1641689886501649
81	796	0.11586707779856441
81	810	0.10325206918674804
81	812	0.18910318471421808
83	470	0.11180974762375381
83	481	0.13329781975633784
83	657	0.10227221600431602
83	791	0.11335125963279385
83	812	0.14218862491687495
83	933	0.10616118855833487
84	400	0.1403335837944274
84	672	0.1207150035164825
84	935	0.12813426954104357
84	942	0.10404161789732712
84	959	0.12778300136026632
86	456	0.10445736367563707
87	97	0.1147128836365947
87	385	0.10071132208642128
87	700	0.10644114865019084
88	90	0.47026548718079725
88	100	0.4082377331000907
88	102	0.18547063217975884
88	127	0.10163422550703127
88	559	0.11613800832569088
89	157	0.12713686841509972
89	420	0.17567279194479735
89	495	0.14035393062380302
89	657	0.12505465826566478
89	914	0.11333630869939765
90	92	0.10608856733818262
90	94	0.23945869667094666
90	102	0.15267274886555143
90	108	0.30078324420230335
90	799	0.11223090037540431
91	120	0.11103816155755938
91	209	0.10494651278063523
91	276	0.11497153241864082
91	570	0.15750320981206528
91	572	0.1004315856285705
91	639	0.21802037248472764
91	755	0.1066962905803482
91	793	0.10298914629418401
91	913	0.122511880333598
92	96	0.26545905921791263
92	102	0.10170698804192739
92	104	0.29336719997901345
92	106	0.36745645815474676
92	108	0.5166704269636547
92	543	0.10617152893583715
93	201	0.11258074948962062
93	274	0.11699672363079355
93	397	0.11885985150182826
93	784	0.11192194539607911
93	808	0.1319967815029903
93	830	0.23008741641877375
93	998	0.11532827427182486
94	96	0.1389145900401454
94	106	0.13111485357773456
94	358	0.10005679653830343
94	559	0.10307879341429844
94	811	0.10471281372156972
95	260	0.12212547521418612
95	270	0.10469306475099517
95	307	0.1464317964909556
95	416	0.13375029507309022
95	424	0.10932222617050727
95	723	0.10277890570169712
95	867	0.1077242392923575
95	964	0.10895371172463895
96	98	0.12193293901950716
96	106	0.35171526019157573
96	108	0.11420486284437409
96	766	0.12471542217618813
97	290	0.10028260124752501
97	601	0.10896477148693319
98	108	0.26053507330764303
98	223	0.1692645199537965
98	422	0.11850906541911266
98	766	0.1122739551450776
99	355	0.10085686473631168
99	498	0.11414714860855421
99	571	0.13814056570289274
99	575	0.13545320158277946
99	576	0.11347876382744104
99	949	0.10445776003997727
100	102	0.2872225798663332
100	359	0.13587181750082003
101	110	0.11490160508837266
101	318	0.14175751738409695
101	921	0.10211778470839937
102	104	0.18367087165645363
102	108	0.3306399526758833
102	413	0.12358731113046113
103	482	0.10965530633154463
103	731	0.15243303293552768
103	806	0.12156028938679372
103	865	0.13374540617550246
104	106	0.17407076310506836
104	108	0.16212985157151505
104	127	0.11211782872688911
104	135	0.11332228514886
104	401	0.10344947772331553
104	413	0.12017950271484726
104	801	0.1180533783613469
104	934	0.11916820589344525
104	993	0.10016778459449127
105	138	0.11795008787198868
105	411	0.12232949714888908
105	699	0.23249585562402217
105	867	0.11146182308559216
107	304	0.10891440366698683
107	797	0.10515464185622463
109	429	0.15300032035128114
109	625	0.12028422573392396
109	705	0.13467416609897273
110	336	0.11050360019419456
110	439	0.10330283125294154
110	654	0.11245276520435213
111	321	0.10063286744119657
111	406	0.16480974054034278
111	456	0.12005513212547904
111	927	0.13559232640112326
112	116	0.1024366306842006
112	186	0.1316081769452353
112	204	0.12057371948464754
112	228	0.20023494459410165
113	272	0.11636537412191099
113	322	0.108081554984603
113	565	0.12382705828151043
115	433	0.14745559188171128
115	734	0.1179650970229723
115	926	0.1274579460356359
116	188	0.12178301783556118
116	221	0.11416016695509748
117	146	0.12739294652543662
117	267	0.16251361541693815
118	124	0.16648839369402643
118	153	0.1022791669273063
118	170	0.11503506856738406
118	314	0.1117951928707601
118	380	0.1382597894737194
118	497	0.1077956187927376
118	630	0.17522646959309932
119	367	0.10675481485530637
119	468	0.11535443878324361
119	586	0.1252223738535823
119	592	0.14000476369303258
119	604	0.16226394165308478
119	606	0.12953989422654655
119	610	0.4127081839506667
120	126	0.10289370114010622
120	128	0.10680091975430156
120	138	0.12215679633993293
120	194	0.12202361686372802
120	202	0.13532320951208185
120	220	0.11263388616009846
120	585	0.10596332909560759
120	667	0.13778265839724352
121	730	0.10319090016517847
121	850	0.1824626247311418
121	918	0.11144122863205036
122	156	0.14112362184899696
122	358	0.10072822988424504
122	703	0.10273296104730946
122	844	0.12044922837380775
123	127	0.29232540255620715
123	301	0.10004602832937437
123	669	0.14307191245694995
123	818	0.16918375070404415
123	826	0.1298128388721081
123	871	0.1040104067658242
123	949	0.10952387592260496
124	126	0.2961371395087535
124	130	0.10903745400570937
124	190	0.10255084501412697
124	535	0.20576629719566472
125	245	0.12905580522786597
125	307	0.13049765320076287
125	669	0.12288543755906055
125	699	0.10562789923506265
125	733	0.13052813099082694
125	818	0.11983644725354835
125	821	0.1634553512191636
125	822	0.19100961079791617
125	826	0.10223843156084851
125	836	0.10216698514249933
125	909	0.17608273588609877
126	130	0.1365781818648305
126	140	0.10136845722693022
126	186	0.1163091236277832
126	194	0.11203834451505026
126	587	0.12484091918979806
126	667	0.1055222945371952
126	754	0.12652363747244957
126	839	0.10007103729224759
126	867	0.10345914764192397
126	933	0.11468935687501805
126	966	0.10578793194129245
126	967	0.10518853541745021
127	169	0.15466722626524423
127	279	0.10865161599920295
127	301	0.1610872737174771
127	373	0.1012695518254966
127	413	0.10630510564262678
127	523	0.10362015022490777
127	730	0.12559280841201365
127	747	0.10980336582162045
127	755	0.11263295245238036
127	826	0.12611178055812472
127	832	0.13745057395454915
127	949	0.1518045490550324
128	130	0.3075357995107001
128	133	0.11605069195772466
128	168	0.11945366596983056
128	196	0.10079094327957529
128	200	0.11780435749175111
128	747	0.11759752454274412
129	287	0.13515912212209194
129	421	0.1129360152529311
130	196	0.14382257086273784
130	198	0.13099603969803322
130	247	0.14490122497991448
130	436	0.10054531505186624
130	667	0.17731745852520253
130	679	0.10253706624558699
130	745	0.13531936720144336
130	747	0.1671940239561606
131	585	0.10056228918347157
131	707	0.1318525956204838
131	990	0.1692574880427572
132	390	0.14419530102227462
132	428	0.10165961424407516
132	430	0.11876074152474496
132	438	0.26706787215053607
132	460	0.10796918216165213
132	693	0.11357462412299017
132	790	0.1659573757118233
132	862	0.10648405320056967
133	140	0.11715181421887
133	143	0.10884952326015461
133	256	0.13831007431663792
133	258	0.13355134944447797
133	850	0.10781773069812194
133	982	0.14725585547885056
134	224	0.13218000467410562
134	257	0.1294840566888411
134	406	0.17582874879669894
134	421	0.1442506155538557
134	465	0.12466891212943772
134	537	0.11618854597702323
134	601	0.12414936458604316
134	793	0.10142997196537794
134	810	0.1466093948987783
134	871	0.111460366089008
135	169	0.11458753513329567
135	571	0.11025332803768127
136	142	0.11339981909702555
136	481	0.10965137912275236
136	496	0.10034792240977088
136	579	0.1026301986365985
137	396	0.10181916637117523
137	857	0.11350024798511113
138	194	0.10861046996120942
138	204	0.10606587068463065
138	268	0.15501818308014784
138	270	0.10596692233266021
138	585	0.1339713062462145
138	667	0.10940032145451441
139	148	0.15569154267749558
139	200	0.1532828086768627
139	216	0.1572891357932671
139	397	0.11247299460427528
139	593	0.11470423437304682
139	747	0.11507492326807324
139	756	0.12171506338927217
139	993	0.10216880546019795
139	996	0.1425900028227318
140	144	0.16031344902963776
140	174	0.10900933345175673
140	491	0.12129942048461746
140	587	0.11860073383165937
140	889	0.1058332936154126
140	968	0.1222807799634763
141	607	0.10016133881303872
142	353	0.12984285832060535
142	363	0.17976681557111496
142	497	0.13225696450344762
142	587	0.10009300847893574
142	712	0.10157211961461038
142	924	0.1261865218293661
142	970	0.10095391740964627
143	168	0.1148847486299952
143	176	0.11586399934542972
143	196	0.11583902623644869
143	569	0.11595727860919558
143	684	0.1475507007468318
143	947	0.12893932452857118
143	976	0.12294692555511252
143	980	0.12265958937595571
144	491	0.10781271556145626
144	642	0.11027881664276402
144	684	0.10812299251161248
144	960	0.10618112673166641
145	264	0.14511222786251107
145	270	0.12257270260784608
145	411	0.11166157119757392
145	459	0.11948809523929697
145	741	0.11169036934348626
145	881	0.10680145620645748
145	956	0.11312833117306267
145	978	0.18333219243630605
146	150	0.18655408537964346
146	164	0.14529432474227347
146	178	0.10594280554036871
146	389	0.10214164231292867
146	508	0.15757457883245668
146	613	0.15594849704239194
146	910	0.18324645591528138
147	595	0.11070882062136007
147	658	0.13642512600700474
148	204	0.10686945454924524
148	420	0.10081180942576183
148	783	0.10427107581398035
148	907	0.10059832834295063
149	447	0.123808801934591
149	496	0.10229784795161406
149	573	0.10929873598467596
149	575	0.10749502935177623
149	579	0.1345549539658041
149	632	0.14775355794921094
149	634	0.1291450338762106
149	636	0.12299885969936115
149	656	0.10309959473040585
149	670	0.1316707528853341
149	889	0.10331819110893783
149	993	0.11564474643825942
150	164	0.1054817489117764
150	168	0.18144251216958476
150	319	0.12825981094410235
150	751	0.12695557738376143
150	799	0.10473908874560865
151	398	0.13327445773815677
151	404	0.22338518168370816
151	414	0.10642798516379953
151	416	0.10399586530016783
151	442	0.11793959266327136
151	565	0.10317786521365482
151	659	0.12874654877053168
151	703	0.1418563100558586
151	712	0.10073719699300195
152	155	0.14574630488780224
152	158	0.15970535053796697
152	191	0.10221123501581507
152	245	0.10304733508387179
152	569	0.13611191636691689
152	799	0.1071189183741182
153	159	0.11005366213848938
153	531	0.12970103829533644
154	167	0.10930033283016241
154	251	0.14943329415480205
154	383	0.16738835875446478
155	191	0.10816465413290736
155	255	0.16140746724965252
155	282	0.11259790180045325
155	421	0.12552315424596436
155	546	0.16803257897593163
155	573	0.10246732940065696
155	648	0.10295700355297314
155	805	0.10772369675190464
155	841	0.16797036474537072
155	871	0.12924536990428181
156	226	0.14248534027526394
156	542	0.12362872956421152
156	714	0.11769651228713193
156	791	0.10954764064851712
157	481	0.10677145644846481
157	812	0.11031016859066592
158	178	0.10974559892860405
158	231	0.10859489044949602
158	233	0.10210796667703269
158	607	0.1298680091397496
158	898	0.10588206122798022
158	935	0.13187655255527067
159	214	0.1278777581609593
159	569	0.11497692163233063
159	621	0.11242198543193498
159	722	0.12907574540437772
160	162	0.13870242369535243
160	332	0.12414971252762298
161	425	0.10868933064507903
161	559	0.11115016346345759
161	567	0.11583550137077027
161	968	0.11556745856873114
162	202	0.11060889397812232
163	469	0.18978715837142068
163	935	0.21916312200545832
164	178	0.16962529744525567
164	231	0.1258364753852905
164	360	0.12210903431290153
164	537	0.10517204539879768
164	563	0.1029773066711459
165	714	0.13520464425667084
166	174	0.12418095362079133
166	197	0.11849575518263983
166	198	0.10447328954717654
166	202	0.12610742083248375
166	365	0.12763259981216873
166	764	0.11492673055449326
166	799	0.11335984679793189
167	209	0.12457158176608585
167	819	0.11462698722533597
168	198	0.1757798816880808
168	228	0.10793032989650446
168	652	0.10908972912923792
168	932	0.10922849833224228
169	298	0.100040737718115
169	418	0.10174571339626977
169	502	0.11502591007921681
169	565	0.11104765009857624
169	567	0.12409966699659725
169	612	0.10611934856477154
169	899	0.12014658954178668
169	993	0.1263888126111336
170	172	0.11675034791346828
170	174	0.128553050839808
170	176	0.11681133407220073
170	192	0.11900845548921611
170	569	0.10068964300524562
170	814	0.1277351086042177
170	821	0.11489486956234829
170	863	0.12178111825260983
170	987	0.11174399596907889
171	531	0.11713445460388815
172	176	0.10906112681456741
172	186	0.12392876209619307
172	200	0.10495521417647269
172	202	0.10441693872743184
172	227	0.10370221087114828
172	348	0.19109906604843763
172	808	0.12282039664113457
172	990	0.11628515214182593
173	245	0.10510584265838366
173	466	0.1355564880708653
173	748	0.1900841369143909
174	214	0.10734696075324031
174	376	0.15126080829385835
174	491	0.16040040142481915
174	497	0.107478008255333
174	591	0.11267087511073545
174	667	0.12055823610776469
174	675	0.15412481704316724
174	852	0.11112056198425341
174	953	0.12411199286694805
174	955	0.14595298614568825
176	191	0.2305193667697099
176	233	0.22551836946946718
176	711	0.11420268550534106
177	674	0.11152636048649385
177	734	0.10193059522736209
177	875	0.1088734566700426
178	187	0.1441904053624972
178	194	0.11182574537769249
178	197	0.1271282356905198
178	231	0.1315644352647136
178	898	0.10491021007690685
178	933	0.14697926131324712
179	319	0.10741337911870043
179	849	0.10020666263197486
180	585	0.15555307026306442
180	917	0.10078108018016443
181	485	0.10775854342463613
181	658	0.11015274553839066
181	681	0.10801290716141494
181	795	0.10075083331253958
181	913	0.11882319443678895
181	961	0.10820154965550366
182	186	0.11530779168069424
182	193	0.10559596289277673
182	196	0.1107015828467195
182	208	0.1450280336038784
182	653	0.22521869367388378
182	949	0.1430985914156679
183	324	0.1727241852129273
183	380	0.1354152078715779
183	397	0.13503701555485637
183	675	0.11379947850402265
183	729	0.16132588373772375
184	197	0.14290190674499478
184	413	0.14068040207135973
184	431	0.1000302285910627
184	490	0.11020700166566608
184	502	0.13295017058373484
184	823	0.10846115605432241
184	834	0.14932516432064163
185	670	0.10930685743385983
186	194	0.16602652236196763
186	196	0.211674877120571
186	464	0.15670427670320214
186	585	0.11068754478058065
187	360	0.10438124824741664
187	739	0.1117337874026281
187	970	0.11131555272264905
188	200	0.11301532881757283
188	221	0.15423428014088741
188	491	0.16209266639484132
188	585	0.1247703000801352
189	254	0.12060482042261153
189	309	0.10321501348108696
189	683	0.1099752954228979
189	842	0.19742569651114833
189	874	0.12111911869729847
189	880	0.18785655924247188
189	956	0.11846832122119452
189	972	0.1116008119705213
190	191	0.105368540629237
190	591	0.10002682415358066
191	197	0.3501960686857346
191	224	0.11785339102749222
191	759	0.10234554784477057
191	814	0.12578995892900913
192	198	0.1967879979687825
192	567	0.11153353433123524
192	909	0.12972833183661292
192	955	0.1612358149935817
193	259	0.11433382196474198
193	653	0.11146423749829604
193	667	0.11261438486371908
194	200	0.10540827827910441
194	202	0.140379572143216
194	204	0.14740624830221125
194	333	0.11551795463788363
194	585	0.1227833150735001
194	592	0.10386975403601838
194	718	0.10819046214105245
194	747	0.1132278572903792
195	364	0.1437150323072334
195	561	0.11508218644447246
195	625	0.1195836324617144
195	761	0.14889324743229276
195	945	0.15423135550284275
196	228	0.11744769575931974
196	489	0.13180297674391167
196	771	0.12636409884720176
197	199	0.10444297349861356
197	692	0.11097888876164584
197	733	0.1322443925844202
197	759	0.1267641342067314
197	821	0.12957497885675207
198	200	0.1004237933738693
198	265	0.11512875123731053
198	378	0.10298479045920614
198	491	0.18194963000350245
198	526	0.10783576832715816
198	667	0.11331727730184564
198	828	0.1057802977333482
198	969	0.12103550364618561
199	370	0.10309017502062039
199	414	0.11505300137430965
199	431	0.10303636155819955
199	537	0.1204569648013228
199	895	0.10566152102763145
200	363	0.19339634363456354
200	592	0.1110823775520731
201	557	0.10160646075608769
201	773	0.11740800247440715
201	812	0.1199431817125758
201	814	0.17209144612022084
201	869	0.12029842424257865
202	204	0.2571358537910555
202	585	0.1752803786434673
202	824	0.10051035217352179
203	206	0.12137515471224353
203	280	0.10307720686619877
203	441	0.13112387038570306
203	496	0.1586866568054724
203	685	0.10326317307771606
203	723	0.12953088865588128
204	222	0.11062037911627191
204	228	0.11842778706859361
204	491	0.10624945727604644
204	585	0.10104687586716678
204	732	0.10166328536413698
205	813	0.11694040472753879
205	848	0.10205958905340073
205	900	0.1271489952317706
205	982	0.10286968486612116
206	247	0.10341928671371342
206	249	0.11258330456197159
206	907	0.12282848447600249
207	557	0.11338460186742469
207	669	0.15031926959291542
207	749	0.1819852900163254
207	767	0.1426380396797725
208	353	0.11677933426449184
208	422	0.12275693474100635
208	615	0.12112137526885557
208	653	0.24903154773323505
209	270	0.10314273153181033
209	975	0.12213767750314229
210	353	0.16488976816314338
210	493	0.12697029327910897
210	546	0.10574423025598993
210	653	0.13044253489222613
210	655	0.11043456762881863
210	753	0.10841105029238558
210	959	0.11043031006514123
211	499	0.1025693489885459
212	464	0.11158810897877056
212	653	0.10190090262814039
212	711	0.1606901037433855
213	215	0.162181392527734
214	722	0.11818562403745521
216	314	0.10100001493705262
217	284	0.22061934524886684
217	451	0.10282520834386011
218	320	0.10056550213482113
218	819	0.10057214937807638
218	834	0.10294906734671463
219	486	0.15538071623699196
219	561	0.13267486107213972
219	635	0.1118566546264715
219	899	0.11942146493735058
219	946	0.11640235656086675
220	224	0.12152709170784354
220	941	0.10315289112830625
221	224	0.15920485295089024
221	226	0.15152505315942028
221	799	0.13361568776835672
221	908	0.11857836624132008
222	422	0.13580645540858813
222	887	0.10987739868020964
224	226	0.13874801018576358
224	398	0.11097438785820979
224	509	0.10381611488099754
224	799	0.1961518101545135
225	231	0.10218408416908241
225	267	0.1073103747176046
225	594	0.13057451986056068
225	675	0.11552835544845619
226	228	0.1011069855704152
226	587	0.11019626038995758
226	718	0.11452556710004676
226	880	0.11673635672684621
227	722	0.13157309792126617
228	488	0.10101305762217953
229	515	0.14755234430869563
229	807	0.2150334707002275
229	833	0.1583655146749772
230	236	0.12289089297765687
230	244	0.11923190387068772
230	312	0.1352752329060872
230	374	0.10095356074537264
230	675	0.10068081501773626
230	685	0.11984221322068037
230	693	0.10719858104272664
231	261	0.10700154278045382
231	348	0.10115250229269426
231	595	0.11442426612446593
231	648	0.10361324000965555
232	234	0.17330294103457125
232	278	0.11652818167237684
232	735	0.1068423616786369
233	311	0.1003285785640564
233	357	0.10237027066303084
233	720	0.10606479817116385
234	238	0.10821456332476227
234	336	0.12098901594040928
234	991	0.11223778668495521
235	638	0.10533819799218377
235	822	0.10728292407865499
235	893	0.1570130880948172
235	914	0.19267134570834696
235	995	0.10294244647430298
236	238	0.2336760531600304
236	240	0.13021832693569088
236	242	0.16793438579828227
236	244	0.10133752548006039
236	312	0.16674872537129373
236	369	0.16907592944293043
236	963	0.11397556451529677
237	595	0.2026658468500651
237	705	0.1086507244143194
237	739	0.13565461862125544
238	240	0.1661928502026922
238	242	0.11943226423239175
238	248	0.2126582133931936
238	326	0.10122418013193636
238	344	0.11484567104758982
239	589	0.11190370285171321
240	244	0.13801720233290857
240	326	0.12230075796748512
240	369	0.15503367322964812
240	374	0.1254579633260356
240	479	0.12533947373216317
241	428	0.10177492011889484
241	646	0.10061231747034614
241	658	0.17936272029525008
241	891	0.11563053888941316
241	942	0.1246074329172532
241	982	0.11060821124701475
242	254	0.11172487329386284
242	312	0.1934623025549058
242	368	0.11171735352488218
242	369	0.19856137335151292
243	771	0.13422854869253256
244	246	0.12641327434970945
244	302	0.11350905878564735
244	374	0.11245021771338717
244	743	0.12286932120817746
245	393	0.12766831133972567
245	617	0.12840962815222903
245	786	0.17766109052645437
245	821	0.15714596716109544
245	836	0.10930442433919921
245	872	0.10828240051544709
245	874	0.1404563331916192
245	951	0.11383138638418089
247	249	0.152175573837559
247	309	0.1428438927308642
247	452	0.1417723715332898
248	268	0.15269906298113745
248	298	0.10720936936965947
248	310	0.22131692315319915
248	344	0.25333660890857246
248	558	0.10413564718936165
248	693	0.11312469670227222
248	889	0.1136391941656679
249	322	0.14076887075609176
250	264	0.12952788612700508
250	274	0.10551001376515978
250	359	0.13667055304027803
250	535	0.239990927932215
250	682	0.10715663065049622
250	756	0.11452033396742767
251	361	0.1028892692495814
251	796	0.11465424290416408
251	917	0.11851147683700293
252	266	0.11567515017817999
252	300	0.1299041800801137
252	605	0.10194230869559906
252	636	0.1994835473834189
252	670	0.11108936926536275
252	877	0.10071679864872174
253	257	0.11969802567634306
253	470	0.10632545094787946
253	695	0.10367169966777194
253	852	0.1041232709198816
254	266	0.13144083685117527
254	310	0.11704401768723276
254	314	0.20617500541241196
254	693	0.19920062196979152
254	991	0.14811077970436667
255	530	0.10375446165780193
255	805	0.10873362318884722
256	258	0.24102494871121538
256	366	0.1053016054733325
256	461	0.10814750481811547
256	595	0.11367926391290441
257	341	0.18049319895017785
257	373	0.16512795343243242
257	478	0.11942920532394474
257	537	0.1472668670402437
257	675	0.12227497250419174
257	739	0.10351626736663015
257	871	0.14901674047793378
258	421	0.11991145580105479
258	785	0.1065708954257388
259	359	0.11848472287647212
259	563	0.11158112484191093
259	587	0.12180426161245059
259	640	0.15724029489009234
259	739	0.12509062726059564
259	970	0.1052495367118458
259	976	0.11889039121714821
260	298	0.11386210401954297
260	396	0.16594748950476976
260	404	0.11315679603783836
260	547	0.16160922964715402
260	791	0.10391811197506262
260	833	0.11087361389068769
260	867	0.10685988382773387
260	902	0.11337158133270696
261	740	0.10742951056153068
262	272	0.12857540795137068
262	312	0.1342022768615386
262	323	0.12868348736461985
262	349	0.12806690306058915
262	463	0.14782432112784008
262	613	0.15711471821706094
262	633	0.1045511539060418
262	900	0.10422590789481591
262	976	0.12576128228611852
263	601	0.16381425391858168
263	755	0.10756762214381345
263	871	0.10960361740324558
264	266	0.36920256652080846
264	270	0.15702955663920004
264	274	0.10854667574937255
264	319	0.11216030908343268
264	323	0.18395617190774904
264	349	0.10372171512326687
264	359	0.11132508263377744
264	368	0.11076708314140032
264	387	0.10123831229313424
264	904	0.10620397387306725
264	980	0.1107975858061892
264	991	0.11015249535234325
265	420	0.17486717787899536
265	854	0.10328590653616541
266	268	0.15802173892584412
266	270	0.11294100530011578
266	282	0.12548423316296287
266	284	0.15341006035596197
266	323	0.11614585706550659
266	326	0.10305368863147857
266	368	0.13021697880142932
266	980	0.11278995071237745
266	991	0.16431955738701443
267	404	0.12361388958798816
267	945	0.10145495104584155
267	998	0.1216072760120365
268	282	0.10223127355389403
268	284	0.11698361671010002
268	326	0.1391761396192037
268	342	0.13364220701335872
268	347	0.10156827274077357
268	381	0.1304970997733601
269	353	0.1474051495936575
270	508	0.10899232221709451
270	535	0.10432436737224692
270	855	0.12744664277934237
270	864	0.12263934679333575
270	904	0.1045851363529692
270	906	0.1332971302384994
270	914	0.12131945275611497
270	964	0.10232970976514698
270	992	0.10628227929255593
271	540	0.10098728982407772
271	769	0.11223986637245928
271	788	0.11594788666059738
271	830	0.11320450707252318
271	959	0.1563293867808643
272	290	0.14898872661014
272	294	0.1383503154278924
272	314	0.11208133802350963
272	322	0.12658140764028938
272	348	0.11045475265368225
272	370	0.11416705413249943
272	410	0.1466118334197113
272	475	0.13725298871779015
272	537	0.10984153727874675
272	630	0.1202138408837787
272	685	0.10234536087309085
272	739	0.10744273775302944
272	896	0.11629545802937541
272	968	0.1011169725533546
273	338	0.1194808991877314
273	413	0.10227353431701378
273	481	0.12401378915916218
273	627	0.10369213984945287
273	982	0.15371178520816114
274	320	0.11693182601693156
274	543	0.11642689032479496
274	769	0.1424702257818563
274	778	0.11826255271179414
274	844	0.10872158617392738
274	916	0.10377305038542857
275	418	0.12961707582440132
275	443	0.10108143223851335
275	460	0.14411139676325643
275	481	0.12497395943749842
276	294	0.11004668233751207
276	328	0.10986499847264176
276	364	0.11760083220731912
276	571	0.12296755823046955
276	640	0.11635381217764838
276	910	0.11247192644143683
277	542	0.17159563536392167
277	713	0.11345823543954407
277	795	0.10448076627097484
277	845	0.1100755259203735
278	344	0.12203138626713642
278	644	0.13511491831061878
278	787	0.14838814451196505
279	379	0.14346860016792487
280	306	0.10889241169065575
280	356	0.10268645022499194
280	719	0.10257560132161889
280	727	0.11232190429698272
281	897	0.14067330296678335
282	284	0.26108366473034994
282	288	0.11246738690214515
282	316	0.10297939822396537
282	326	0.1348970378196358
282	338	0.11015481953496413
282	370	0.12156755079524897
282	579	0.10378441824705194
282	670	0.10291846345671421
282	899	0.10042618807621935
283	292	0.1605230629790274
283	308	0.12052221608916126
283	366	0.10409671914000045
284	334	0.1191516541439943
284	360	0.13991237918206734
284	381	0.1349964895886906
284	463	0.10283155830919372
284	556	0.13416764517769605
284	899	0.10061846373937583
284	995	0.13686023058159283
286	290	0.15317364887723295
286	294	0.11108869784047162
286	318	0.10332982906736246
286	329	0.10892974330706914
286	438	0.10029771389624921
287	941	0.104678527350522
288	304	0.11954910771894565
288	328	0.10016943049791911
288	467	0.110455382008064
288	685	0.13251792549323207
289	357	0.16577823060542335
289	365	0.11344113616539593
289	620	0.12170694873552565
289	626	0.15560351919107326
289	668	0.11334763208558815
290	294	0.17180750788737906
290	314	0.10423093171945495
290	322	0.13522118839074415
290	397	0.11340979386400338
290	630	0.11222057239292901
291	755	0.11897587504950406
292	414	0.10746842949430667
294	463	0.1466286476408871
294	537	0.13267950133741654
294	633	0.17501314534723036
294	725	0.11822979296701493
295	360	0.10244301990091645
295	481	0.1266619854765534
295	692	0.10564913814057947
296	300	0.10627717147876461
296	302	0.12359427246876667
296	306	0.12183939099606025
296	326	0.19391979972170434
296	336	0.10373441996810302
296	463	0.16026226672212684
297	890	0.11410566419914815
297	894	0.14978219398206652
298	310	0.18514645010526504
298	316	0.10820149689393982
298	329	0.112263409399241
298	345	0.11525238784260591
298	478	0.11193430669247707
298	974	0.10336238142716693
298	982	0.12214806033722572
299	342	0.10042416616341411
299	348	0.11387355315250387
299	391	0.10825738806180356
299	617	0.18968281022562894
299	812	0.13623550064024134
299	987	0.11485078846919905
300	302	0.10693273547010834
300	366	0.13025334687211215
300	719	0.1160617653647702
300	963	0.154377491829703
301	373	0.10211235393467279
301	465	0.10400156326663693
301	669	0.17504125422038208
301	778	0.10993947819970203
301	818	0.19701924877192487
301	822	0.17740137930948552
301	949	0.17837039475759173
302	306	0.16648040052419139
302	342	0.11139123860280219
302	397	0.1425450464760224
302	685	0.15982509095877176
302	775	0.10125787397914567
303	586	0.10116312135015575
304	315	0.10391295565921216
304	340	0.11399679673891075
305	670	0.1012476578152995
305	673	0.12175622106715529
305	720	0.1030156750149443
306	320	0.11383667020089488
306	336	0.12798790666843052
306	340	0.10923226229387205
306	360	0.16052827758642563
306	677	0.17976855776274384
306	685	0.12767336070398724
307	669	0.12256014208588609
307	749	0.1246448931742055
307	830	0.10721304161083343
307	909	0.11890870156820058
308	338	0.11428919581046103
308	579	0.11507286809570742
308	848	0.10210202829040355
309	588	0.10659166826820755
309	776	0.1311329442862946
309	791	0.10201745237480261
309	858	0.13184454496210085
310	314	0.15021138686386112
310	316	0.1097939955803821
310	344	0.11596760055933471
310	397	0.12089244397961643
310	649	0.10920208360380518
312	369	0.11291162181857788
312	374	0.13855934499954592
312	423	0.12441475613869311
312	743	0.10177119884928336
312	963	0.1386937358192466
312	991	0.16021318980539606
313	647	0.1326958162668332
313	728	0.11718924950123699
314	329	0.14173999355413117
314	345	0.11347395099239423
314	364	0.11473156435469825
314	729	0.10230521636621331
314	735	0.11966187681577008
314	791	0.20262468846546486
314	793	0.15212673734078602
314	991	0.13864206327979087
315	430	0.10741851745620407
315	443	0.10740144603246579
315	685	0.13111762775641297
315	967	0.12378042818357016
316	605	0.12749331229379127
316	633	0.10605053488168481
316	685	0.10845789049370244
316	693	0.11027399575537027
316	995	0.18234232918540294
317	667	0.16048051993891582
317	682	0.12496131396326868
318	329	0.10709420910811862
318	356	0.12522647698746883
318	397	0.16798967275184554
318	675	0.10258488603186289
318	685	0.10897629541535031
318	707	0.10036020410096623
318	719	0.14659316195986605
318	889	0.12183440263658109
318	918	0.11731852469243834
318	995	0.14387172485346975
319	398	0.13220852662879415
319	425	0.12065479275759039
319	944	0.11108975821309806
319	972	0.10546486016531358
319	980	0.18299744308257454
319	982	0.11631491341740309
319	994	0.13356522517844424
319	996	0.11995144739869626
320	385	0.11866637674177823
320	685	0.1275239636067245
320	735	0.14836182137688353
320	878	0.2617129777135874
320	972	0.10743981039435999
321	401	0.22405029516865835
321	465	0.12851940057675956
321	570	0.1182034388385881
321	591	0.1154730582695132
321	759	0.13019344913593267
321	787	0.12763423656051842
321	853	0.11601977738353149
322	324	0.13678040860570218
322	522	0.11411309074129247
323	340	0.1048309742726574
323	342	0.12274462426365848
324	463	0.11413009160308221
324	485	0.11254738935488483
325	602	0.1577049051502892
326	328	0.12510935580120278
326	334	0.11366416865349203
326	374	0.11869050081860569
326	385	0.10845163216895838
326	963	0.11802437178937006
326	991	0.12176680045988092
327	389	0.11131163827075019
327	619	0.12984354491758351
327	755	0.12861572581122616
327	759	0.1066440364824531
327	788	0.11967536748872726
327	790	0.14115966357666412
327	796	0.12236137955606183
327	802	0.12115011024831468
327	810	0.14005090742090556
327	816	0.1254618721289273
327	818	0.10690442808714688
327	828	0.12803723087851196
327	974	0.12512142496819417
328	345	0.12370639399641861
328	991	0.11863005564033112
329	373	0.11505247219508086
329	729	0.10064809999195125
329	995	0.11079037968326579
330	344	0.10515027848444171
330	373	0.10306360961647364
330	729	0.10872184225623982
330	963	0.10693568262140822
330	991	0.14629171411866926
331	479	0.14612859041438497
332	345	0.11224764521655149
332	693	0.12652506411255995
332	955	0.1168565524569409
333	696	0.10156489475468568
333	726	0.17101989698947911
333	742	0.11146498746839062
333	746	0.20750461117045663
334	345	0.15020094109895746
334	463	0.3074763466151892
334	619	0.11323841594707437
335	763	0.15422088239167242
335	972	0.20567236973440542
336	342	0.25723660205955107
336	348	0.13049896435411737
336	593	0.10815816288431138
337	654	0.12289680978792569
337	825	0.22888264780816228
337	984	0.19858682736321034
338	344	0.17276536743658233
338	362	0.12968769264514945
338	370	0.10514564129507889
338	833	0.11433829164019277
338	985	0.11902703721976551
339	427	0.10830051680762086
339	697	0.10015872580774741
340	342	0.24105155980357537
340	344	0.11838063067256296
340	516	0.1078755466044264
340	520	0.12431989094783566
340	710	0.11097199431053008
340	873	0.10431853415919796
341	720	0.13205774754594687
342	518	0.14199997159084649
342	572	0.10652503675141257
342	775	0.11407491919759837
342	917	0.1746624634849726
343	530	0.14210492789219517
343	550	0.11747607905450458
343	685	0.12260050014601472
343	796	0.10077481923781342
343	841	0.10467380755942146
344	345	0.13010962606014928
345	858	0.2497642671017948
345	991	0.10656272127271145
346	711	0.1089029787193173
347	573	0.11179249272230178
347	827	0.143360226273647
347	893	0.11200296441436894
348	356	0.11390981377308065
348	366	0.11168276107491762
348	370	0.16814542737465255
348	374	0.1006466593629686
348	513	0.13589034804256694
348	675	0.214876474485531
348	753	0.14992570250643464
348	916	0.12193933464820725
348	926	0.11135479079156929
349	359	0.10094483340818397
349	457	0.11407990698080638
349	489	0.3753792779566494
349	904	0.11158039183685879
349	931	0.1267686456486132
350	401	0.16064847305417831
350	507	0.11175728401823518
351	606	0.13438581561883886
352	355	0.1707200769723976
352	396	0.131898544837707
352	483	0.11359334862053276
352	570	0.11204995956291429
352	995	0.11043777107490807
353	493	0.10259756725987654
353	497	0.1687606197132293
353	670	0.12574166771095788
353	993	0.12387568789228917
355	528	0.12380947057693702
355	607	0.10428440783436771
356	360	0.11356571216955773
356	370	0.11671617740214026
356	374	0.1520143135236738
356	423	0.1662770559169015
356	437	0.10309063484900165
356	675	0.13507548183702453
357	883	0.11613002387645184
358	362	0.14071104023590067
358	443	0.12356057285606495
358	462	0.1041897861360654
358	471	0.17367018500450054
358	633	0.11895876799208868
358	860	0.10952605123478559
359	567	0.11112436258510242
359	571	0.1307395308582911
359	575	0.16676030660993865
359	761	0.14217047707215805
359	852	0.10571200630375686
360	366	0.11040378428286023
360	370	0.12251352827603125
360	374	0.19530331524129976
360	563	0.11983339356981053
360	677	0.11492799808530793
360	685	0.13876229998223563
361	393	0.1630134790610675
361	443	0.1007117562201597
361	461	0.14743334280862722
361	466	0.11232480813300627
361	468	0.1321163131879077
361	488	0.11844654467126171
361	606	0.10666200254371565
361	811	0.10767973476439929
363	587	0.16923205634992597
363	619	0.12217964854605866
363	666	0.10200098939731812
363	802	0.12045040105120156
364	726	0.18453322442368414
364	761	0.12712195680069446
364	824	0.10480126867625306
364	987	0.11340031321994772
365	541	0.1507309884671868
365	613	0.10338919924481205
365	632	0.15720395847476848
365	654	0.10327716562238322
366	675	0.10618186861470215
368	693	0.1128746385215405
368	877	0.18890975670526997
369	374	0.12241107595357419
369	963	0.1288573887230995
369	991	0.12085533734062966
370	374	0.12482505556089966
370	508	0.11631096803789281
370	513	0.10355170009400631
370	605	0.10845489255169782
370	685	0.10479022607637413
370	804	0.11017794495932318
370	895	0.15811529334829877
371	375	0.10471546221203352
371	483	0.103858279996971
371	822	0.10146331432086914
371	964	0.1751022025717973
372	484	0.12861990725995043
372	536	0.10794870656580186
372	634	0.10021868874405289
372	672	0.11952000317071336
372	674	0.17966186190454686
372	676	0.21744418278507383
373	379	0.10070857610894632
373	588	0.10314704946975405
373	675	0.3130842900589074
373	806	0.10038679250049655
373	922	0.10702963649659304
374	677	0.1171506021942574
374	743	0.16569054834040445
375	678	0.12925129940752267
375	862	0.12241496602695441
375	967	0.16111372213039774
376	397	0.12347156651449229
376	675	0.11424621709882579
376	773	0.13591661110642456
377	573	0.11629316764465378
378	423	0.15415134267691236
378	677	0.1109401929438429
378	877	0.16566352884616994
379	395	0.1314430037062985
379	466	0.10166429338353161
379	470	0.16497746873650612
379	563	0.14837788013939862
379	623	0.1117503145090566
379	932	0.11953723713467618
379	993	0.13616393293945386
380	423	0.10437702662888129
380	463	0.11535595463144205
380	476	0.1408186329624574
380	633	0.15629774601934351
383	429	0.11254334474178179
384	388	0.1118864564652346
384	458	0.13728782638323475
385	481	0.10508603289823398
385	531	0.10395206278806876
385	564	0.10070134238049576
385	734	0.10380358031731327
386	388	0.10906602600419779
386	390	0.15133332542309455
386	487	0.11160511689243502
387	667	0.10526325121029052
387	671	0.12481497416642737
387	673	0.12472006443536438
387	888	0.11028656088619157
387	900	0.1340991525356664
387	904	0.10032061107523839
387	991	0.11069462914671026
388	394	0.1300963892135308
388	458	0.14258781070394883
389	431	0.10473834420049163
389	516	0.1013337352637991
389	816	0.10138320599618458
389	820	0.149442345371304
389	946	0.1465015463775224
389	955	0.12423420023429459
389	968	0.10626686375799406
390	474	0.10487254961267749
390	927	0.11292602736720068
391	400	0.11055633483954537
391	603	0.15664043958610013
391	617	0.13844634034495867
391	709	0.10652778792303554
391	839	0.10415285360438278
391	987	0.13179399962179045
392	430	0.15449411963807616
392	616	0.20014913909721918
393	601	0.15091699880713805
393	909	0.134408250440153
393	958	0.12486036053921573
394	430	0.13680420098537985
394	484	0.11173314027434803
395	488	0.1098006519581872
395	563	0.1286233033318644
396	739	0.10407929791193883
397	633	0.10239772487393427
397	675	0.14192129293554442
397	685	0.13290765850451994
397	735	0.10542522594848874
398	476	0.11176003070309803
398	603	0.17915372425797335
398	627	0.13728017727221148
398	647	0.11245882881647468
398	688	0.14099299846769647
398	703	0.11434264643263188
398	723	0.10071645936559666
399	921	0.1177995615008338
399	935	0.10401629087862739
400	402	0.12759185398403136
400	465	0.13271982924359504
400	470	0.15002485722723688
400	570	0.11545528828814049
400	603	0.25851789121854535
400	653	0.12962870283473382
400	839	0.12405374909805221
400	864	0.20895664733658492
400	891	0.10296612537343988
401	535	0.14128833059436363
401	641	0.13340101238690358
401	801	0.10827795856373333
402	630	0.1639387288902875
402	657	0.10734732025442488
402	784	0.12451136185190846
402	867	0.11859638090351945
402	964	0.11012285829537391
404	414	0.1588252819899514
404	465	0.13850131259819137
404	490	0.10383140695093969
404	547	0.11388991423776358
404	621	0.10144383012029107
404	791	0.10962253092060256
404	797	0.14092653654577972
404	810	0.10482565704283069
405	407	0.3699332173067714
405	505	0.13942456353899482
406	794	0.12065302988371812
406	864	0.11627560201772573
406	942	0.14804627315254884
406	961	0.10354162523636827
406	976	0.10741740202311362
409	440	0.10120630629479145
409	446	0.11071883111841098
410	412	0.18804812272210858
410	465	0.12398685531045331
410	573	0.11181742880134571
410	679	0.11288820951796093
410	739	0.12185246027237719
410	841	0.10754681454984409
411	623	0.11344151248510342
411	635	0.11292423493787658
411	960	0.13558144652593201
412	444	0.11369871868027526
412	452	0.11386796240577109
412	481	0.10387415414172525
412	484	0.10683746567982715
412	839	0.15335275841101306
413	502	0.11593215585666582
413	738	0.11691476359582877
413	924	0.10418722107968796
413	933	0.13443988131527354
414	424	0.10080554651001948
414	443	0.15641576667842966
414	495	0.11611571449403332
414	603	0.12006434023759745
414	647	0.1536916346267114
414	797	0.1445221493643764
414	979	0.11682796262559692
416	420	0.10259331539703027
416	424	0.10332352342618932
416	460	0.10065977833888963
416	535	0.10767260987778672
416	723	0.13765829270718455
418	422	0.1272316075779463
418	428	0.1028895252404081
418	434	0.11906414932581559
418	460	0.15944691034062733
418	611	0.11096698814773279
419	537	0.1560540573777992
419	904	0.1392376955025305
419	908	0.20372078006360106
419	914	0.10096183836254007
420	462	0.1431269821374217
420	782	0.12741787366107454
421	465	0.10898451209996651
421	495	0.12440470115352067
421	647	0.10545642393156093
421	801	0.11217367333888192
422	647	0.145237349383684
423	468	0.10071480710541197
423	605	0.10749588178722329
423	633	0.11412587044289685
424	442	0.13845670661786036
424	630	0.13664109895473586
424	867	0.11470110632555397
425	944	0.10275997524120808
425	980	0.12375636612424416
425	996	0.15060453403824786
426	485	0.10406104947197126
426	705	0.10806639593344448
426	808	0.11751219917135226
426	958	0.11287428868079012
427	897	0.10805044858365766
428	697	0.10643192400370259
428	967	0.1145290454363731
429	639	0.10143818115385418
429	788	0.14362489565956518
429	795	0.10298575436842637
429	796	0.10031004556050584
430	462	0.12830560875227479
430	484	0.11539302565361796
431	467	0.10130276595884577
431	541	0.14267116166615829
431	593	0.11380434203186611
431	685	0.1071605985927392
431	707	0.11739126601040684
431	759	0.12439670688292684
431	789	0.12532474348951148
431	828	0.10937161560560595
431	990	0.110413760486429
432	440	0.1431545213003246
432	452	0.12264985194869006
432	487	0.1045183234942426
432	647	0.10506579941539018
432	933	0.10033575538286979
433	649	0.1026835084459174
433	654	0.14067742701003566
433	664	0.14251467849282323
433	718	0.25376337390058146
433	728	0.13754965329978444
433	734	0.1137914913074491
433	816	0.14362211700115377
433	847	0.14315658200741305
434	613	0.135324711223374
434	630	0.1011213288367425
436	458	0.1191039193366658
436	488	0.14052011307709272
436	783	0.1366760855803392
436	797	0.10125271067655478
438	460	0.13366187910246594
438	470	0.11092792105880037
438	731	0.11975909567278856
438	732	0.12827031247796686
438	790	0.11130191289645114
439	584	0.11315481001717012
439	880	0.1702602357657247
440	446	0.1307808053912788
440	931	0.11451590961260509
441	803	0.10190955264146528
441	972	0.15458559068721067
441	988	0.27373559792947977
442	543	0.11112347753204267
442	973	0.10089470089678805
443	465	0.17059401155898687
443	537	0.16740630634617482
443	577	0.13580848183121114
443	601	0.11311549163652578
444	446	0.1594984065299917
444	769	0.13891048198746422
445	447	0.2960564990624135
445	449	0.37898872694662594
445	460	0.10715815889105743
445	549	0.10898800526470684
445	568	0.15227073274886452
446	448	0.34376971883352037
446	450	0.2755462642292058
447	791	0.11030161461695032
447	993	0.1350577438279993
448	486	0.11757308795533444
448	789	0.1285368085713142
449	972	0.12423655356244045
451	605	0.10082761347856575
451	654	0.16281984783378625
451	693	0.14250510982109213
451	737	0.10004476318897287
452	466	0.14555614784613527
452	679	0.20230160379149642
452	775	0.11162451845570857
452	947	0.1254178604882673
453	896	0.10939969936251215
455	696	0.11025821272689024
455	991	0.10818674263754584
456	657	0.1082260906085045
456	759	0.12974792815906416
457	481	0.19922238141085744
457	960	0.17355041592997722
457	972	0.1413447296607716
457	980	0.17641235218052603
457	984	0.12485378352553073
458	650	0.12194613735482798
459	465	0.10826710390237905
459	793	0.10650187084309792
459	978	0.13071227876426517
460	468	0.11536507682683846
460	484	0.12088912656243811
460	909	0.11257230927476952
460	918	0.11429025163054683
460	989	0.11607095153547839
461	468	0.15595917811123802
461	478	0.1071896434874951
461	619	0.10160734634862459
461	705	0.12473086330233382
461	839	0.12692408909208927
461	910	0.10485723158816881
461	988	0.12634112279951445
462	754	0.12158726220666624
463	530	0.1311630173799824
463	591	0.11394738822512858
463	633	0.11729049623884079
463	995	0.1580011598229665
464	470	0.12484019447795523
464	536	0.10796541322514608
464	792	0.10263264092467003
464	797	0.1434432097094448
464	874	0.10249947618341115
465	603	0.18418062277689934
465	682	0.11308470664246718
465	702	0.106240098650058
465	787	0.11466605230469948
465	793	0.10665494490874927
465	810	0.18412543723364072
465	960	0.10443887432031865
465	970	0.10379929627355472
465	987	0.11370295724588705
466	848	0.1369961123367117
466	933	0.1056108722546111
466	951	0.17442236809784167
467	700	0.11018677811387995
467	789	0.12005218570392526
468	679	0.11631508746627783
469	520	0.1708653776662481
469	791	0.11070353325884467
469	935	0.14965727141523827
470	675	0.10514298274175174
470	708	0.10875369848936592
470	922	0.11910748161169353
471	718	0.10601692962428966
471	822	0.14650515426011534
471	878	0.11133909053331767
471	981	0.11142230334248715
472	488	0.1177462161443896
472	797	0.12776510907015162
473	539	0.11915098658778511
474	476	0.10062913029044368
474	478	0.1426318360493572
474	484	0.10348234191723248
474	589	0.10645203580294661
474	723	0.1298559892651796
474	768	0.12896103701281977
474	953	0.16879196268508367
477	761	0.10139391458124596
477	842	0.17080915138141223
477	997	0.11234858982062618
478	614	0.1124188156556192
480	486	0.11378890984223942
480	717	0.13345809090351987
481	501	0.1253528596364467
481	573	0.10513891998226657
481	777	0.11221954892575887
481	964	0.10085379681380242
482	731	0.14123240439329227
483	686	0.12246641927945803
483	993	0.10158520068562253
485	961	0.11150979777532868
486	495	0.1074735726462576
486	822	0.10884684714635935
488	603	0.19303930728156588
488	783	0.10291872354241101
488	797	0.10253619288603004
489	931	0.1580475156007281
489	956	0.11413265002325641
490	623	0.10953510974781636
490	748	0.1456257495008383
490	761	0.10671443823765173
490	797	0.1315295265542073
491	587	0.1270130148832065
495	617	0.12239799620527923
495	647	0.1587881207728937
495	778	0.12879360554335598
496	821	0.11223939243851486
497	594	0.1537949672545614
497	667	0.10618005883620339
497	679	0.13893501811230383
497	722	0.10029019039311927
497	772	0.16617574482500577
497	812	0.10308197294468299
497	989	0.14231565317790132
500	727	0.13866006237803052
500	831	0.11196793714519725
501	599	0.1059959415211658
501	782	0.1114317739414114
501	909	0.12399862110119016
502	567	0.1363649684426202
502	738	0.1026174437486213
503	599	0.10935061268372531
503	757	0.11963175653607729
503	924	0.12183752055195202
503	940	0.18267808190552226
503	941	0.20063241437980545
504	528	0.11025108555021595
505	879	0.10768911087404064
506	526	0.1314832601074215
506	533	0.12038258619902854
507	734	0.10229834840331542
507	761	0.10020050629680681
507	926	0.11734472095618713
508	648	0.10474576776593614
508	663	0.14023675063491794
508	793	0.10938888839746923
508	895	0.12766522308746855
509	926	0.11414371600289974
510	524	0.1014440852096765
511	726	0.11450707168761319
511	869	0.11958595442628173
513	629	0.10921348908591148
514	518	0.2598145431688539
514	520	0.3378860047490333
514	536	0.12414577945655463
514	538	0.12046586115705858
514	879	0.16005224042614496
515	519	0.23935580439446638
515	521	0.18105975124688528
515	525	0.1867371042542493
515	672	0.11177889186511528
515	807	0.13056020679207372
515	833	0.11027436942191227
516	518	0.23838249738698464
516	520	0.25437869832784704
516	524	0.17472657892527937
516	873	0.1019883270388815
517	841	0.10137769497507572
517	921	0.13474010738856737
518	520	0.14509448563771332
518	522	0.1278736422545906
518	538	0.13844193631229548
518	544	0.20369389678261063
519	525	0.31561768753518105
520	536	0.12480667463031436
520	544	0.11723215625135042
521	845	0.11941226350861638
521	957	0.1276897835482795
523	612	0.10468642704414695
523	741	0.14962124598101853
523	761	0.11778661045192133
523	922	0.1189357863971471
523	962	0.27443749590414274
524	545	0.11206873417146657
525	613	0.10250192749911333
525	640	0.10051283884788399
526	957	0.10865630739951766
527	676	0.12414007104704025
529	595	0.10222239238874785
530	617	0.11069745417592292
530	654	0.10692248476471718
532	534	0.11301531314234686
532	667	0.12728964701762327
532	973	0.14868595773338047
533	692	0.10124271461575923
533	868	0.16222043126746788
534	541	0.10110952955379161
534	548	0.11715183375764243
534	639	0.10247255773028957
535	768	0.10703538753936512
535	776	0.12460852680746917
536	674	0.1011501975081883
537	640	0.12230722483941725
537	712	0.10715512739433866
537	824	0.10393265474122323
537	908	0.15975026067132744
537	914	0.11271654787141411
537	920	0.11371391893324374
537	970	0.10245595852144526
538	756	0.11738834585753768
539	676	0.15365405281226413
539	913	0.1442474902901118
540	769	0.12027092242030003
541	621	0.1412451008230943
541	990	0.10269083413494788
542	692	0.11721227757354845
544	903	0.10812457778500201
545	555	0.1096004212887381
546	575	0.2299437358674639
546	841	0.14149945988269472
546	899	0.1074912590277433
547	797	0.12995222054325983
548	786	0.12427580088564409
549	762	0.10252404987432961
552	554	0.25347816596563266
552	602	0.12339910122092979
552	779	0.13814592527052713
553	695	0.10706553979563269
553	792	0.10204210094570491
554	568	0.10024271283727626
554	602	0.11991969491298514
554	606	0.15426453428394246
554	614	0.1037228115899596
555	765	0.11202787409927141
555	786	0.12791320830982306
555	826	0.10261258703157347
556	560	0.14211155465153774
556	584	0.1842610102806399
556	590	0.13616454144687046
557	790	0.10714778033984072
557	792	0.10160723790286308
558	560	0.4187019384029118
558	586	0.16448803676007762
558	602	0.1593898348257124
558	604	0.19629070565121728
558	614	0.13132220557119925
558	779	0.1314045283600695
559	630	0.12297655526950906
559	899	0.1409280700069147
560	586	0.14578833558806742
560	590	0.11432434595881036
561	582	0.13701922403126424
561	598	0.1130175457475627
561	617	0.11303379880264129
561	945	0.13672827143353342
561	992	0.10519244052425733
562	606	0.1029410630375567
563	619	0.23765674723957408
564	566	0.16633750063425548
564	734	0.12126090969736852
564	912	0.10156349784979711
565	597	0.10758753742916143
565	803	0.10139756749484462
566	837	0.10174474319757382
567	771	0.12127282067108144
567	955	0.1034291235958298
567	976	0.10647876338574534
568	919	0.14989535415885677
569	799	0.10334313888459415
569	995	0.10255727659191098
570	663	0.1671308367481584
570	773	0.10651475831102823
570	787	0.15022458979875025
571	576	0.19141520454723263
571	705	0.3851680915893869
571	856	0.10250097617977683
571	910	0.1280420333804677
572	634	0.13273706164997146
572	909	0.10661841231932641
572	919	0.11793354555677005
573	575	0.12759576025123984
573	692	0.1224699256057881
573	789	0.12114511376567322
573	827	0.10609766814442895
573	858	0.1362884462992856
573	929	0.10109599132525555
573	955	0.13414840299882586
574	577	0.23152715382441438
574	605	0.11737514878935613
574	704	0.10343576591443013
575	576	0.18085659546880622
575	690	0.12000742068937932
575	789	0.13251181733522
575	962	0.10947318416615803
576	705	0.14846767066655578
576	931	0.11006044195890109
577	588	0.11839635353331657
577	796	0.10793148124886678
577	863	0.11699291261251014
578	595	0.10005622448355819
579	646	0.11267870954735272
579	670	0.14245755265944743
580	589	0.13913154600814512
580	594	0.11846382859308197
580	941	0.11039944768905745
581	644	0.11044314478543811
581	688	0.10447096651336256
582	598	0.1188814828999274
583	744	0.26866174289099154
584	592	0.21109075989301826
584	599	0.10108667737731576
584	919	0.11574590947011902
585	613	0.10186322139166978
585	909	0.11149260362468641
586	604	0.14577930546547374
587	694	0.1107585442344337
589	632	0.11642176655943956
589	670	0.10892228433771274
589	723	0.10489785495201556
589	741	0.11553248774039444
589	919	0.10108123938054135
590	608	0.10442729482759157
590	779	0.14317487021797715
591	711	0.1374062927476537
591	759	0.11042605883487726
591	773	0.12474062402019921
591	787	0.11624182988929925
591	814	0.15018988664442612
592	602	0.1314175483470104
592	802	0.11199637173694454
593	875	0.2773171275775844
594	675	0.15521240373154324
595	957	0.12402911288975899
597	712	0.15160342556574624
598	945	0.11622370518433052
599	625	0.10711953654420188
599	669	0.10240767395114064
599	755	0.11207410066632795
599	802	0.12380287534475629
599	816	0.12659007952626392
599	916	0.14217035711441142
600	897	0.1152216932541329
601	672	0.10095090051406734
601	850	0.17539310809793648
601	887	0.11043847350612698
603	653	0.16435797007878078
603	657	0.1212649467146386
603	891	0.10939919555976131
604	614	0.14450956564551834
604	653	0.10916343377688482
605	693	0.10891612207180315
605	722	0.11793472161369124
605	729	0.12240447430927838
607	609	0.2035749486195707
608	649	0.10281641445532577
608	751	0.10409456030544094
608	919	0.11178874846041438
609	871	0.11910996306112857
609	937	0.14415724811232633
609	957	0.160703545287026
610	650	0.1247563284019226
610	668	0.13939550925130112
611	658	0.11443823932515618
611	738	0.12937378863540566
611	761	0.10821922247487575
611	811	0.11063180560125262
611	902	0.12929932586205858
611	920	0.10037034116821772
613	640	0.1037641325526235
613	989	0.1416945414981331
614	621	0.1474090986205378
614	883	0.12771638303938077
615	661	0.15317257061284556
616	622	0.15022618775756205
617	979	0.10014918438430222
617	987	0.1884898180583638
618	620	0.10239586301809467
618	624	0.13141243331408986
620	622	0.3043267285422997
620	624	0.17265637638429013
620	626	0.2164503797660838
620	636	0.10752722505746098
620	650	0.16328902254120287
621	623	0.2870186663886178
621	990	0.11574488916011016
622	624	0.15601221055638617
622	626	0.29147195776517915
622	642	0.10079001525219378
622	644	0.13640911575331713
623	625	0.18263425574953862
624	628	0.17781760288748807
625	627	0.15648793161079425
625	781	0.10172935067679316
625	858	0.1080054459690501
625	990	0.10718718528693795
625	992	0.18002184382543485
626	628	0.20090377589523928
626	650	0.10190195843631697
626	652	0.10937699872198652
626	668	0.13183294274450505
627	845	0.11381697501563728
627	858	0.10091893094025027
627	926	0.10185909718637182
628	676	0.1143676912766454
629	814	0.16804715891626532
629	909	0.10602989008822306
629	923	0.10509803084716163
630	867	0.12959428261629785
630	966	0.11299741157301452
632	636	0.10802916631446977
632	650	0.10605644421046463
632	656	0.15181213720290962
633	850	0.10388947388404068
634	640	0.11157656100208667
635	855	0.15737284657952513
635	998	0.1311558659698279
636	642	0.11959411283525491
637	983	0.1023007469804596
638	947	0.12017339241305486
638	964	0.16473452233131708
639	788	0.2452011275023581
639	796	0.10107375187112191
639	828	0.14567643529559401
639	891	0.13628337747344232
640	763	0.15909065869544706
640	900	0.13413590268108908
641	983	0.10100983652072472
643	777	0.12657281290711253
644	763	0.14623893301749125
646	829	0.11476641977513594
647	818	0.1237285075107036
647	951	0.11961778978543239
648	672	0.1112185071475716
648	851	0.10341310874851643
648	916	0.10098394406915134
648	929	0.10933889360672125
648	955	0.11883832258627815
649	746	0.19589518939695236
649	847	0.1266704002969938
650	652	0.11234732535065685
650	656	0.11892226226293451
650	668	0.24722473186686902
650	875	0.1262055297180759
652	668	0.16964483549620263
652	745	0.10149416494631018
655	751	0.1203490190684212
655	798	0.13096771428927348
657	711	0.12137458879926594
657	797	0.11011692387045763
657	871	0.13723773887254986
658	681	0.10571546389434217
658	878	0.10726327493581013
658	967	0.1117037370592989
659	791	0.1349412329502816
660	773	0.1064620620900724
661	943	0.10045922544455468
662	740	0.10237244145710725
662	803	0.17631314535407985
662	862	0.11482487142801004
663	844	0.11309413889669255
664	666	0.10970063402549811
664	875	0.10058176590580477
665	697	0.10156861483276013
665	722	0.10102998960709575
665	806	0.14503651590384908
666	669	0.11447345160381636
666	822	0.144705338591023
667	675	0.11577892157953468
667	862	0.10420152313173506
669	711	0.10480512070543326
669	818	0.10422173583577689
669	822	0.17466402184422447
669	826	0.10655208704167031
669	830	0.14656227179931874
669	949	0.1581780759510983
671	690	0.16890668712414417
671	731	0.10000775553926135
671	946	0.11568446578234398
671	972	0.1068114403990621
671	978	0.10243629515549187
672	674	0.1518797610505997
672	793	0.10917352556179208
672	862	0.11193252183386761
672	899	0.1090421649868342
672	935	0.13669213582389111
673	962	0.14107222769391084
675	722	0.10651393424258736
675	776	0.11305299968393577
675	852	0.11199742702602877
675	871	0.11437337536677795
676	803	0.12801955231940043
676	811	0.12649486138287358
678	692	0.11864231304970926
678	742	0.12682991239737987
679	863	0.11416391772406144
680	688	0.11311919466546154
680	704	0.10326618794880336
681	722	0.12172567910468746
681	780	0.10798340611986681
681	896	0.18950860576438322
681	961	0.12862108464697786
681	997	0.11363398037186448
682	768	0.11033604875698944
682	947	0.11655433505839277
684	724	0.10918115473418676
685	725	0.10526675788279896
685	938	0.17310050645450256
688	698	0.140887261821541
688	718	0.1075620735901048
688	738	0.10212725316129863
688	968	0.10011210956990249
689	697	0.10764430197259924
690	740	0.15302710475982467
692	738	0.10032157142275959
693	868	0.16979053910465336
693	955	0.1068911209738079
694	747	0.10391694520232762
694	843	0.16157793935440729
694	967	0.18445402195551094
698	712	0.11112729380810173
698	714	0.1097446454862603
698	798	0.10256646020909851
698	803	0.17572771847755045
698	967	0.11379608766944696
698	970	0.10725772376009893
698	972	0.15619710308312187
699	711	0.11703812444668227
699	784	0.12819043965174334
700	786	0.14657518790599705
701	975	0.1171045167507356
704	708	0.1202996390153231
704	726	0.12467369112371963
704	734	0.1423367992354056
704	945	0.10858906476729138
705	830	0.12333415994519183
705	857	0.13321564073853426
705	910	0.10856592982648067
706	862	0.13182936855176156
708	839	0.10017023774616107
708	897	0.10032475864749776
710	998	0.10319766538088047
712	714	0.1643422688755061
712	716	0.1536220638159269
713	955	0.10744668858903463
714	724	0.11226091950777269
716	722	0.11638514542712368
716	732	0.1424980465439967
716	899	0.11903715163441794
718	726	0.2049482316096625
718	728	0.12526312355766642
718	736	0.10440963420374996
719	889	0.1064819764671231
722	732	0.13447272335955904
722	957	0.10895514985948425
723	855	0.12662321317252223
723	953	0.12301161749059061
723	974	0.16333698349522224
724	728	0.18615462501672278
724	873	0.10554885379325105
725	727	0.12481754229015936
725	906	0.12308208040032872
725	999	0.10877445706875721
726	730	0.1070597130172993
726	736	0.291308486322232
727	975	0.1163593342661128
729	995	0.11930131138119415
730	732	0.2341905932307223
730	736	0.18273857567263044
731	777	0.11782365081828591
732	736	0.10221296558597032
733	828	0.14700580229451538
733	869	0.10528969968656436
733	987	0.15135139644897688
734	926	0.1065408184029132
737	745	0.10670165266570758
738	811	0.10449572492537082
738	851	0.12107252102457561
738	923	0.10223064782230078
739	784	0.1425851550100758
739	884	0.10653085806789116
739	970	0.10830803302745894
740	811	0.11634787491601555
741	778	0.14082789786151065
741	887	0.19180196308880276
745	790	0.10285600985883057
745	903	0.10279964700134435
747	843	0.1523793275425224
749	798	0.11559220895535804
750	760	0.14810539235235065
751	799	0.12052232407972252
753	887	0.10063368879232266
754	756	0.20934018369644614
754	933	0.10405685095221531
755	796	0.21007416332209825
757	861	0.1213752960566236
757	902	0.17901351003162153
759	775	0.10198648849852729
760	873	0.10171631294386588
761	832	0.1228837206946018
761	962	0.23101950804475957
761	976	0.145244625333837
763	854	0.10555911678024182
766	986	0.14707492897497176
767	897	0.10024094662372449
768	776	0.13377430793005937
769	817	0.10028538826662928
770	774	0.20576242391955085
771	892	0.10607652951802649
772	786	0.11796612445667891
772	936	0.11332630120930155
773	814	0.1584981082019985
773	879	0.15842868606383761
773	932	0.13256423511868984
773	987	0.10304831983033964
776	967	0.10746075695302078
778	812	0.1196844788250032
780	814	0.11386397968954347
781	820	0.14584734645826689
781	830	0.10524932082976854
781	858	0.15118040283527875
781	916	0.11705306671418636
784	884	0.1409786139414464
785	971	0.11121852205165311
786	821	0.10639995747021547
787	985	0.10069383698831465
788	796	0.16345478201763242
788	808	0.11581348138374398
788	830	0.10315321047121123
788	836	0.13261002369262753
788	864	0.100234921084329
788	949	0.10085290439341443
789	929	0.13408129339688835
790	792	0.1277476621460863
790	796	0.16237469732421608
790	856	0.11705852311603486
790	969	0.19064493075332076
791	795	0.11098223611070633
791	812	0.1350296089188899
791	895	0.1042805508877909
792	814	0.10314106429266334
793	810	0.16638873543359958
793	832	0.102711461208829
793	993	0.10726819568863048
794	814	0.17966674364052104
794	836	0.10920859212137306
794	844	0.1092905355332831
794	947	0.13145209593018983
795	855	0.1165949250884576
795	958	0.10767828156434921
796	810	0.1204410830752306
797	887	0.10552801011695903
798	905	0.1195079691040081
799	904	0.11123718368946735
801	923	0.10903110416036335
803	808	0.11964878828327874
803	992	0.14097843052488682
804	806	0.12143114377510211
805	807	0.3485947916925549
808	836	0.10153874597289397
810	832	0.10289228490377225
811	882	0.13556227223336811
812	814	0.13259264285526998
812	930	0.1601941896332082
814	828	0.11639029526002151
814	869	0.16090022971255621
815	839	0.10075360638635834
816	869	0.11070927472510887
816	953	0.11402547224711584
817	871	0.10173463776449826
817	967	0.12297560416628786
817	982	0.10149500744111234
818	949	0.1460212786054709
821	884	0.10272142971293652
821	909	0.16580830950232853
821	987	0.1286236945724826
826	830	0.109802970204145
836	914	0.1028256026229739
838	850	0.1146279056476119
838	874	0.13681025846124462
839	867	0.116787866773556
840	876	0.18701328196076888
840	880	0.13710384572862308
841	899	0.14001228842304606
841	961	0.10046299235885732
842	880	0.12688353487051166
842	996	0.17975911461290145
843	868	0.16685860183020992
843	886	0.10499099418282803
843	967	0.11158246171300223
846	852	0.13574810985406835
848	850	0.1609715289477508
848	937	0.13129135322297247
848	945	0.10599456348271086
848	978	0.11689890561695908
850	860	0.11744395539418488
850	982	0.13625571045612836
851	923	0.15732852173911568
851	975	0.1663223742706888
853	927	0.13451612519783412
853	955	0.10100979357177645
854	872	0.141602991437216
855	956	0.14883509962086264
855	961	0.13969077112618622
855	974	0.17563966035475878
856	862	0.1280338882593295
856	969	0.13111717638322032
858	884	0.10172097720593072
858	916	0.10144165963348285
860	979	0.1147200158308481
862	865	0.12103023148445521
862	967	0.10407166624763635
863	958	0.12735322944646513
863	989	0.16645736135519232
865	866	0.2447293057645041
866	868	0.322742400311225
866	870	0.10397177157713258
866	876	0.11520065292816309
871	947	0.14492824072361257
873	917	0.17256749679870578
875	879	0.11344013934502675
876	880	0.16261248149733049
880	881	0.10560239051992203
881	954	0.17059002797109257
881	980	0.1303515917100426
881	996	0.10590182951906225
889	982	0.1760740633228262
889	995	0.12264588165218004
890	892	0.15133168790463303
891	893	0.11053085360742167
891	943	0.15000005539258726
893	943	0.10776170883537914
895	910	0.1463522384283887
895	916	0.1757308593147266
895	918	0.15179914028528357
895	959	0.11891992933961243
897	945	0.10163798950563706
899	961	0.16680983929568788
900	904	0.20115531195803768
900	924	0.13000638007933185
900	990	0.11750924906887875
902	943	0.13589689695726462
903	985	0.10775959293811169
904	906	0.1406702831099334
904	938	0.15001087050428616
906	908	0.19444158697183153
906	914	0.1274376597536986
909	987	0.18344121880096326
910	938	0.10067772708345943
914	932	0.10374096795676263
915	940	0.10460213927725905
916	942	0.1752617809832676
918	920	0.19494613655240203
918	926	0.10190602887981555
921	959	0.1304736404247239
922	930	0.12542227992162144
924	930	0.10175319213136508
929	961	0.11030344305608607
930	932	0.16849042615535914
931	959	0.1005920461519694
937	949	0.10153581419941206
938	943	0.13673327610788483
940	941	0.1997338322210921
940	947	0.10364402155883617
944	954	0.16937249682557368
944	980	0.12213817615759522
945	966	0.10833913402915485
945	978	0.10331602153088632
945	982	0.20331121271957506
945	987	0.10454964101489977
948	960	0.1411180717299608
950	952	0.1488348263940308
954	996	0.11483498221591734
956	974	0.10671502284928946
960	968	0.12355586898740438
960	976	0.14674145561835283
960	982	0.10216849983901158
961	974	0.21494811821731016
961	995	0.13895518059214074
962	971	0.12173497007710314
962	982	0.1411917569881396
964	992	0.12138442450443652
966	990	0.12499503207970357
968	976	0.150953487917807
968	984	0.19283519161772109
969	989	0.15157373098318014
970	972	0.13905025609457616
972	980	0.18931011757617597
972	988	0.2512824424799908
974	982	0.14528609569017228
976	980	0.15335656034352865
980	984	0.26161075795650274
980	994	0.12574890487160703
984	988	0.17571158753835503
988	992	0.14168397567941854
989	997	0.10290082616069392
