0	2	0.33517924363290796
0	4	0.2783537307689281
0	28	0.11373531062997168
1	3	0.1679711372590446
1	434	0.11500667716630314
1	571	0.1594648128619709
1	789	0.1005395807873854
2	8	0.11500382691810958
2	110	0.15036967565941947
3	77	0.10039649123278604
3	781	0.10110946353824654
3	846	0.10937201724658183
4	39	0.12782849102561247
4	48	0.10058350221808303
4	437	0.10368662030392696
5	184	0.11120664189825548
5	270	0.10226916215986398
5	605	0.13467313820390583
6	110	0.10968709713179041
6	651	0.17349511399326806
7	51	0.12191817729874385
7	99	0.10867642287886002
7	681	0.10075531327524599
7	705	0.14015454126399682
7	981	0.141457888942404
8	42	0.10509526534426598
8	70	0.18155999401375997
8	651	0.12436536029840713
9	32	0.1024825090102983
9	329	0.15268843327765064
9	720	0.13426557770938805
10	465	0.10484733592521359
11	28	0.12521338017600256
11	756	0.11657301403756123
11	884	0.10315100543710086
12	18	0.14786079650921177
12	181	0.10934332431960483
12	408	0.10541553467430222
12	507	0.11090497247892178
12	671	0.10016256559134915
13	15	0.14305593900710578
13	20	0.1234136585490883
13	38	0.10018801386064222
13	253	0.11927084185645061
13	286	0.10698373998543423
13	519	0.16067994890539064
13	569	0.10596339439628309
14	90	0.11153957417967586
14	350	0.1090022450503198
14	442	0.10014803216418731
14	456	0.10824580123540571
15	307	0.13607559694829321
15	664	0.12183673334084533
16	20	0.10381927078481704
16	42	0.11520800993443665
16	302	0.12027661373398565
16	957	0.12157998459603983
17	465	0.13469363531054374
17	881	0.10704759542766377
17	954	0.13311559824502825
17	966	0.12702965157531237
17	988	0.11186343704808864
18	98	0.10674964372462055
18	210	0.1393077374741521
18	255	0.11905924688761933
18	437	0.10769838404463729
18	704	0.10038668767415106
18	820	0.13218704314041865
20	216	0.1226838590227558
20	320	0.22100474044509422
20	480	0.14985410315846331
20	857	0.10069129552901766
21	120	0.10317727187708191
21	524	0.1684891265433662
21	544	0.12155252012543265
22	70	0.12918649699804763
22	437	0.12572751526457218
23	255	0.16111027792003105
23	404	0.14222578749744
23	406	0.12967499204428587
23	599	0.1311137757964905
23	793	0.10175705817758225
23	972	0.11628467430780512
24	76	0.14159542560807184
24	218	0.10729950430455187
24	906	0.10270984915722403
25	715	0.10996380117864143
26	28	0.10118488590574855
26	38	0.10862454446636689
26	52	0.11794242077023459
26	84	0.14916539398715362
27	736	0.1010469233679816
28	254	0.11772224387031271
28	774	0.10397782503655346
29	188	0.12338572615500756
29	193	0.1746884172970585
29	353	0.15004843282542166
29	470	0.10386776747697771
29	711	0.17871927666758705
30	117	0.15855870490099536
30	515	0.1024413895426262
30	571	0.11413686886644828
30	607	0.1029932506452194
30	647	0.10403971094461528
31	96	0.10306713152543052
31	230	0.10049788822045962
31	242	0.12576704642831615
31	364	0.1667029662206582
32	38	0.10457295975135555
32	141	0.10511821730866665
32	465	0.11378827362391525
32	699	0.12856046610656174
33	283	0.11733699306811712
33	522	0.10797190902061378
33	532	0.10070069894016724
34	36	0.14600460316152622
34	187	0.101930379966007
35	37	0.18781288338930258
35	331	0.3948894367968266
35	384	0.11916799238745354
36	40	0.16266162005634965
36	122	0.11295396760735778
36	229	0.11118230732836312
36	519	0.1557546855502833
37	331	0.1895885668469156
38	84	0.10204418606737863
38	998	0.14326526746776877
39	656	0.10455575686792895
40	519	0.10696986687496683
40	688	0.11050049100051676
41	419	0.14725605370008973
41	910	0.10221088293688994
43	791	0.1061454257576601
45	301	0.14077692783471918
45	814	0.12075148637069444
46	90	0.14266118623266175
46	485	0.12227506704275959
47	385	0.11180883083184238
47	457	0.11345148173190762
47	465	0.19067560687252624
47	495	0.1283164020351075
47	507	0.12336381293358378
47	534	0.10605742322065491
47	621	0.10655532019986036
47	640	0.1031651492190425
47	900	0.11523293391433138
48	312	0.14390309201877124
48	369	0.1142797720252632
48	437	0.11008613602137693
48	457	0.13042746465419364
48	549	0.14909502505086744
48	651	0.15695815513509556
49	276	0.11173535582145677
49	321	0.11941880244399801
49	474	0.1023699135449955
49	557	0.11679539906039443
49	749	0.12038123386426981
49	791	0.18316933856068232
49	900	0.10010494216182016
50	191	0.11393711583384251
50	697	0.15905026028946914
51	165	0.10555437996824704
51	517	0.10578112717912419
51	573	0.10062803076495992
51	828	0.11599678068158668
51	976	0.11550584112709691
52	521	0.12640563795411694
52	772	0.15208093828476157
52	821	0.10635417729276438
53	82	0.1167679766074939
53	140	0.10231380836110332
54	347	0.11292531331572167
55	314	0.11088474262753759
55	878	0.11269077234903443
55	992	0.1741681413548525
56	64	0.13491809402021077
56	147	0.10648910527528004
56	493	0.13516175904426211
56	525	0.1093939180376374
56	957	0.11630684363031984
58	88	0.11267767898073834
58	235	0.10003329750870477
58	777	0.12206906814396602
59	155	0.11101463784974451
59	596	0.10342225218434521
59	791	0.1309283575185476
60	66	0.12332162094103692
60	74	0.10382798697735914
60	90	0.10108330669239325
60	256	0.1347354979886871
60	497	0.10588274290414322
60	521	0.10960199189010901
61	254	0.1112805352553273
61	266	0.1246483176984398
61	286	0.11181766780263444
61	306	0.19255130229642575
61	330	0.13243527087829773
61	463	0.11560879655136941
61	505	0.12488931886036954
61	719	0.10661785835817705
62	64	0.11722570349152338
62	371	0.12605574364091923
62	681	0.11639407554200976
63	65	0.2561903497069954
63	213	0.1306271782225443
63	373	0.10793602569884443
63	577	0.12799933820298076
63	621	0.1224910502964841
63	623	0.10343681466370845
63	692	0.1071510623825953
63	790	0.10062738738104944
63	910	0.12402896827885189
64	94	0.1091194573716325
64	339	0.1140086915174973
64	634	0.12243160604519353
64	695	0.10943618686920124
64	931	0.1741110958570896
65	572	0.10285495546400722
65	573	0.10421054477667374
65	612	0.10355251691871742
65	621	0.10330791158271224
65	675	0.1255204326784866
67	942	0.1130198100804042
68	72	0.20081179672023766
69	287	0.11494906488319326
69	449	0.13909001431955367
69	584	0.10620553500807053
69	599	0.1133247659220195
69	671	0.10183602421936967
69	791	0.14532637654199554
71	147	0.10704261414761125
71	219	0.13508754174506848
71	237	0.2251584331465401
71	808	0.11979788249811217
72	651	0.13018891318505776
73	863	0.10932860760539836
74	199	0.11810026719636295
74	372	0.17640745753953768
74	431	0.11075234533222325
74	833	0.10202889009635792
75	93	0.15191409587069374
75	609	0.10566476114768739
75	811	0.1163596086375655
76	86	0.10807618397880683
76	262	0.15924847565920985
76	793	0.10528168814377721
76	973	0.13083006482719833
77	145	0.10023794258193165
77	205	0.37490739817315155
77	262	0.10478343990335104
77	387	0.11402749326291137
77	902	0.1646296845599193
77	914	0.1158186855612109
78	80	0.2671588427223559
79	81	0.11238448907742435
79	83	0.39589917159827787
79	299	0.11046988277267683
79	466	0.110703027084395
79	501	0.11228292695414396
80	82	0.12638834531539384
80	167	0.10716829347487308
81	173	0.1480250964934086
81	201	0.12792883419819934
81	373	0.13197144568457392
81	793	0.1906761399957203
81	814	0.10241801275401943
81	820	0.1079009032684622
81	826	0.11093760006697294
81	909	0.17479822932938396
81	991	0.10193316641869701
82	695	0.1341155832981306
82	861	0.10760467832761333
83	299	0.13875980515555703
83	501	0.1142192995266286
83	617	0.15613303382243152
83	665	0.10915271145865837
83	816	0.10815743733513605
84	811	0.11201166702793502
84	942	0.10398008360913834
87	328	0.1015082023684579
87	402	0.13314320121818743
87	557	0.13061698506194813
87	725	0.12999437108805076
88	96	0.23915441291504774
88	100	0.10160689645937411
88	102	0.18807736431869254
88	401	0.116913076467951
89	313	0.1025093880919123
89	414	0.1840836690977074
89	416	0.17113519609057237
89	418	0.1958986463837787
90	100	0.10975127445624204
90	970	0.12698873962087234
91	574	0.14329242226483813
91	577	0.18759794715814798
91	617	0.10226544827145372
91	788	0.1277731693466336
91	794	0.15288404845239906
92	94	0.15608395241080686
92	96	0.23049848846161408
92	100	0.3740398102005034
92	106	0.19850884161395513
92	766	0.1289188348661846
92	772	0.12640388311399525
93	362	0.10018773360264457
93	784	0.10489858660798262
93	798	0.13677168251468383
93	844	0.24817800660291256
94	98	0.18667447518123115
94	100	0.2610023654656294
94	102	0.1331817014416448
94	104	0.17687395786169857
94	108	0.3269645897107481
95	133	0.10192594945311867
95	255	0.11050894863172127
95	307	0.10501327813525704
95	914	0.105630571506888
95	961	0.10573808030358896
96	100	0.17124744291830857
96	106	0.36145114782716803
96	108	0.13496652473169005
97	412	0.10730555949324898
97	589	0.1311355236006378
97	864	0.13117147584702496
97	939	0.10811342941631594
98	100	0.25147327243646794
98	104	0.10230891301503806
98	106	0.38304138879330923
98	358	0.11728117811989047
98	889	0.11837785617361564
99	232	0.10431264271276865
99	237	0.11165721128079295
99	269	0.2140785884962364
99	822	0.11944312440101305
99	921	0.11678970726643395
99	967	0.15505476732888893
100	861	0.12320057879612113
100	985	0.10474485709941476
101	339	0.11921448852597924
101	493	0.10620929479971583
102	104	0.14143024492134934
102	108	0.35250283039082003
102	657	0.10891612163277213
103	216	0.11947503412071114
103	508	0.10550848907521196
103	530	0.22440967107134466
104	108	0.3414815165817719
105	134	0.10483832045770841
105	247	0.11595264535012718
105	259	0.1032532520229928
105	400	0.10180842177658457
105	603	0.1130119070445005
105	608	0.2363878081579034
105	670	0.12397796318417227
105	942	0.1525047951973318
105	998	0.11301998061741526
106	192	0.13563286454968038
106	358	0.10648063123087881
106	772	0.1056377306239448
106	789	0.12488995663867
106	861	0.10833192805414613
107	342	0.1231327939099097
107	368	0.10487799036922
107	708	0.10069217818976256
107	875	0.10200877105336734
109	169	0.1613590910410069
109	251	0.11073661090536614
109	800	0.18444488638083617
110	873	0.12282880509182958
111	132	0.1653032626919621
111	424	0.11686937720711417
111	430	0.10789411093230915
111	495	0.11228304612024045
112	138	0.10560708290633557
112	188	0.10520372172395917
112	204	0.10548209359972108
112	226	0.10957348221171262
112	747	0.18634358891892622
113	561	0.10460368077377519
113	567	0.20693838592451516
113	617	0.10536328563078354
113	962	0.10567970004286197
115	139	0.11943164327473173
115	375	0.1134400378878206
115	714	0.12870738782407604
116	202	0.10197101006565604
116	491	0.10459969645357103
117	174	0.1204736867822583
117	277	0.1121594873437415
117	393	0.11075969347510833
117	398	0.1121995731513886
117	836	0.10926534992448446
118	183	0.10791362288836545
118	426	0.12313750894448439
118	569	0.11382617809985127
118	630	0.16097925669899993
119	351	0.1801606087595777
119	544	0.10145359926795926
119	586	0.11731890173745517
119	608	0.17213012233178931
119	614	0.11381227850474335
120	130	0.15271610392040894
120	142	0.10618953918734701
120	168	0.10380692876661494
120	220	0.11948286355880994
120	231	0.1110114978027793
120	585	0.10873291760502657
120	976	0.11147088883315806
121	678	0.11989707153933428
121	684	0.1015486711434686
121	714	0.10919731685147092
122	124	0.14720574581956458
122	184	0.10270759522096627
122	250	0.10707594593065768
123	125	0.2800258736509728
123	201	0.1235013519710309
123	257	0.12805513152321318
123	669	0.1746296542605903
123	807	0.11260589745634705
123	871	0.12029551341160936
124	138	0.17779718514545592
124	143	0.10112396004631746
124	144	0.1299319016386584
124	180	0.11422987085787946
124	632	0.12894348213655293
124	756	0.11204339982939322
124	968	0.10927225144448849
125	669	0.2001545236753993
125	759	0.10579621972739334
125	826	0.14972452192034907
125	830	0.10101078248039748
125	869	0.11994618837080755
125	987	0.11040339676484162
126	143	0.20587966032697036
126	198	0.11737413774574927
126	202	0.11031663751230793
126	272	0.11168148614454691
126	491	0.12162188512020551
126	630	0.10957733558779663
126	803	0.1045820267204872
127	299	0.12942746223083565
127	301	0.10133342455078091
127	659	0.1240948877246968
127	812	0.1290139164004257
127	816	0.11130193335089045
127	934	0.10553986784127155
128	130	0.15986312989258683
128	140	0.15248491493729383
128	150	0.11083321501075413
128	196	0.10003835135795573
128	247	0.11441271161751604
128	477	0.12708089028469582
128	647	0.11246151089218998
129	287	0.13163407880421943
129	629	0.1027690868308223
129	845	0.11155661125939077
130	172	0.11307041663029506
130	186	0.12060041015525648
130	192	0.10953657643483418
130	194	0.11491417737976582
130	367	0.136290807536063
130	484	0.10639410638706694
130	569	0.10176908517197847
132	468	0.15699230734464983
132	976	0.14587697292037122
133	166	0.12816698110390867
133	525	0.16020275175318385
133	667	0.13627701063833866
133	702	0.10997946569717998
133	751	0.22306485903238074
133	845	0.10150036285319723
133	907	0.10469217248433953
134	191	0.11955670354431515
134	465	0.10018877008415505
134	699	0.12188638321164756
135	428	0.10191033765622098
135	999	0.10518019536611771
136	408	0.11483545498716838
136	887	0.10548695692889035
136	968	0.11561674880351172
138	140	0.1101004961086012
138	264	0.1437148597067643
138	410	0.10496755642850485
138	747	0.12548191813601414
138	794	0.10753063961351537
138	848	0.1565611520174891
139	194	0.12868664260178772
139	206	0.12342234942377213
139	593	0.14796620504240982
139	907	0.10871003787751456
140	145	0.11498091836898451
140	268	0.1188053437416816
140	587	0.13301211516710382
140	647	0.10367080736543924
140	710	0.13712694962539274
140	867	0.1364880130591347
140	917	0.13912314665121966
141	549	0.10016799290602307
142	151	0.11560436203816891
142	220	0.10661909415487131
142	224	0.14487890824114313
142	956	0.13381226707621535
143	190	0.11257867229119242
143	198	0.13012154571779794
143	272	0.11168376335686261
143	442	0.11767691390566204
143	491	0.11864620008312159
143	970	0.10282550146042622
143	982	0.1466054464453295
144	268	0.10731301316910287
144	667	0.11165412746998185
144	747	0.11802207930333507
145	262	0.19667920585192483
145	673	0.1070004324884337
145	741	0.10684145044246218
145	988	0.15049353221680797
146	150	0.25267685669810136
146	170	0.10108888529432113
146	404	0.12997238737129937
146	516	0.10407419483274936
146	663	0.11045829260510343
146	667	0.12493856627949518
146	893	0.1191958389999292
146	945	0.113594450454507
146	955	0.13969915916766118
147	177	0.10427571699780182
147	269	0.11056839432274004
148	569	0.10223469825723869
148	783	0.17227624372935782
148	792	0.11428815505349516
148	989	0.12641669777304948
149	332	0.11666840297824059
149	335	0.20141102538592692
149	441	0.13882971953412485
149	457	0.20020271511765325
149	632	0.1454534320251838
149	636	0.22090579099203367
149	676	0.10318842149280216
149	972	0.18498305412245997
150	176	0.10384751338134192
150	188	0.12794920768889445
150	335	0.10885212476626743
150	751	0.10126296299797793
150	843	0.20066470768315925
151	168	0.10074029177720796
151	275	0.11322409146944187
151	456	0.12407889222518874
152	174	0.1237561001585623
152	279	0.11983495314249744
152	529	0.11254663069995684
152	569	0.13277466554212067
153	216	0.1025289969142234
153	222	0.10813692594530887
153	523	0.10318976107607673
153	530	0.10224771360509297
154	197	0.13100861026788807
154	571	0.10069664476039056
154	613	0.10393211925713744
154	817	0.1427798843621139
155	257	0.15630518679131497
155	279	0.13582006900739416
155	572	0.10037040611803351
155	663	0.13012984299502306
155	871	0.16208676062569252
156	182	0.12802921566624872
156	799	0.1118481895979642
157	833	0.10094557301855554
158	822	0.12429052119781193
159	925	0.12294552611247846
161	196	0.10186481638221999
161	621	0.10363192105780321
162	180	0.13287762068028283
162	194	0.11900064903049874
162	198	0.1158126728467895
164	166	0.13716924215830892
164	174	0.18127550183272725
164	233	0.10967199400273442
164	667	0.2507509657100231
164	734	0.12952626552179408
164	773	0.1157715947185617
164	810	0.10956350113702548
165	375	0.10232669329548257
165	934	0.14119250635584246
166	172	0.11257560128801464
166	176	0.13665153355258702
166	497	0.11310622299588567
166	667	0.13264371639336112
167	766	0.1256950456445882
168	186	0.10272563552545275
168	228	0.14570969341016415
168	363	0.1215342446220222
169	597	0.12610740297322987
170	174	0.13004981801794657
170	253	0.1034403193387802
170	299	0.1380742136041769
170	406	0.11938343759803652
170	585	0.12933507141565903
170	647	0.10380448557876516
170	764	0.10044754899898647
170	863	0.1202164829453693
170	930	0.11384478733117767
170	937	0.11743523862126722
171	184	0.1169394968348358
172	186	0.21128516015691723
172	348	0.18631954343961993
172	366	0.10708645727340811
172	667	0.11477198097221564
172	720	0.10797122784645352
172	740	0.10991783328583844
174	192	0.13529044314009434
174	253	0.10399499928257948
174	569	0.1034965389326432
174	587	0.1353297703625613
174	589	0.10461272904041768
174	591	0.1267732251522917
174	810	0.11097650582146781
174	969	0.11262597753764725
176	178	0.1926903816609742
176	186	0.11994588663716696
176	191	0.13741864491869454
176	507	0.11139242794075666
176	639	0.1312589487353685
176	751	0.117295348540235
177	352	0.10489359012795646
177	399	0.10385961614331078
178	193	0.12209503922743843
178	373	0.11586715148012437
180	182	0.14848788816121017
180	194	0.20373973205446166
180	200	0.1325785651417169
180	323	0.12888051310345636
180	933	0.12509565689938698
180	969	0.10107590498907472
181	235	0.11295038695882911
181	627	0.1319406308315205
182	192	0.11545819657049164
182	323	0.10803728545832883
182	613	0.10050511276705527
182	799	0.1015985669997899
182	828	0.11494442706560616
182	941	0.10692958689069132
182	969	0.12231380692944081
183	274	0.1378446015788836
183	304	0.1251930518344057
183	323	0.11514403660043417
183	326	0.10976555813828592
183	463	0.1000609576163861
184	327	0.10522229284891362
184	502	0.11680369230722361
184	585	0.11433026747521646
185	199	0.1321962992716986
185	670	0.11237871578248478
186	198	0.11317947473105903
186	356	0.15185859515488234
186	667	0.11127271379648286
186	877	0.11943044563695568
187	283	0.13523660549878586
187	284	0.108017871025074
187	291	0.10630368558229697
187	601	0.11681069355889645
188	200	0.17902958141348013
188	630	0.12885214402709924
188	747	0.11072065357882098
188	907	0.1086247627605536
189	296	0.14449981470021656
189	850	0.14441068598267057
189	854	0.13796214905422163
189	872	0.14323574722558635
189	874	0.11562106836281257
190	198	0.12859197780345913
191	363	0.16726394059630453
191	513	0.10239410955591047
191	542	0.10262505770318285
192	467	0.10264194839268113
192	740	0.11730295240314645
192	898	0.1146995032491821
192	930	0.11096131460256838
193	197	0.23670666071763885
193	259	0.12334451049442346
193	711	0.1351358817116162
194	200	0.3151912112312642
194	491	0.14342256592121985
195	441	0.11608351618660365
195	541	0.11061951062007079
195	561	0.19853484207658206
195	818	0.12416702009269057
195	946	0.129015626723675
195	978	0.1083802710389581
196	198	0.19805215056847636
196	585	0.14401409790659223
196	809	0.2757733400377554
197	259	0.14293770717836102
197	466	0.12842820467711794
197	675	0.10158934449493623
197	711	0.11512130873482622
197	773	0.1172008600914856
198	202	0.22990258629217056
198	204	0.2123568565123009
198	228	0.23708461801208364
198	491	0.20792202495185844
198	809	0.127454485551111
199	292	0.11511464217454831
199	675	0.12749361026954867
199	741	0.13113077233529052
199	896	0.12547959930122712
200	907	0.1234702210468304
200	969	0.10600364306800573
201	404	0.13107088063324351
201	657	0.11535104123184818
201	665	0.132035128245235
201	669	0.21177322539799792
201	814	0.14551971892401758
201	871	0.11315889347277995
201	949	0.1329228026371382
202	491	0.13525347647720615
203	252	0.10750754589554114
203	262	0.1462612755189992
203	280	0.1042783829888071
203	308	0.16688918427019944
203	342	0.10253842820489453
203	398	0.10332659890536895
203	463	0.4007659372329063
203	537	0.1326083554942092
203	591	0.11769097336192558
203	685	0.11389746607466227
203	810	0.12472743855340815
203	995	0.15060707245322696
204	228	0.12477211587020098
204	491	0.18154330941735508
204	747	0.16373825579879867
205	657	0.11469776397605504
205	888	0.11172837790176127
205	902	0.32586938377867564
205	914	0.1262639035955966
206	216	0.13498429521393016
207	429	0.14026318157231152
207	749	0.11745016530413599
207	786	0.14793920483534673
207	796	0.10097204981163765
207	912	0.10190749035821789
208	634	0.1222082752091891
209	461	0.11709314744035033
209	504	0.12437867750142337
210	647	0.10421968686627722
210	653	0.19092506481460356
210	799	0.11613933488024156
212	393	0.15538642546134757
212	497	0.1408520201962419
212	655	0.10489903237917432
212	669	0.10610818460160834
212	711	0.11165954748659229
212	814	0.10111471434522462
213	598	0.17460740702914054
213	646	0.10928358447476284
214	603	0.16762199035961375
214	608	0.10396127419260207
216	222	0.12347529381182767
216	320	0.10540564045868518
216	604	0.1465041355564628
216	608	0.10246451330896182
216	969	0.18700481264899693
218	566	0.1137741431992429
219	273	0.14826467211537855
219	486	0.1159710505896287
219	559	0.20356313203912746
219	822	0.1253624855279312
219	971	0.14311669576375952
220	226	0.14425924647770774
220	261	0.14952135747019177
220	353	0.10988663480538494
220	711	0.10470699114215781
221	491	0.12115306299551655
221	880	0.10447511659621957
222	224	0.25060849383192085
222	655	0.10693328774768626
222	759	0.15024334182517873
223	579	0.10635347124360336
225	593	0.13808154406274495
225	713	0.12260667236088986
225	766	0.1271997209635568
227	464	0.1038320299043841
227	759	0.11224964707325445
228	333	0.1561834235602918
228	491	0.1426113651142327
228	653	0.1025885547112569
228	811	0.14985995719461193
228	818	0.10934728142039891
229	517	0.11586032652489191
229	519	0.15522769572568246
229	521	0.11856569744327328
229	525	0.14088191033073869
229	648	0.12589754223866573
229	807	0.11037015515413978
229	985	0.1300941194628495
232	597	0.10425662067889904
232	693	0.1181953038859169
232	719	0.12620665188646818
233	292	0.10421263462078208
233	353	0.1325494805818246
233	413	0.11239230620046244
233	497	0.12657816820947124
233	662	0.1041022723791448
233	937	0.10073792506796957
234	240	0.15575997697935068
234	991	0.10854294828404777
235	428	0.13360289912291667
235	775	0.1337225523380313
235	914	0.173562389276105
235	930	0.11792256399593819
236	240	0.13471674528527433
236	266	0.12064509004360333
236	300	0.10104340763891782
236	312	0.11055566974238187
237	269	0.15984802138450843
237	501	0.1440646705338622
238	254	0.11142892877431909
238	336	0.11944814142548779
238	344	0.10340380992024145
238	963	0.10495062075950896
239	315	0.13848591176574743
239	856	0.11224785789800974
240	242	0.12523609860934765
240	248	0.12081168006321485
240	326	0.1270152920931787
241	301	0.15533240381497831
241	676	0.10805898490495869
242	244	0.123266075153582
242	374	0.15089946064265755
242	991	0.10405360271328057
243	932	0.1015027574217461
243	938	0.12053943816678853
244	246	0.1555861090756881
244	368	0.14230986587760452
245	465	0.12790915581332213
245	639	0.1795827281099338
245	669	0.11904544395806807
245	800	0.1343903908844276
245	824	0.15543553347715147
245	933	0.1374746683437025
246	282	0.10657162081876678
246	302	0.10100594099799973
246	344	0.1122932172167983
246	368	0.11531120568670605
247	422	0.11159447520552063
247	839	0.10226461444498829
247	852	0.10557984279550374
247	896	0.11381941156270381
248	266	0.1299148496333042
248	344	0.1471489595251458
248	359	0.10128231442494444
248	368	0.1110121534651266
248	457	0.11937013311195283
249	806	0.1047562139992799
250	345	0.11483203654243518
250	373	0.10225361627407659
250	398	0.10027470866441147
250	535	0.5065539993013655
250	574	0.10490381644306083
250	633	0.16794112998256863
251	520	0.11582032347322482
251	573	0.10488237438255507
251	612	0.1005107220676552
251	783	0.1363776506040473
251	829	0.10877973770351028
252	262	0.13872982494073555
252	282	0.11847980041388699
252	345	0.11131508876419743
253	299	0.10279809878468643
253	528	0.12485170437747979
254	264	0.18491742431494312
254	278	0.1667445875667027
254	603	0.11140764773458346
254	680	0.12542796819745808
254	968	0.10546481772478317
255	343	0.10812345190011961
255	793	0.11044160614048615
255	961	0.1544616044195547
255	978	0.10518493248488808
256	258	0.27600856308175364
256	295	0.1342326107247637
256	401	0.12816102955411474
256	502	0.10011615125987797
256	721	0.11387031116733501
256	955	0.10662002861917809
257	259	0.2840695629053533
257	433	0.1181548662373701
257	773	0.13683664904534845
259	493	0.13054676252477065
259	589	0.16960740542820243
259	591	0.14151479176658616
259	729	0.11540585812452706
259	821	0.12884612585950578
259	875	0.1186665215875554
259	893	0.12848369536933354
260	348	0.10759365651145336
260	421	0.1375044877370931
260	535	0.10306201631377479
260	547	0.13774480605607142
260	846	0.11975528775979179
260	850	0.10078618856078124
260	885	0.10904392675092595
261	358	0.12922834439558492
261	364	0.10970909607545311
262	320	0.1487062106834588
262	323	0.13280333343565412
262	537	0.15162301423110433
262	685	0.1306562493757412
262	889	0.139784018501588
262	961	0.1264291786506005
263	601	0.10308117005508788
263	856	0.10208888162551562
264	270	0.14835849293988115
264	272	0.11094774814729774
264	323	0.1300856470500556
264	340	0.157246746847625
264	345	0.10078284230324301
264	356	0.1245269917647919
264	495	0.1056196015516074
264	900	0.10510335565788859
265	275	0.14002237216306687
265	386	0.13933577356391183
265	393	0.11760824670389296
265	408	0.10110949955931145
265	458	0.11330966447727264
265	484	0.12214011010560546
266	276	0.12264766013599762
266	306	0.10201119644760526
266	332	0.11510218801740671
266	457	0.10844111466321026
266	535	0.10447727731101532
266	693	0.10344746568398232
266	724	0.10442345552745208
266	761	0.12664202093652926
266	978	0.10711249834834694
267	542	0.12392208963810333
267	601	0.11048399913799804
268	286	0.10454430528883263
268	296	0.13272248469543116
268	362	0.10154654415721658
268	370	0.11716910977291864
268	633	0.11355363670542576
268	970	0.11970046843802022
268	997	0.10620490029852858
269	448	0.12103574470138413
269	573	0.11704280448902062
269	949	0.10403145706026949
270	845	0.10753871781252532
270	914	0.1552374252204603
272	322	0.11324579517305122
272	359	0.10288732554742153
272	657	0.10724042851191519
272	784	0.10046541267200539
272	841	0.10556332460563272
272	864	0.14407798054267465
273	571	0.10256160321719696
273	621	0.10074531068029045
273	635	0.1323422529062081
273	823	0.13386547955363573
273	910	0.11453207489552299
273	971	0.17896282208383518
274	366	0.10256490130920075
274	995	0.10525671950061853
275	276	0.11320303750004064
275	398	0.1382263971967422
275	442	0.10329646767036733
275	657	0.13751162460083582
275	705	0.10751474355944766
276	340	0.12034283086729285
276	463	0.1001635292728791
276	482	0.15712516599407056
276	589	0.10472430029586693
277	795	0.11464127632214845
278	316	0.12220430253392689
278	366	0.129179660602428
278	693	0.15860403995901956
278	694	0.10416168924533249
278	790	0.13237743697232981
278	868	0.10260150667506054
278	989	0.12424955099979507
279	712	0.12029565980664297
279	714	0.10809445933013995
279	912	0.11297178257589792
280	288	0.12161955707025282
280	719	0.15225192444981725
280	727	0.13674691601247996
280	941	0.1035945897493567
281	697	0.1302633270904221
281	723	0.10714972512942414
281	766	0.11312636496460032
281	887	0.12003622579454494
282	298	0.12324197132091352
282	398	0.10063058531588022
282	717	0.1060297775466772
282	719	0.13177958777606974
283	302	0.10590482306726069
283	316	0.1395687226719606
283	356	0.10936985932710386
283	360	0.10812711582980446
283	362	0.14792761064126111
283	364	0.11150098360120048
283	373	0.1195805500209411
283	559	0.10569727622889614
283	729	0.10552755854542598
283	864	0.10397439327335474
284	312	0.12708093639782828
284	336	0.10474635022117004
285	513	0.1005622590952047
286	296	0.2446554282322673
286	302	0.11315909095775081
286	308	0.10171368046088898
286	323	0.1982993173921242
286	336	0.11258976148900923
286	340	0.1047864218312702
286	677	0.1165192784739778
286	762	0.1126395091148635
286	995	0.12539564122855792
287	625	0.10990000416171798
287	796	0.10464222700815445
288	889	0.10607185178944145
289	584	0.10109789728745117
289	589	0.2480507966856611
289	622	0.10228326540442878
289	642	0.13240645875423437
289	644	0.1919201078488126
289	646	0.10875851168898576
290	326	0.10887712930363376
290	328	0.10907345570213701
290	342	0.16817574795159876
290	366	0.10847809889491117
290	412	0.11567856949069498
290	685	0.14731489653008809
290	725	0.11193566354489103
290	889	0.13116086446151512
290	893	0.11119059264856103
290	895	0.11709724321482064
291	307	0.10180378575856056
291	609	0.10305160976266407
291	785	0.12284683355509729
291	836	0.12292756707581322
292	294	0.20042068801853472
292	330	0.10480377711529847
292	685	0.11028589080538136
292	978	0.11951923905734485
294	314	0.11316200523227002
294	318	0.10319269256614322
294	359	0.11920256731843003
294	712	0.10287610618611519
294	721	0.20482769437329834
294	947	0.12943524940722384
295	705	0.1314007756910804
295	925	0.10383571609357622
295	958	0.13363994691207137
296	306	0.10235687623058179
296	310	0.1181818448919713
296	326	0.149445257963867
296	328	0.12733132567310343
296	397	0.1634599164169326
296	463	0.1354139341199719
296	535	0.11281059516258267
296	995	0.14820429108632804
297	771	0.10580886576296906
297	890	0.10169067203431538
297	892	0.22255687227496435
298	314	0.15128777771287838
298	320	0.10853286251591326
298	685	0.20957450384016396
298	887	0.10077428767696359
299	379	0.11386362413755474
299	808	0.12530884580946097
299	810	0.13266841480086083
300	338	0.10808098771669108
300	366	0.13310786470733446
300	436	0.10238174219549184
300	677	0.13631354252537622
300	685	0.11877751615538813
300	963	0.21405704065097678
300	991	0.3218701248436693
301	327	0.2636659542104241
301	373	0.10369140284776203
302	306	0.15001142569030604
302	316	0.1171895582838893
302	677	0.13867243059328102
302	963	0.1751172999163535
304	342	0.11915253319661337
304	595	0.10176185077936725
305	901	0.10337478044532702
306	330	0.16129624380842855
306	344	0.1048288759062422
306	535	0.10188464842775823
306	963	0.13007830582671706
306	995	0.13107513103889298
307	333	0.11260830918510396
307	785	0.14423453546374596
307	788	0.10277260984182379
307	830	0.12500296484327436
307	836	0.17456375355929643
307	949	0.10429457330079406
308	310	0.11725548313879824
308	685	0.14071691236187495
308	992	0.12312394762165806
309	314	0.11363954861496348
309	601	0.1018913643870525
309	868	0.12486126574708517
309	893	0.10419704831216946
310	312	0.14112083279271562
310	322	0.10645050131160985
310	326	0.12611149044408063
310	344	0.13038124862923736
310	378	0.10401333204899536
311	452	0.10635065869789784
311	665	0.147275369984795
312	326	0.11864260522607126
312	369	0.16724316164906017
312	374	0.11264670716465885
312	423	0.13466807736751632
312	462	0.11790894689795998
312	735	0.11386936347163616
313	462	0.11905850246781782
313	815	0.13424655090139737
313	864	0.11886906791805321
314	359	0.11548278894220201
314	878	0.1326742218253878
315	468	0.13885833042600407
315	490	0.10227232839368723
315	629	0.11671395050686291
316	360	0.1050074096805807
316	725	0.10679541608193455
316	729	0.10712872015553954
316	738	0.11089316697352226
316	995	0.11057076631451536
318	397	0.11029607350402088
318	841	0.1300873534737641
319	441	0.2483098156356977
319	590	0.10461188788115025
319	945	0.15060191497429176
319	956	0.10930911516992264
319	994	0.10439163417979937
320	340	0.20225849422484882
320	685	0.20434013201142037
321	443	0.13542743394852397
321	465	0.14582791054821145
321	574	0.10319934926953366
321	834	0.10550228515350459
322	326	0.15849415824124768
322	995	0.19680215416274116
323	326	0.11381090737861577
323	340	0.1025121932729479
323	342	0.14536903790879602
323	345	0.11324411391020295
323	373	0.13069765972593536
323	423	0.1852683837155008
323	675	0.12259322125905035
323	941	0.15229233995456887
324	485	0.10943697532298806
324	705	0.11438364536901603
325	610	0.12202550025897889
326	342	0.12342654105451807
326	397	0.25445105395636813
326	995	0.12042604349543459
327	578	0.10321467609718499
327	669	0.1378993026326313
328	345	0.10201772394957268
328	370	0.10612634261951923
328	397	0.20378800383012916
329	330	0.12734904220126722
329	638	0.1274830640199135
329	675	0.15049240212468415
329	731	0.10377378079025186
330	344	0.1008557854488887
330	360	0.10157230685880012
330	439	0.11533854475092355
330	535	0.10340365954143234
330	675	0.12601571255102656
331	903	0.1019268182685491
332	423	0.11223231659427763
332	535	0.1024200971644824
332	541	0.10942781156986002
332	574	0.11296490007384002
333	698	0.1053885661503826
333	732	0.14676772027852272
333	882	0.13272239520388354
334	348	0.16144694999768494
334	496	0.10923279023363841
335	364	0.12163461393590463
335	367	0.11479442144358483
335	468	0.11680445345084592
335	548	0.1364376182658458
335	650	0.1608851725540974
335	652	0.1266774747609105
335	654	0.11561614831844173
335	668	0.13989621307122824
335	670	0.1234734811517888
336	342	0.13535708922007691
336	414	0.11385108586897226
336	520	0.10838047874488486
338	345	0.10331397624943021
338	574	0.12373134604960499
338	963	0.1115476528788778
339	607	0.12300068892244093
339	911	0.10191082715023222
340	356	0.14376026900886885
340	369	0.10885568177476466
340	385	0.12088775420051724
340	595	0.10162095020006785
340	873	0.12445470881577869
341	565	0.12137211558051095
341	812	0.11575503265155838
342	516	0.11380219797495064
342	572	0.11999065107175404
342	884	0.10536030182087909
343	502	0.10085845056831647
343	506	0.12179101020413814
343	817	0.12499775764126796
343	973	0.19285116335792166
344	368	0.1973206507170519
344	397	0.12564956310983533
344	463	0.12535295695329499
344	658	0.15714742132495854
344	771	0.10353623057630842
345	356	0.12580652220593605
345	373	0.11043740157093321
345	380	0.10513741809242481
345	397	0.12417816728820785
345	546	0.10208009262035254
345	629	0.10371119314988954
345	685	0.10778751846966686
345	768	0.10132636728821208
345	858	0.18719998617800573
345	916	0.12058314441442763
347	452	0.12893719628336253
347	528	0.10260751228985152
347	581	0.14285732376651983
347	595	0.11482092806426682
347	634	0.12064691315637707
348	362	0.121225808866165
348	364	0.11004445370802524
348	378	0.12685742311117604
348	423	0.17984653009835969
348	540	0.13132597782106123
350	355	0.12065606735187939
350	740	0.1250427238027831
351	816	0.1172189955974276
352	675	0.10311168928723881
352	739	0.10377176790899449
353	497	0.3159791099566146
353	848	0.13325034274965436
354	359	0.14740997733941927
354	662	0.10438013509015101
354	810	0.10340222047600829
354	934	0.11939526769500713
354	974	0.1167485444574265
355	537	0.10004045555327039
356	360	0.10750493461764997
356	373	0.17717434242809
356	539	0.12360612523626886
357	687	0.13201260529110065
357	865	0.10498915750928631
358	789	0.10116711742187931
358	889	0.15365629150515472
358	914	0.10786259964650617
359	396	0.11535000728434719
359	404	0.13424290090922578
359	677	0.1520453006645106
359	970	0.1225512277817178
360	397	0.10729280293746754
360	455	0.10155758840402458
361	398	0.15538687634353557
361	406	0.10384894451909679
361	412	0.12265202791279724
361	422	0.1489886790894599
361	516	0.10109691936272569
361	761	0.10511350425157422
362	364	0.10071827324062753
362	729	0.15477580463920665
363	736	0.10450741422089052
364	423	0.11389662295420783
365	910	0.10007036012775712
367	560	0.1180763120531525
367	654	0.12485083736306728
368	468	0.14950917885432777
368	724	0.12190110029578137
370	374	0.10807440294441188
370	877	0.161493553287889
370	970	0.11486001269617688
371	712	0.12807352318152943
372	536	0.10848770189403835
372	638	0.11433245359746831
372	693	0.10816510411217473
372	917	0.11375220278791459
373	546	0.12408421954862059
373	675	0.37303695846066487
373	685	0.12208394640670624
373	738	0.10260609526159953
373	871	0.1035667254266271
374	378	0.12475445478953798
374	423	0.10232103134619086
374	736	0.10393741216006933
377	858	0.10443046251029339
378	423	0.10261896263253867
378	677	0.11861734184785964
378	808	0.1259331739144011
378	963	0.10348530118606337
379	625	0.1009768595495593
379	808	0.1610601095119609
379	812	0.10649178938515179
379	912	0.15596476992852432
380	942	0.1176632549660161
384	390	0.10167017438387459
386	394	0.15507368800564575
386	438	0.10633809425607842
386	458	0.1587950240570719
387	503	0.1077545718080984
387	716	0.11517894908661415
387	896	0.17071365486003665
387	916	0.10860756724273701
387	924	0.10282317084195093
388	392	0.3101179590491064
389	391	0.2933944967849127
389	465	0.1124946945210255
389	630	0.13496414858258077
389	669	0.12554462603617736
389	778	0.10970885206637275
389	792	0.11852945138423236
389	808	0.1125022655640414
389	945	0.10645139652938691
389	987	0.11538637236298421
390	458	0.17553548357826756
391	599	0.10754824190838351
391	785	0.14754259053996696
392	430	0.10574417706071904
392	438	0.11066692534827348
393	429	0.1444341876695737
393	555	0.15876664159523776
393	945	0.13112759183102016
397	535	0.10909098907221113
397	938	0.1299925812509118
398	404	0.13571562690219013
398	406	0.1341311469656887
398	412	0.10297669454322125
398	438	0.11373620469775063
398	490	0.2163603489975571
398	516	0.11120366882400845
398	623	0.17180931608256275
398	638	0.137244385921291
398	867	0.10142428326860778
399	859	0.11092439723836674
400	416	0.13977025727637674
400	418	0.15364457026197947
400	434	0.12163431113037228
400	523	0.12490743701328545
400	570	0.12016813589615653
400	657	0.10236662010029969
400	713	0.10524313838431891
401	739	0.10274490152232121
402	434	0.16766129163814797
402	470	0.10471481619943745
402	486	0.1109877686442877
402	653	0.13282233391838252
402	679	0.10662731546297838
402	831	0.101000264231151
402	839	0.10405866984873562
403	641	0.10045574630711739
404	502	0.10787443803506012
404	638	0.10056382804705376
404	657	0.14321012887784063
404	871	0.21165985871724963
404	900	0.15104359836535836
404	955	0.1491406592775263
404	982	0.14901343462426914
404	992	0.11975280373587262
405	407	0.2478139369954191
406	428	0.12184957680419561
406	466	0.12395141746883943
406	470	0.18785755199744167
406	516	0.1090127852516605
406	565	0.11248294366986597
406	574	0.10273434286388383
406	638	0.10083943732366679
406	647	0.20503299599479177
406	657	0.11758399511752786
406	761	0.10570827957895164
406	767	0.10895958864463168
406	794	0.12503013882990535
406	841	0.10204631479793108
406	844	0.12565953029201174
408	421	0.10384812250880623
408	448	0.10246091677330775
408	647	0.13075555705137773
408	788	0.17201767799975023
408	968	0.1086190239092586
409	739	0.11982158387801978
410	465	0.12750100951835347
410	542	0.10800868183075327
410	557	0.10495883662099029
411	956	0.10754953298789663
411	990	0.21025407624526718
411	994	0.11111974721829924
412	414	0.10672758873205486
412	418	0.10147675084998237
412	422	0.11619381707445403
412	443	0.10291344493804758
412	867	0.11328265777621045
412	945	0.14137400344956103
413	582	0.10824183603471871
413	646	0.1251691396500099
413	755	0.10502759332883126
413	946	0.11373036344917371
414	418	0.2071669638178423
414	420	0.11757713801680639
414	474	0.11511136545214823
414	992	0.10381135442298706
415	600	0.10129291783760302
416	418	0.12797812543245674
417	727	0.10356086827496555
418	443	0.1066103705467039
418	482	0.10171123341507435
420	430	0.1337587585613969
420	460	0.13145715999645285
420	684	0.11381284618400142
421	850	0.10471202383113065
422	443	0.13423274772055538
422	466	0.13823176154511455
422	741	0.12930087887959832
423	468	0.10476040031375289
423	743	0.10046007456807479
423	802	0.11950514783132403
424	432	0.11929369951923856
426	434	0.20042018296920774
426	450	0.15072204517209517
426	495	0.10206453853206952
426	864	0.11933995476367676
426	967	0.11196571048794306
427	491	0.11047222828861625
427	517	0.10088121124949168
427	833	0.1691945978781435
427	916	0.15015274517158617
428	705	0.1430531965627843
429	784	0.1221000838126964
429	796	0.13620120700474014
429	966	0.10435603381899605
430	432	0.14294689917511558
430	488	0.11544213765717715
431	465	0.1394788388880772
431	561	0.12271382405138735
431	634	0.1110579741179169
431	751	0.15582917830589577
431	776	0.14638186453752966
431	879	0.1331787026885987
431	966	0.11257794595378323
432	480	0.10066357522922469
432	485	0.13130662226691128
432	579	0.10781229139170867
432	895	0.10902745670032592
433	455	0.10313465814903205
433	520	0.12415654123130547
433	587	0.12464815305526021
433	610	0.10265354777227703
433	696	0.1005374530550387
433	704	0.2581720726942924
433	718	0.18203373991749264
433	746	0.13155810505120683
433	847	0.11455353929387976
433	917	0.16750281165709713
433	951	0.12307641102124961
434	571	0.11653404064337279
434	938	0.10589285168207192
435	705	0.1021764052394064
436	438	0.11208655711974805
436	487	0.18167451034527382
436	732	0.1070523521751374
437	549	0.17732399218764844
437	651	0.1074517915191651
437	697	0.11210244253230565
440	487	0.11952449707751037
440	639	0.10342200406127659
440	927	0.10176918226092009
441	457	0.13478113948901704
441	459	0.125581123025872
441	972	0.13959473594105504
441	980	0.13834592329277143
441	988	0.13555323906379504
442	487	0.1252123147735552
442	867	0.10528207479596756
443	465	0.122999884708428
443	474	0.1296194305789678
444	446	0.19153163349102834
444	448	0.19587073187982137
444	486	0.10003325346518033
444	722	0.10009280003094856
445	447	0.39625284146288886
445	460	0.10021055881093202
446	448	0.32121850756209414
446	485	0.12001228933385422
447	676	0.10493760619347191
447	972	0.1331522443681336
448	528	0.11197020684854943
448	769	0.20420411917117653
449	652	0.10315946563245132
449	838	0.10671197183437707
451	527	0.1306662741621615
451	737	0.1069380117495068
451	972	0.1060107122046843
452	456	0.1411581670016684
452	495	0.14024588736339927
452	791	0.14020909347539812
454	725	0.11219640957734221
454	766	0.11437277927864899
454	986	0.10819628784986934
455	649	0.12797990713697796
456	733	0.14067292291265665
456	759	0.10607267143851429
456	791	0.1113033419487422
456	926	0.11030328084389301
456	946	0.2386024354809098
457	791	0.10613866450016288
457	954	0.11375009242267722
457	972	0.2839472022243961
457	978	0.16147421920010963
457	980	0.16681857922642845
457	988	0.11946046816272211
458	524	0.12611837319533795
458	584	0.12379249532029166
459	761	0.1293537540593606
459	966	0.10636603265527858
459	976	0.11323544508548229
459	978	0.11094527852931767
459	988	0.19169424151404862
459	990	0.11628723772886923
459	992	0.11368168319117224
460	470	0.1065428556043034
460	657	0.16204214347657395
461	470	0.11702515318299835
461	703	0.10684881093970426
461	726	0.12204058262395127
461	839	0.11699563867104841
461	958	0.10155491615318726
462	464	0.4826701447485773
463	591	0.15045356549185795
463	776	0.12845305045356978
463	781	0.15231378736762566
463	995	0.11092805784091223
464	736	0.12720257030932106
464	879	0.10221803222375671
465	474	0.20786106811778465
465	476	0.10748392965320473
465	496	0.11852202261739456
465	603	0.15562827191695242
465	705	0.1572517372081391
465	841	0.1306729365809873
466	839	0.10555705963139282
466	893	0.10447805819045641
467	695	0.10500284811833727
468	488	0.2721409336793399
469	579	0.11424102777035378
470	637	0.11692650633566383
470	679	0.11736958568951425
470	726	0.13627520479521305
470	951	0.1294476173023339
471	481	0.12168425282472511
471	856	0.10480703429652637
472	547	0.11857367734410161
472	585	0.12400315089418422
474	476	0.12374225468226961
474	839	0.13774691473757855
475	749	0.10222190966798722
475	801	0.15564492289458462
475	975	0.10223806100242704
476	478	0.12626472423139196
477	876	0.11560977622691089
477	968	0.13442437107899943
478	482	0.12855904942433113
478	797	0.14775085978547575
481	523	0.12848185282712743
481	605	0.11573849512509199
481	623	0.10321849765636963
481	625	0.10934529960958564
481	654	0.10649871208926821
481	974	0.10164057344448874
483	686	0.10688849162181467
483	784	0.12382580445252421
484	495	0.12063894788744034
485	681	0.1252600357046053
485	893	0.10033243418653191
485	895	0.10034614921324472
485	955	0.12120663955508286
486	867	0.10428734686792256
487	867	0.10696961097838623
489	648	0.10384858843326185
489	972	0.13624396437839126
492	510	0.178942594314214
493	711	0.10292164624864357
493	805	0.12108275266840897
493	812	0.1205414784787222
493	897	0.10037129839931698
493	902	0.10186792967131941
494	548	0.10203388339297961
495	603	0.10513692544797053
495	733	0.14265539643467975
495	784	0.17589539347954647
496	699	0.11287426661329975
496	723	0.10448749210889248
496	852	0.1217374727742372
497	654	0.10749653964667329
497	655	0.10994755897394708
497	667	0.1280994647072952
497	878	0.10883766150938629
498	713	0.101283091321626
501	617	0.2225787403100962
501	749	0.11896815683858446
502	506	0.25961442760925313
502	740	0.1165747433757191
502	852	0.10074769561337084
502	853	0.17816784706217323
502	955	0.10356190003894584
503	800	0.10798457828415374
503	922	0.16920854451222295
503	926	0.1937197731737906
504	836	0.1077833722560599
506	538	0.1416678709913512
507	720	0.12428234740969994
507	946	0.14726641196151405
508	514	0.1000376800157355
508	591	0.18562195392774553
508	609	0.12881572889789547
508	893	0.10157379895041618
508	935	0.14556399812705678
508	979	0.1811796288886647
511	724	0.11037034055085596
511	869	0.10116872288806393
514	875	0.10555149936176911
515	517	0.4165518528594014
515	609	0.12557040631101077
515	613	0.10225535222405276
515	672	0.12700338832942046
516	520	0.27705053293462945
516	526	0.2503803437269421
517	519	0.17786914939750587
517	521	0.18552272852211332
517	772	0.10937941969666959
518	524	0.17810016393768965
518	797	0.10295188045071506
518	905	0.14635468522041076
518	979	0.17141821466483617
519	985	0.13669436313701058
520	526	0.17092783813675322
520	745	0.1032700332943842
520	917	0.17398940758913495
521	772	0.11797654324184975
521	807	0.11548320642402765
522	532	0.10125236258521986
522	596	0.13134519438193967
522	663	0.10773401420285263
523	855	0.11932368026504207
523	971	0.10321622025411092
524	544	0.12487845239421243
525	831	0.12099031416088925
525	841	0.1382401673728578
527	639	0.1121426634896493
529	629	0.1051152553247357
532	768	0.11938225616806913
533	866	0.1571240100942385
535	574	0.11869355517208947
535	966	0.11492835282915241
537	932	0.10100650445380181
538	991	0.14688611654437428
539	665	0.12987179116844394
539	736	0.10585119442990716
540	545	0.10098525694211823
540	564	0.10021989299060549
540	959	0.10930116508577563
541	793	0.13877671530850363
541	945	0.13382566796590054
541	972	0.12196760445751977
546	569	0.10355446066051353
546	573	0.11081960784487535
546	831	0.11031099935689745
547	845	0.12052122144469787
548	670	0.10075600380813478
548	937	0.1463754128541424
548	973	0.1410954777589432
549	651	0.2043865071592373
550	958	0.10075687292784315
551	744	0.18925060400759236
552	602	0.21013878799896157
553	834	0.106140365226851
554	556	0.161190716273389
554	604	0.11904349076025308
555	828	0.10037050639599304
556	558	0.1442497973573407
556	592	0.10136225665066
556	745	0.10944655082221706
557	790	0.12726718651372504
557	798	0.10710044669077756
558	560	0.21228194491397176
558	677	0.1512102487982179
558	842	0.130007630380089
559	970	0.13989100728404202
560	586	0.10531881334516667
562	784	0.11325183326634283
563	793	0.15166892267022572
563	812	0.10506337892815765
563	987	0.10648982037496557
564	566	0.1657803665536164
564	594	0.11690635922379924
564	923	0.10262268144513045
568	586	0.1677832458702921
568	608	0.12615383017749002
569	653	0.13503821687135872
569	704	0.16413169122774995
569	863	0.11107124398663792
569	883	0.11647508041129558
570	574	0.15108623933492138
570	847	0.10978356340465102
571	589	0.19252754517742238
571	646	0.1389694437015131
571	789	0.1274929444567682
572	860	0.120068878155402
572	871	0.17002326250328006
573	595	0.10533626496267519
573	707	0.11025599703748605
573	784	0.11370906130559828
573	827	0.11400747778607048
574	578	0.1200881304522802
574	704	0.2609825617059807
574	863	0.10979830826359116
574	919	0.1286072742019972
574	974	0.10965418443849259
575	705	0.14182362069415097
575	723	0.11283994851481027
575	817	0.11878749649656332
575	827	0.11073879284528668
575	889	0.10249885502358318
575	972	0.17525995256745033
576	696	0.12086159136514996
576	705	0.11135762983091665
577	787	0.10602802295690364
577	870	0.11585515418281045
578	614	0.10601871776347917
578	919	0.20929584862655448
581	595	0.13600537581696676
581	959	0.1395286372819977
585	590	0.13800154192568467
585	726	0.12300359618718
586	602	0.13825991033756996
586	608	0.14263026349297325
586	610	0.11760269463300675
587	799	0.1277363662205235
589	633	0.11421591954041134
590	594	0.10354498665023783
590	728	0.10512837141417389
590	779	0.10608613638060563
591	759	0.17108730777763986
592	919	0.12242376893585402
593	879	0.20418284841801343
593	917	0.15392691605077746
593	937	0.1023259760509284
595	959	0.17559121221261176
598	613	0.1005946088322855
598	646	0.14056052934890514
599	619	0.10791796356789429
599	623	0.14773126769482509
599	824	0.1179857654588261
599	834	0.10139813106736413
599	949	0.10147213969551319
601	868	0.10619496116053648
602	606	0.10409899871607291
603	632	0.21256803645119743
603	776	0.11509460573519563
603	990	0.10904563813020121
604	608	0.4795690682339186
604	699	0.10522499351277315
605	663	0.10107416547428201
606	610	0.13096510696415262
607	609	0.35748095910231414
607	698	0.11695891092752239
607	856	0.1079721863482633
608	779	0.11625363206765946
610	704	0.13227501112059717
611	757	0.12099424326941444
612	661	0.14123979427488562
613	976	0.15373749240876233
615	989	0.10851950638863368
617	739	0.10339337625769544
617	916	0.11906451238563305
617	926	0.1141872588878008
620	624	0.554781145214773
620	650	0.15048592552065793
621	623	0.17203303156059474
621	910	0.1149289409589104
622	624	0.10237371061829054
622	632	0.11591178631177647
622	644	0.22941083835976922
624	628	0.28175325366668225
624	644	0.18290004329517254
624	650	0.17700654726495427
624	763	0.11482818115077272
625	741	0.1010672484446711
625	856	0.11868504858547922
625	912	0.10378865194768616
625	945	0.11690462148638658
626	628	0.4241244925960741
627	793	0.10490371767015647
627	976	0.1451812758621192
629	707	0.10801908734486589
630	674	0.11465722774460031
630	778	0.12758750751362513
630	803	0.23747497298413406
630	864	0.12531066774432748
632	634	0.1396296024935208
632	640	0.10066245005634666
632	656	0.1560261347996841
632	676	0.12583301291656168
632	988	0.11132775738754386
633	725	0.10621420566146476
633	780	0.10557886702115822
633	945	0.11779821126353332
634	931	0.1092597531015096
634	968	0.14172737831948704
635	924	0.10344667996686599
635	960	0.11472238156836648
637	645	0.10710557732071728
638	675	0.10373778892237696
639	778	0.10533432102782289
639	788	0.2344124870388082
639	792	0.11517902453885458
640	850	0.10209914205725837
640	853	0.10768400983710566
640	945	0.10352241815966451
642	644	0.1140815397241301
642	763	0.12101581239058382
643	974	0.1262931318766519
644	672	0.10317680593778686
645	720	0.16621111420650145
646	648	0.12067155763763279
646	672	0.1156293233561253
646	851	0.11327331290319993
647	867	0.15131860453566193
648	672	0.1188581724253965
648	741	0.10623948628366306
648	827	0.12477907703377089
649	712	0.11104483714533618
650	652	0.19040449292146125
650	763	0.11025873014236469
652	654	0.22289623112945814
652	670	0.11233614914268947
653	711	0.11651076013677619
654	668	0.287187240133586
655	799	0.13243455000456716
655	993	0.12903260640417438
657	867	0.13044158008906295
658	887	0.14091081409014045
662	803	0.12803297898914937
662	808	0.13862327385044745
662	814	0.11013996055375734
662	930	0.1637413128090637
663	821	0.11190926944373174
664	679	0.10085985600520024
664	772	0.10310119499864842
665	873	0.10206403509647996
667	799	0.1079959550621872
668	670	0.10547301030415243
669	808	0.12534473724621548
669	814	0.1323870357114642
670	673	0.10661568293986108
670	699	0.12361339236599483
670	793	0.11462819872608912
670	961	0.10506623533018222
671	978	0.10949527395120183
672	768	0.10381741481619733
672	891	0.1383314246074733
673	722	0.11879596897895293
673	970	0.11205926016220061
676	833	0.12249817419977452
679	797	0.11913916271321243
680	696	0.1387277042943592
680	871	0.1421564735830263
680	988	0.12305607371615487
682	724	0.11609852925069807
682	820	0.1410873749090263
683	842	0.1710867239703348
683	854	0.12021464721659267
683	874	0.10823329324364352
684	698	0.12011551203680984
684	732	0.13146458692632423
684	889	0.10058241149439268
684	972	0.14490920409514782
684	980	0.14162234907143997
685	889	0.10465587873912056
685	973	0.10091613561529167
688	704	0.13548600570520913
688	732	0.1034290611211108
690	707	0.11467022676535574
690	716	0.13066466705514496
690	899	0.15972476220904028
692	705	0.11129391640362529
695	697	0.15718798404031298
695	833	0.10320113185646393
696	710	0.12020367677315032
696	847	0.10253503840187192
696	984	0.10249521736521454
697	977	0.10999119101626181
698	702	0.10444838052487325
698	705	0.11126045382331505
698	718	0.10329882127148576
699	961	0.13577770709430484
701	975	0.11467472906289534
703	953	0.10064956946162786
704	847	0.12040611315451384
705	739	0.10265264361600046
705	955	0.13823490290479612
705	972	0.2296265740332585
707	921	0.12767217775115816
708	793	0.10005944584506972
708	897	0.13121253024910293
710	847	0.10782583210831645
712	714	0.11645276861244223
712	761	0.10298940187196112
712	982	0.19138850280216607
714	723	0.18086105149129691
714	982	0.10300989486672904
714	992	0.11877639941689097
717	985	0.10892486996582504
718	726	0.14320476185971712
718	951	0.1719984152788604
719	838	0.20911598232246584
720	740	0.11004111721838057
723	858	0.10119574262537301
723	982	0.15104185882111762
724	730	0.11679162646481706
724	736	0.10676185054841018
724	879	0.1139631931146319
725	942	0.11061639788048971
726	728	0.10742695508212458
726	730	0.12884382627225902
726	732	0.1380731361579929
726	951	0.10603257110634581
728	987	0.14212615212042548
729	830	0.10133035693698529
729	981	0.10529228426896434
731	862	0.13423699210819567
732	746	0.10700485497036077
733	740	0.12530411989991463
733	808	0.14220205327287194
733	828	0.10248034885629466
739	854	0.11848730831311166
739	942	0.11575919053393044
739	985	0.12306399266426912
739	988	0.11083785639455107
741	778	0.14013184826336397
745	792	0.10140917299087773
745	808	0.12218811535527375
749	810	0.1566754253976847
749	949	0.10318109622649205
750	890	0.11744707006534899
754	760	0.1741174169854854
754	764	0.10780364365928836
755	792	0.1093373058645124
755	858	0.15273591275820889
756	997	0.1527101089961957
757	941	0.12422350651641366
758	774	0.13499392366510465
758	814	0.13136136375515214
759	791	0.13138917353924753
759	843	0.10795012458178996
760	917	0.14469715111404602
761	962	0.11238163125255521
761	968	0.14386579299012864
761	982	0.17415636054381822
762	897	0.12445522512503195
762	918	0.10065385145101775
763	960	0.15342738631638103
764	917	0.11081156403297032
765	856	0.13809408501633605
766	986	0.11882281990960614
768	813	0.12291920318632904
770	774	0.2984536979821669
771	824	0.15337778052903753
772	807	0.16223654235304946
772	833	0.12315055876505898
774	984	0.11421050414389451
776	926	0.10579875278668226
776	949	0.11093818196688177
777	845	0.10127500928917506
777	930	0.1281559570563919
780	790	0.1835686128438941
781	884	0.10147202798590012
781	926	0.12713696054297394
781	938	0.1041301849873977
783	866	0.10719181470630403
783	931	0.12948330540084266
784	814	0.10887330683533682
785	949	0.11386183320081351
786	909	0.12538957024932926
788	794	0.1313808438450955
788	818	0.11248041378428168
788	949	0.16976968011139365
789	958	0.11005263936179815
789	975	0.11438682354674438
790	792	0.1661839030478652
790	821	0.10276178758754219
790	909	0.138885824153719
791	821	0.11117911564739008
792	796	0.11640672394363998
792	960	0.13373797047205235
793	799	0.11594575099518321
793	814	0.13037942638062894
793	961	0.1788184181386184
793	978	0.11090807447556879
795	961	0.13650785003241353
795	976	0.11590699728005753
797	905	0.12363676086797885
799	955	0.10597714029456953
799	969	0.12523848463057147
800	820	0.10033497404528795
808	987	0.23292893562918826
809	987	0.10159782006800992
810	814	0.12400033997986012
811	957	0.10090854737530394
812	816	0.14818990257428558
812	830	0.11599561509007009
812	909	0.24282908079571536
814	930	0.1148111169216862
814	961	0.11005667775603728
814	987	0.17536936126195307
815	864	0.12289113299858069
816	818	0.2571087755852837
816	909	0.1529352916726687
816	953	0.23819430787955348
817	833	0.1143730679590175
818	828	0.10629877670922667
821	826	0.1579851152126591
821	879	0.10743581451862094
822	828	0.12029053032614431
822	936	0.11313754833040994
823	971	0.1102988196527433
824	995	0.11368022644688203
828	834	0.10814370905210728
833	916	0.11177500594343308
834	836	0.19723227296242835
834	853	0.163740880178045
834	927	0.20307950477511982
836	914	0.16349961075626798
837	975	0.1076230971459895
837	986	0.13808639212814067
838	854	0.1045048275174964
838	872	0.10550531521624923
839	862	0.1001900507852716
842	886	0.11428775365968709
843	868	0.1621252731098187
843	871	0.1519372703638007
843	882	0.1243964074515181
848	992	0.10658411503996204
850	855	0.1218496043565087
851	923	0.22039120057373401
853	921	0.10450693150964063
854	862	0.1152074080413812
854	872	0.11544005409097255
854	880	0.10002750112955341
854	886	0.17303123641941964
856	858	0.2054283015161955
856	868	0.10101325512340023
856	912	0.11871686918583103
857	955	0.10267254819148966
860	937	0.11582381928546494
860	979	0.10295421339592822
861	927	0.115228312466294
863	993	0.11245740104879831
864	867	0.25841774588108135
865	872	0.10327531975614491
871	900	0.11458590137069591
872	886	0.16518906923206741
875	955	0.1334286728571426
877	889	0.1432266614776731
878	920	0.10993021572822252
879	930	0.10647130566761923
880	886	0.17074134571641605
884	998	0.1860359877766033
885	923	0.1433045218916481
885	975	0.13311825172438613
887	942	0.10978929769752929
887	958	0.11386541851616735
887	990	0.10052415506665775
888	904	0.15465635097057565
889	902	0.10280499395932238
889	972	0.14752130933295854
890	892	0.15441281095255707
891	904	0.14412986030414615
891	943	0.11247982724087192
892	894	0.3849173712715376
893	895	0.5008010980622181
895	985	0.13049517519369616
900	910	0.12285261662557709
900	937	0.10865662474750859
900	982	0.1350177037351654
904	938	0.1290728003699279
905	979	0.11614315234599136
908	945	0.13374714969326823
910	920	0.11677507411010093
913	938	0.11207128908781322
914	967	0.10487167673550618
916	926	0.12686673910140106
916	943	0.10586908935755354
918	926	0.1165409775866179
918	930	0.10377881598819341
918	941	0.10949136147056346
920	943	0.1050942517842009
920	988	0.12386890010309043
922	926	0.18328624825680145
926	941	0.10276204049551214
936	938	0.12594162924519106
936	941	0.13184359833292086
940	951	0.12741379340898876
941	951	0.10703674593007026
944	948	0.10313825621094971
945	976	0.19527346220493372
945	982	0.11093646274720027
948	960	0.13408899684082973
950	954	0.1293837228705605
952	954	0.11299443544346785
956	984	0.11067830360897872
956	990	0.10500803957888025
957	989	0.14865985835299778
960	980	0.10250395432416014
961	964	0.11430722070607488
961	978	0.10679094620708163
961	995	0.101248652957252
962	972	0.13080602684376447
963	991	0.18099179182152028
966	988	0.10283797451743325
968	980	0.13150147476864793
970	972	0.12361962298126308
970	974	0.24919576402625837
972	974	0.14294430402968097
972	978	0.12245656697876312
972	984	0.12238191386729838
972	988	0.10303923798680703
978	990	0.11323182374618229
978	992	0.1521171716422544
982	988	0.11745788945532573
982	990	0.1612770815075395
982	992	0.10982949868644148
990	994	0.13109564384885516
994	996	0.1406767277892894
