0	4	0.10376259549437464
1	38	0.12598181297264033
1	964	0.10049513898077725
2	16	0.10046457829763156
2	691	0.13997582591085103
4	691	0.16212993645720805
5	274	0.23510657464956072
5	867	0.10253699992519723
10	54	0.14609048924202211
10	422	0.10504426926123726
11	848	0.1049468118994751
12	219	0.10634980326550042
16	963	0.10358327786684539
17	978	0.1452321296516001
17	988	0.1502486390948894
20	255	0.16334796799381102
21	143	0.10602803508582924
21	514	0.10885475939198688
21	538	0.10131088313923586
21	984	0.12202992098302835
22	439	0.1033138954466822
22	609	0.1013642365721538
23	255	0.11507837423663639
24	106	0.10748895999472848
24	515	0.1011423255260658
25	715	0.11217091329081538
26	525	0.11983109049491691
28	549	0.14365721184886532
29	172	0.15468142495419843
29	497	0.10513688840213693
30	141	0.16239721809599186
30	282	0.10310686970321664
30	398	0.14719903371517667
31	652	0.12648927738690804
31	677	0.1043924371493249
32	398	0.10300907358032527
33	514	0.1022186189961739
34	253	0.10500951881300175
35	211	0.1054300730876474
42	179	0.10719974574179542
43	808	0.129138240952993
44	48	0.22559001841132986
45	788	0.11779064523044436
45	794	0.10321965211274382
47	174	0.13740070589466036
47	385	0.11012444008045855
47	575	0.11574742924887339
47	625	0.143890334231058
48	110	0.10181144238223651
51	571	0.11586529529812943
52	493	0.10843868980702302
53	670	0.10494862030351382
53	935	0.1358556133677
54	229	0.122165949299734
54	807	0.15808678438032356
56	515	0.10370637369383566
59	299	0.11078310368240316
59	447	0.11443027661035163
60	427	0.11086307628923674
61	238	0.13023498486167223
61	336	0.1324109948731682
63	65	0.15706506751543026
63	893	0.10846881553271877
64	820	0.13965529541064112
64	931	0.10777350829947034
64	977	0.14700567760194208
65	215	0.1038683465462583
66	68	0.19245803587046642
67	565	0.10757029508797211
69	447	0.10352519151039882
69	591	0.10955107357612785
71	237	0.15824575321545195
71	269	0.21533027788087442
71	527	0.10284293139682954
73	272	0.10159825156317098
74	241	0.10000960957855562
76	503	0.1007791021637837
76	697	0.10906648097632801
77	906	0.10583218704095763
79	81	0.18618433799402306
79	816	0.10865411801781237
83	617	0.13971471264887575
83	988	0.1067211392040522
87	97	0.11528480871490221
87	270	0.16892087770040096
87	727	0.10502141181428881
88	94	0.3588582173864865
88	96	0.10895229368225226
88	108	0.12209502466703293
89	265	0.10274005354032553
89	402	0.16114428362220648
89	416	0.15706046715918293
89	864	0.10529462314963987
92	108	0.23126214930986388
93	555	0.13156432079339725
93	739	0.11822495749517371
93	814	0.10312420657088886
94	96	0.12722258584173732
94	98	0.1229710894493391
94	957	0.10586965895908272
95	263	0.11420453016487096
95	601	0.10002731840802052
96	100	0.17494270198051654
97	274	0.10235263808701876
97	939	0.10017412093657715
98	106	0.1715648656935895
99	595	0.12666348408652547
102	104	0.1174432063718516
105	603	0.10113003271065958
106	108	0.16247606275584528
107	366	0.1580595521422287
107	638	0.10865307096417276
107	797	0.10179551031114656
110	811	0.10072780209077618
113	322	0.13541124606273672
113	567	0.2405571864145531
115	609	0.11783042037136157
116	204	0.10302929610717208
117	757	0.10062651431532536
119	608	0.10048895308449854
120	126	0.10533239501625816
120	144	0.11835153173130221
121	603	0.15090933808880921
121	677	0.1222203762649378
121	678	0.10452460567462588
121	732	0.10644177981687422
122	124	0.10783002553851523
122	208	0.10263519067914328
123	816	0.10769676551548198
123	821	0.16332837691257046
124	126	0.3747039420548561
125	826	0.11383296378275327
127	169	0.11453580962884972
127	786	0.14984641881309949
128	491	0.12523038653679922
130	144	0.12678869750900498
130	168	0.14504930485887157
130	491	0.11606141397824607
132	430	0.1039533205495118
136	172	0.10759648335254299
136	197	0.10334889659517663
136	220	0.10200644950902643
138	974	0.10227736790542373
139	198	0.11596070454395678
139	649	0.1260076454708568
140	537	0.10081746976749938
142	989	0.11081591054829368
144	196	0.117733088887156
145	855	0.12248631585828396
145	968	0.17646973210046923
146	151	0.13417041701903568
146	839	0.10644542436130709
146	871	0.11171534966202949
149	571	0.11446650402693864
149	636	0.1554307218975538
149	650	0.11181829447011744
149	972	0.14696658686659125
150	436	0.1477957722323694
150	799	0.11664967119146541
150	969	0.16117986774114254
151	398	0.17181630852340937
151	452	0.11240946469602159
151	603	0.1041419948889678
152	155	0.1031422655158043
152	640	0.10083094304658649
153	751	0.10710489815732664
154	158	0.16297314909769667
155	321	0.13268086799477075
155	557	0.10433195091271316
156	214	0.11881435156831446
156	231	0.1700379774233276
158	863	0.11542886610917795
161	561	0.1416209459597581
162	200	0.10292261512078232
163	543	0.11530435718236008
164	563	0.10785372220965175
165	283	0.10017214144334152
165	936	0.12359961439763724
166	174	0.15182923156531264
166	204	0.11340007348745047
167	804	0.10541602235415615
169	714	0.10926092056673746
170	174	0.10441910700500856
170	587	0.11217762126677062
170	989	0.1232084508772753
172	174	0.17542930279797173
172	204	0.14274535238191585
172	491	0.16872855706337297
173	634	0.10437045342712266
174	197	0.12132561860241173
174	296	0.10192153963680721
174	491	0.10179387849051455
174	587	0.17189189252908493
176	197	0.21122449434660798
177	444	0.24349805511652084
178	193	0.15712171417513024
179	367	0.25091468421733737
180	200	0.13774019212179753
181	431	0.11374958352756072
181	905	0.11925420115609717
182	194	0.10950666285937917
182	751	0.1339788814519745
182	791	0.13339060670735126
184	413	0.10370540336301377
184	502	0.1770512495119125
184	546	0.1606370489185318
184	834	0.15271926321351006
186	202	0.11237829274739095
187	310	0.11062332540032357
188	221	0.15090193276459296
189	872	0.10904634845121387
190	637	0.1238824828116734
191	222	0.1016659469230537
192	669	0.12568683566873645
193	915	0.10148348898916534
194	196	0.1262098711121002
194	198	0.18530196258908208
195	541	0.10373563970547
195	623	0.14701809538876254
196	198	0.2523816987209058
196	200	0.27144612304433835
196	344	0.10414283248069058
197	790	0.10809208367609358
198	200	0.11461262797444065
198	491	0.12509099607256918
198	809	0.15183100589522974
199	205	0.1395447284456022
199	247	0.11214389948331828
199	943	0.12320016416756542
201	786	0.11264652858052591
201	798	0.12226860630647529
201	810	0.18054936233864513
201	822	0.10241044073578301
203	290	0.10405897642955578
203	463	0.10581651101215624
206	220	0.10464719400666113
206	497	0.12269230191934671
206	799	0.10548782381491585
206	907	0.12333936712749814
207	429	0.10522652180447599
207	830	0.10082906072052797
208	647	0.10598823773968773
210	497	0.10315788683779892
213	215	0.11518915603942083
213	598	0.11501041066788029
215	958	0.1637438200244839
217	284	0.18506666199617997
217	379	0.11468164243432846
218	307	0.1132205552326639
220	747	0.10476171623806031
221	587	0.11414801045325831
222	224	0.19755126342279375
222	655	0.10214590522379624
224	509	0.12719673807279774
225	547	0.10435083797953648
226	228	0.17143365514488618
229	517	0.1362530240654406
230	232	0.10098593543508856
231	233	0.24659494463446885
231	589	0.12884897266893514
231	730	0.10047501586437949
232	401	0.13118507328242354
232	719	0.1533537492046069
235	891	0.12342357796433498
235	914	0.1808898942768898
236	244	0.16632870040298386
237	595	0.13580356861730775
238	244	0.16715012545340174
238	312	0.11074093019484785
241	573	0.11301635516604529
241	579	0.11092538554923624
242	244	0.13983125021175916
242	248	0.12624620053200997
242	312	0.10454275298764569
243	930	0.15511686677133552
245	987	0.15235594859621232
246	693	0.10619779514219263
248	254	0.1108931109936919
248	556	0.13099700233001876
250	350	0.13554746112005625
250	677	0.12597929815020995
250	688	0.10948410915232819
251	888	0.10935826854400137
252	756	0.10833941396460539
254	266	0.12206144783998199
254	268	0.1217510637186186
254	323	0.17255023921891366
254	374	0.11389905315984664
257	259	0.1357045752681834
257	370	0.10279709853712221
257	575	0.10187606087283521
257	716	0.10862193384581283
258	913	0.10506584091411836
259	666	0.11463121848343123
259	675	0.14942292379650796
259	814	0.11666717470180071
261	360	0.12874747059885172
262	332	0.1531996338386484
263	601	0.10798886111714376
263	807	0.1253394463143006
264	373	0.10515983022458904
264	613	0.12008236535904396
264	677	0.11365363104450865
265	864	0.13236935361778404
266	368	0.11187098520733135
268	356	0.11615097002363621
268	593	0.12543297812089343
268	889	0.14844883183021582
270	970	0.14244744410779803
272	916	0.10104204470526393
273	603	0.10648945549519297
273	623	0.11169946318772886
273	627	0.10740161066184785
273	981	0.1367425095453333
274	382	0.10165126635952676
274	421	0.11998136254944759
274	729	0.11085670334992183
275	442	0.14810531003889918
275	456	0.13304941502226544
275	603	0.1134853289226479
275	657	0.17852928093302506
276	729	0.11101062152314839
277	600	0.12257650803610179
278	866	0.12289325711148343
281	975	0.10781405933569209
282	398	0.10728049047028394
282	793	0.10306891750021321
283	364	0.11125401811812409
283	376	0.10487672417686196
283	991	0.11045473060449275
286	306	0.10585590908909354
286	312	0.12583193291531908
288	537	0.12574192378932056
290	292	0.14097812641429674
292	294	0.15602487878348795
292	633	0.11098826899782281
296	991	0.13074153346946835
297	892	0.11589262025014947
297	893	0.1126601054061193
298	334	0.12171173569021361
298	613	0.1036942539598831
300	302	0.2545563403810321
300	340	0.10122447876486229
300	677	0.14825446037005327
301	949	0.15839157203684087
302	360	0.12490894914369748
305	720	0.11889263055726475
307	553	0.11421292617061872
307	826	0.10918869279244069
307	836	0.12331954401451728
308	729	0.10889968706141426
310	320	0.10578481608867367
312	326	0.12468499944617042
312	457	0.16967482268993764
314	320	0.13343850987343991
314	685	0.10055645625386336
315	658	0.10773265448285367
315	708	0.10753781572699596
316	332	0.11913270899020635
316	991	0.1101298006910456
318	958	0.10830017595624268
318	995	0.2501760266295321
320	385	0.1083437093332882
323	423	0.12473075945139776
324	899	0.12210100988819647
324	995	0.10362972727454953
325	556	0.13993173056084635
325	584	0.14628441745254792
325	602	0.1351601872544677
325	779	0.10536669429666791
326	330	0.12718265392748507
327	370	0.10506857368267633
331	479	0.29774005344159293
333	746	0.22153998132941152
333	811	0.10608710870729476
335	634	0.10489848577676934
335	664	0.10954154729153835
338	963	0.11885042301528535
339	777	0.1140888987557028
339	913	0.10607926821201873
342	678	0.13948477385905442
343	973	0.11129223905634854
344	530	0.10147390553835521
344	685	0.1167643044235494
345	916	0.11572537366647997
345	995	0.12362312457240725
347	595	0.12752753992874458
348	373	0.14289374479931843
348	463	0.1086463198899156
348	623	0.1028443717740792
354	664	0.10680129723089506
356	633	0.14020597000996518
359	463	0.1025111071478438
359	633	0.1413636836744226
359	995	0.10829859023852408
361	839	0.17138128258631435
362	767	0.11205759128270829
364	423	0.15266784107839243
368	423	0.12391708664697265
369	677	0.1036640186599698
372	674	0.1785548420394876
372	763	0.11399096871779273
374	423	0.16589898812292905
374	877	0.1417680730343059
384	458	0.1992376638827304
387	784	0.12682866757629965
390	392	0.1073109831811721
391	393	0.1322764907952256
391	909	0.11306991974115058
398	404	0.1331748155390507
398	468	0.10162489610369065
398	621	0.1239251252709792
398	627	0.11615118856907754
398	647	0.10162234709541003
400	406	0.11004511005730432
400	418	0.12157723346491639
400	638	0.10188943677726436
400	647	0.10092978358842472
401	834	0.13626972141825583
401	853	0.217517248382667
402	864	0.10070499302915896
404	422	0.10223767511858883
404	438	0.10411034286959477
405	505	0.1736621062430892
406	964	0.10097372028013533
407	854	0.1132650987467345
408	797	0.1353026509056694
408	867	0.27896734553584146
410	465	0.17855099364742882
410	723	0.14971020230840973
410	964	0.10049472371284897
411	671	0.10860519901113022
412	414	0.11523907340508147
412	839	0.11611068347342449
413	461	0.10138148594557728
417	975	0.11263281112470928
418	495	0.11679541202113423
418	657	0.10279194472544707
423	877	0.10783980864638455
425	984	0.16766460824476753
427	515	0.10674316424309059
430	464	0.1200266212247045
432	893	0.12462316250992564
432	927	0.12896774767119973
433	722	0.11420464084328404
433	951	0.129575472381305
434	468	0.11955288207340405
434	474	0.16997942922973075
436	460	0.1130317955517072
438	866	0.14128693798366546
439	691	0.10875682019807677
441	980	0.10307318190624995
444	547	0.15085414168600392
446	448	0.3658339574104975
446	450	0.28201953569034843
446	547	0.12206710110063812
447	449	0.29330533331159714
447	460	0.1521579049387522
455	684	0.10331759934965443
456	815	0.11606364149838318
456	946	0.21333964878308295
457	459	0.2525407737454425
457	960	0.18920274902463546
457	976	0.1571357979193534
457	988	0.15824373778486
460	657	0.10052487557313723
462	470	0.10866491137664422
465	603	0.10408801707981208
466	839	0.11563532807575742
466	937	0.1017446980448958
468	470	0.13869870887730343
468	488	0.12151741649885583
468	839	0.11215115947158837
469	951	0.11797516455039903
471	822	0.12229171669685023
478	603	0.10361507192560551
481	778	0.10684881792146426
481	791	0.11421945373413839
481	833	0.1193224595279385
481	844	0.1229484645953211
481	992	0.11038642136075535
482	845	0.14087971532504645
484	578	0.10574629454730972
487	919	0.10678095726416588
489	648	0.12658428074053726
494	520	0.13608190756141034
501	617	0.15616227604425273
502	546	0.12966329527221623
503	926	0.3103079591744838
506	787	0.11026983260499976
508	591	0.10091332903347212
509	943	0.1170364281543742
513	665	0.10590275415562078
514	518	0.1340363006899933
514	520	0.2840742914516919
516	760	0.10403162899726753
518	524	0.1332052923448964
519	772	0.1736666603074271
523	962	0.35525807660230585
535	995	0.10207091784070353
537	848	0.11417773659535438
541	621	0.10035912773554169
541	962	0.11683587602840036
542	545	0.12447722334653387
542	601	0.12040050918404954
546	705	0.15629401485865504
546	910	0.10344232508607445
549	650	0.12592065177617345
551	583	0.18174581398017534
553	555	0.1302902994660714
556	584	0.13391338240767703
556	610	0.12541668999501834
558	560	0.1678319113812634
558	602	0.1020032904186891
560	586	0.10859838094945551
560	715	0.11740130668184068
568	584	0.11804050061986833
568	608	0.10510393366936363
568	919	0.1507629883793557
570	787	0.15064425881885926
571	573	0.27056090990826304
573	575	0.16529218769138176
575	576	0.1070659704696866
575	796	0.10364476237285121
577	704	0.10186617917469491
582	971	0.11139228429165011
584	610	0.11323039499903366
587	655	0.1277228886149838
589	698	0.1038301556104432
589	773	0.10197484306128288
590	592	0.11204067508886645
591	799	0.11026197972024317
592	602	0.18864094852745175
593	710	0.10560840618770166
593	855	0.1079477187045139
594	930	0.10960396802937862
601	868	0.10958178318528873
603	653	0.10235901007472684
604	650	0.10905212952407557
607	658	0.10016382377880755
608	654	0.11343906086310326
611	867	0.11201638304421029
617	780	0.15784140740211533
620	656	0.1003012489568088
621	623	0.17403315097524236
621	627	0.20895045959235084
623	625	0.33186682397425715
624	628	0.13149634065658938
630	634	0.10642908934547003
632	676	0.2085854005959607
634	664	0.12597048853166648
638	797	0.13219300944615314
638	803	0.10251889480947197
640	850	0.13315140450965707
646	775	0.10054920782821483
652	670	0.10632458164121214
654	658	0.1011189029020948
655	863	0.11046337308690575
657	719	0.10992782919340309
658	803	0.14023214430917125
659	748	0.15862139011967932
662	664	0.15593538036422305
662	862	0.1017254178423778
662	930	0.14269156869824373
663	668	0.11374355566048647
663	777	0.1289659281503159
665	773	0.10740429409698121
669	796	0.12415639775231169
669	810	0.10421237009888791
669	814	0.11204131974364719
669	816	0.17367698155891964
669	822	0.10132157681379403
669	826	0.1164143107675066
670	887	0.10351891756762932
671	796	0.10136487762424458
671	945	0.10017433419184855
673	901	0.11599140627656752
675	804	0.12290737204361336
679	815	0.13384110601856486
680	684	0.12058079556366239
683	840	0.11665429347097322
683	882	0.1165289437865521
688	704	0.11533479143977628
688	976	0.11133029385033076
690	844	0.14491336067731164
696	984	0.13343998531106432
698	702	0.10980389493836817
704	728	0.12512314852826703
711	907	0.1278409004199541
712	871	0.13794708045202836
714	741	0.14933394365259595
714	860	0.10868009597214655
718	951	0.10304147739597916
723	858	0.11041824951339445
729	995	0.10942887753963977
733	812	0.15922013195860701
754	756	0.12801660454824412
755	796	0.1274923452783827
755	821	0.11058546332126468
756	760	0.10134821105337091
757	861	0.1991806918598385
758	776	0.10586810732749197
761	764	0.10504438884696773
768	776	0.1433303727214938
781	858	0.12646189196042223
781	912	0.1606976478902634
782	792	0.1090231728456897
783	865	0.10055333328205303
785	916	0.10059903474655442
790	792	0.2662709651924293
791	844	0.11889950299803143
792	824	0.15610570757876602
792	969	0.13840425738813678
794	822	0.1085281512495084
796	828	0.10193771551918361
797	887	0.11792610566949313
804	806	0.14186941607415626
808	822	0.10338108846809563
810	812	0.13258558432338827
810	818	0.18463969559009785
810	821	0.10699879089163157
812	818	0.14953255871976762
814	949	0.17055955217671237
816	824	0.13815706715194273
816	828	0.12568397592059816
817	967	0.11118420653332413
818	869	0.12983811760945094
828	836	0.12236673260479701
833	957	0.12603483927348
843	862	0.12428727352765344
843	868	0.19801210276456838
848	937	0.11338736063452766
851	923	0.10860336214823736
853	927	0.10724231517663857
859	983	0.11215423134677689
862	866	0.10970712860886792
869	949	0.10485795084062606
873	875	0.31531923189840255
876	880	0.10474051589323188
890	892	0.30249595459139195
893	961	0.10242415479494389
896	908	0.11107409999584855
910	992	0.1291674205133406
934	957	0.10230983418782547
944	952	0.10745139557334059
950	952	0.2898930884457662
954	996	0.11531631853465334
956	968	0.120289964146976
958	962	0.10183423017609643
960	982	0.10545645985145738
961	978	0.13183547024965414
961	982	0.10152536948319539
968	970	0.1387956068995026
968	980	0.18067590309432044
973	976	0.10237983530190649
973	979	0.10986304266474772
978	988	0.10757796286412759
980	984	0.12062085819814419
980	992	0.10469661581685835
982	993	0.13861117550965507
