0	2	0.17336012979232868
0	72	0.11002720565575094
2	4	0.1174845561948502
8	651	0.11324889622974862
14	22	0.10002833661004593
20	404	0.1024917725431327
29	193	0.10256634235631075
34	36	0.21436615079327861
42	141	0.10088939529521647
43	91	0.10974282465268582
43	207	0.10426934074901262
43	639	0.10057418208198905
43	788	0.1587073447125373
47	406	0.1045263597236968
47	571	0.14055141850973343
47	705	0.1384889458492216
51	480	0.10291529510283272
52	517	0.11138098695029416
52	807	0.1114513697452324
54	101	0.11056588816051603
54	525	0.15806021755168373
62	64	0.12758521707493406
68	70	0.12705591505717467
71	269	0.13194438316964352
75	740	0.10420820400569512
81	83	0.11777879671050326
81	812	0.10799933100619934
81	991	0.10229782739410442
87	421	0.10455580211761518
88	92	0.11702427713028277
88	102	0.19282705809073797
90	94	0.1313106425068904
90	98	0.10302496050202277
90	102	0.21649602311841776
92	94	0.10736034325229014
93	836	0.10247617874630124
94	96	0.14184627591394616
94	106	0.2017609671271711
94	108	0.1432383932455168
95	739	0.10440031793360471
98	104	0.24463580775761604
100	102	0.2651234341533345
100	106	0.10516966793567005
102	104	0.10587080895949844
103	943	0.10065954443489003
104	106	0.19322672169715066
106	108	0.21336596980697844
110	654	0.10685590942999018
119	604	0.1791879177881167
119	606	0.12503470867077554
119	608	0.10541945943856647
120	138	0.1022728459644407
122	884	0.10001932824460337
123	125	0.1349957920366219
123	127	0.18739107150537535
124	130	0.13969313593612634
125	909	0.1048016095782052
130	140	0.1280115479496802
132	468	0.14409013878449034
134	142	0.11233368204838509
136	613	0.1296615621388586
143	988	0.11077832117998236
149	636	0.11492460896126969
150	168	0.15976583890499474
151	404	0.18066498716633017
156	233	0.10170189973537762
156	667	0.10354119909550867
159	212	0.10820040333806015
166	172	0.1779699312180031
170	363	0.12319401945696017
174	376	0.12583132545027265
175	355	0.10282108943445963
176	197	0.12164915465934764
176	257	0.10065260283557974
177	225	0.10733825746892758
184	705	0.10490485867738002
184	834	0.12743762873320516
186	188	0.10280619055047058
188	226	0.10056926766880013
191	193	0.23648961885803302
194	198	0.25472380593962796
196	200	0.20247327561345602
198	202	0.11707892002918908
200	221	0.1001272764975015
203	345	0.10747479431521087
206	655	0.10041362365427046
206	667	0.1018287950761712
216	704	0.10010658770333458
217	451	0.10864054824080993
225	713	0.12480237909794398
227	993	0.10418537512456412
230	234	0.1727988158925136
235	571	0.1199143032833367
235	916	0.11246944873031473
236	368	0.11124448831566591
236	369	0.10013253002055093
238	244	0.13069155411050992
238	248	0.11602817707430188
238	300	0.10118575612286218
239	263	0.10307410024822071
240	743	0.11162925173595728
242	369	0.11362616503090722
243	890	0.12556988277914843
253	521	0.1020055568152461
254	359	0.10544663942258348
260	481	0.12342937287872373
268	855	0.1123701859464962
269	921	0.13337396412027994
270	414	0.1191087595442184
270	571	0.10095609075198907
286	300	0.13276181987403085
286	991	0.10033017264364637
299	617	0.11332361879585248
302	338	0.10903246107725116
313	474	0.10975863760084899
316	535	0.10336443677646355
323	423	0.12173029126578261
326	330	0.11737487562427505
354	385	0.10708229713630228
359	852	0.1319124098051788
361	487	0.10091986587822016
366	368	0.12090256008877084
388	390	0.12113697552230843
391	393	0.14314731295866234
402	839	0.1006089465015176
404	663	0.11637604517853142
406	478	0.1061506676467029
408	647	0.11342729825077713
408	867	0.14832895880623662
414	416	0.10558039234283838
416	420	0.1269334624746978
416	495	0.1097189203662544
419	892	0.10084896146228266
424	440	0.10368540609709621
425	944	0.11233293890678477
428	571	0.14863378814247605
432	927	0.15858545260293877
434	442	0.10347742627915038
434	468	0.10794014091491749
437	439	0.18338094466470442
441	956	0.10827862255689295
442	927	0.11959273593886466
448	450	0.1028342494845078
457	960	0.1164761470601543
458	468	0.1085450026461268
459	956	0.13579938672459718
460	462	0.11168799464591002
463	858	0.1388606744933954
465	990	0.10279127481739446
481	795	0.1068948537047494
488	742	0.10438378425601297
497	655	0.1048536246701015
500	709	0.122284571238775
501	669	0.11977704055039379
516	518	0.17859056797189918
516	526	0.10915604022543098
517	519	0.15470182460780105
518	524	0.13908980693745693
525	811	0.10330500254825349
532	973	0.13967308381277863
537	945	0.10442470711521117
551	746	0.13294036868614606
554	602	0.10094506351024767
556	560	0.2573648831169844
556	584	0.1738523887421324
558	984	0.10024214009689013
561	945	0.10143242565770309
563	993	0.10298031272424983
569	613	0.10017778802963166
571	705	0.1558440244419983
573	576	0.1472766749885644
577	608	0.107366617594401
583	744	0.21011700688880788
584	586	0.12448705364681646
584	602	0.13407260603515472
593	873	0.17641875541601454
594	740	0.10985680356213856
605	995	0.11915410915890451
616	618	0.10476438265137533
620	622	0.10379693315707975
620	626	0.17551307817831785
621	625	0.19547926117495357
621	627	0.10963973350656167
622	626	0.21468976789226474
625	795	0.10422446163808491
637	645	0.10765125389101884
639	733	0.10151117623892508
650	763	0.1245157385147512
669	949	0.12488085227502313
673	958	0.11470710872207662
680	684	0.12468670792176416
682	820	0.10899203967290556
683	872	0.10965836468802631
705	827	0.11713758101324993
705	857	0.11002807082577214
714	716	0.1792402531925387
733	828	0.12610307722329864
741	887	0.12239299281562187
749	798	0.1815120625944118
760	762	0.1316158301708909
764	917	0.1570789984648431
768	776	0.11260690942686404
781	924	0.11443182682810199
799	989	0.11946584736730473
814	949	0.1107251899490773
814	987	0.11888989044646503
821	987	0.10274204400701159
834	927	0.128834307981242
853	931	0.10096427428578104
855	982	0.10251058503911137
862	891	0.10984131071060742
865	868	0.10665757879108054
875	879	0.11133394344815023
890	892	0.1632952049318999
890	894	0.10952025182415899
893	895	0.1288220016861948
893	910	0.12139719281862141
914	936	0.10521179389200758
914	998	0.11920293644960324
954	984	0.12227070253933424
960	988	0.1337907593333565
964	990	0.12370995235499892
968	980	0.16514032909885173
968	984	0.10651609993263284
980	984	0.10126875615104561
980	994	0.11884647197228247
994	996	0.1198168968336065
