0	2	0.11312938067379522
1	117	0.13158136131240092
3	89	0.11042808578492709
3	134	0.10413821752666796
3	227	0.11405248185695434
3	855	0.10264370378979984
3	993	0.10891968109256668
4	691	0.16320394511256198
5	87	0.13725422758028422
5	135	0.10816778787040188
5	153	0.10026685928245202
5	320	0.14382809631735632
7	527	0.1023920541022539
8	549	0.13447272457960147
10	517	0.10341805816978691
10	575	0.13610078039451293
10	957	0.13554264046356626
11	73	0.11208944038375647
12	108	0.1269149466889941
12	656	0.10073725772819751
12	662	0.12148844171773737
13	30	0.12555251601616427
13	569	0.14185777635439278
14	58	0.1129404360051937
14	400	0.10566676046646116
15	32	0.11400717481807185
15	545	0.10532984359122786
16	56	0.12385821930836535
16	549	0.1434570558314352
17	760	0.11163783061504153
17	988	0.140936027541528
18	98	0.10366276356928979
18	104	0.11947096796089729
20	878	0.10260320160063595
21	510	0.14991351030755998
22	72	0.13820322176499725
22	439	0.12757044541283424
23	534	0.13109882304905432
23	541	0.12909303991197887
23	791	0.12304299378681605
23	997	0.10175152095183773
24	88	0.16023637560961745
24	106	0.13609229467655856
25	140	0.12391959054030484
26	672	0.11332554506810692
28	493	0.10895213249533861
29	198	0.1463806446081942
29	711	0.10726207182216657
29	799	0.11536446067118097
29	937	0.11276393072071866
30	32	0.22483389800901568
30	286	0.12582599500307703
31	368	0.11280058638457385
31	654	0.1506753615850324
31	679	0.11344002813795102
33	514	0.10188570894743727
34	38	0.11844644470354426
35	37	0.33963413581387436
35	211	0.11590379358150406
35	331	0.10964615825419732
36	78	0.12052986884622095
37	384	0.10628597914841517
39	437	0.1529404544938086
39	549	0.10592377510599298
41	926	0.12371927506512483
42	44	0.2628633425550982
43	45	0.1087633832524959
43	796	0.14932732229560963
44	72	0.12786535605994748
46	50	0.11533247423053798
46	92	0.10586397942609316
46	408	0.12561673470963
47	163	0.10757395522952441
49	155	0.12156466112211702
49	904	0.13170598010834728
51	803	0.1044395690134674
51	827	0.10748752167011873
51	992	0.10690540316545695
52	525	0.1560047852699719
58	94	0.10503780315377796
61	306	0.10842061775443447
61	326	0.1043671709439282
61	505	0.1575577738166613
62	64	0.31735981918516804
62	690	0.10657696295395586
63	65	0.1002015044226438
64	359	0.10285557589553443
65	91	0.11006970476663626
65	572	0.1142283238936695
66	68	0.20536123155634892
69	591	0.11030408214746025
69	808	0.10332523187752982
71	595	0.15980825304143775
71	806	0.1261258724339962
71	905	0.11987866743072366
73	275	0.10014436521768698
74	80	0.10257242383530582
75	493	0.10494920206959911
76	218	0.11070590701425552
76	255	0.12723448229185022
76	262	0.15476509904976996
76	264	0.11766382333847827
76	266	0.11705656032454374
76	521	0.10377709731070794
78	82	0.11417108830461016
79	83	0.2915529528904825
79	793	0.1035912335419047
79	809	0.10877758796254532
80	697	0.101618310959464
80	861	0.11935753786595417
81	147	0.11537577087077032
81	245	0.17399389847250685
81	301	0.15160204140385844
81	617	0.10552474353468
81	669	0.1359044672303505
81	896	0.10126101206256802
83	245	0.12459356016435481
83	557	0.10280768678240722
83	617	0.11703963764784636
83	810	0.10040293856295898
84	521	0.1265691257774869
87	970	0.13683323894899072
88	98	0.13489004698311968
88	106	0.28026942835257657
88	192	0.10724514101278751
89	400	0.1817430838635977
89	418	0.2363223690168548
89	478	0.18309637117075175
90	96	0.1307224847415607
90	98	0.2237850711172118
90	100	0.23386616862715984
90	102	0.13423214739201386
91	572	0.1132338404615192
91	639	0.16371859502458785
92	96	0.22383500464114595
92	100	0.38464908270804254
92	108	0.1018620877674633
93	636	0.118580832488237
93	664	0.10140160557939921
94	96	0.15462639017458585
94	102	0.20741241502645016
95	942	0.10929460979298514
96	98	0.15053083067741066
96	100	0.10887559713933677
96	102	0.13916467443688935
96	104	0.1634434211633904
97	981	0.10304331257065735
98	104	0.2934715133734346
99	237	0.21962464123137582
99	340	0.11080069019535897
99	595	0.12452036259401589
100	108	0.1344418457188432
100	993	0.108245760794883
101	805	0.12368271127141277
102	104	0.10224924262783548
103	496	0.1170132271939408
103	973	0.12295058369810356
104	108	0.2725577646172928
105	835	0.10370215475383165
107	516	0.10231415593930145
107	992	0.10362303879881427
110	903	0.15267640602698584
110	977	0.10034444877667595
111	438	0.18448171018178566
112	204	0.11662248021574415
113	565	0.10425368837696139
113	567	0.22146615934710684
113	638	0.10815130447381426
116	124	0.10563908698583717
116	616	0.14561666964631548
117	296	0.12073247913861487
118	153	0.1181764209852659
119	608	0.12594775246524043
120	335	0.10677776182580219
122	159	0.10931669095348999
122	206	0.10478786739859854
122	997	0.10128448742789721
123	127	0.1907494487598704
123	327	0.1417050520586704
123	792	0.10917065061002706
123	800	0.15382089411661284
123	936	0.10318523345219485
124	142	0.13880441143602426
124	160	0.1250699207963169
124	162	0.13722946672753847
125	391	0.13462354377673483
125	812	0.10594725350419736
125	909	0.10729728992902296
126	140	0.11067907850233383
126	149	0.13079481372745053
126	194	0.1719195649254147
128	216	0.10096318940958038
128	497	0.10215077727711211
129	421	0.10766711509542386
130	140	0.13833478730377508
130	150	0.1164309915863936
130	198	0.11867417613936482
130	228	0.1121327557331029
131	640	0.10142743536280556
133	352	0.10017811960114849
133	400	0.15312420724024184
133	751	0.18424253053099351
134	761	0.12196123787134251
136	353	0.15477976572230093
136	927	0.10139286000838928
138	224	0.10488320718928251
139	156	0.12769246666348547
139	194	0.10677935118936831
140	408	0.1164689826503252
140	569	0.10420826198840188
140	593	0.10048426031126768
140	907	0.14823049007624509
141	647	0.11222410806157601
142	154	0.10693324877270903
142	835	0.10541543604590368
142	989	0.10778112292798399
143	491	0.11834455500763577
143	657	0.16146608080317423
143	667	0.14741287382233176
144	148	0.10846898656803924
144	221	0.10960817129930221
144	296	0.10225529061790045
144	585	0.10187846062228813
144	969	0.14815318754897677
145	873	0.10154816371770926
145	960	0.12290265287947925
145	978	0.3403668578436871
146	299	0.11003980294401561
146	363	0.1278094015858746
146	406	0.12108013434601222
146	895	0.10369108439509565
148	221	0.16102150638340368
148	969	0.10121377860339222
149	262	0.10715058313745685
149	445	0.11031046265576863
149	672	0.12219784596704597
149	803	0.11462793998599395
150	168	0.10427776835068787
150	711	0.10040411802812309
150	747	0.11206810441574733
151	275	0.11022527688822306
151	406	0.1310521055274909
151	452	0.10902466999938652
151	465	0.1284129400749425
151	699	0.12769756585097713
151	841	0.1354904311157089
151	908	0.12254010218398559
152	283	0.11939305165320173
152	607	0.10066483741288593
152	812	0.12272633857812848
153	212	0.11215826341454811
154	833	0.11528560805608302
155	575	0.11591461507501102
155	871	0.14808887287245087
156	327	0.10930705402470453
158	863	0.10667602848706065
159	856	0.10623119935393885
161	319	0.142114197427105
161	968	0.13698099972095337
162	747	0.10248870188156467
164	192	0.12419357479875931
164	197	0.10149933366471156
165	272	0.12036553766959465
166	172	0.13448142029781895
166	174	0.1404050767059816
166	180	0.1298255770789394
166	191	0.11240914608617517
167	255	0.11088710945543025
168	204	0.11528218365444264
169	559	0.16265990499582894
169	982	0.11539681600908783
170	186	0.10970253466793634
172	186	0.13348405865649912
172	220	0.1060413569058448
172	228	0.10630435049417983
174	180	0.1287873688504069
174	190	0.10072576852682393
174	465	0.10581137959640101
174	472	0.10933703029145989
176	378	0.10811947521986583
176	733	0.10237419977099432
177	413	0.10635414220234118
177	446	0.1917203757269387
177	768	0.10243723815409746
177	873	0.1235919960935411
178	197	0.24965690603240476
178	353	0.1119391554804602
179	367	0.11338562410718267
180	585	0.12129079394542627
180	587	0.10699141099504486
181	273	0.13333425810405536
182	322	0.1052566194089062
182	541	0.14587693852620173
182	573	0.11476734829609186
183	322	0.10307451971530827
184	258	0.10163857851834905
184	853	0.1159458538789409
185	353	0.10741129838019056
186	188	0.10837050613953274
186	202	0.10852344343780929
186	204	0.1834152246768207
186	356	0.1008447323074397
187	690	0.11036817484624048
187	995	0.11725584654075281
189	477	0.1647719382358174
189	854	0.19886124324256407
189	956	0.14421696860502684
190	196	0.1038774011507941
191	692	0.11137189029531078
192	198	0.10435995379414012
192	200	0.10471514881305184
192	208	0.12974727437654573
193	197	0.4167742405409086
194	216	0.12131493562451406
195	962	0.10810696780945701
197	257	0.13252995001803042
197	941	0.10169517592130367
199	205	0.18001079718664503
199	741	0.13524593624903722
200	202	0.10692192664711488
200	468	0.11185334063207927
201	812	0.1217241441452689
201	828	0.10181370124678321
202	747	0.13769892472008374
203	283	0.14078852819998036
203	393	0.11139166386888898
203	711	0.1048176790336266
203	723	0.19912541508414025
205	406	0.14580349790717942
205	908	0.12797101007832118
206	353	0.10472092171767101
206	711	0.10937382779015067
206	799	0.10779164439238398
206	907	0.10134946278603564
207	761	0.11896888657753238
207	830	0.11073437001889219
208	247	0.1104366213293815
208	591	0.12104125220938808
210	540	0.13184534575956078
210	711	0.13982040202266977
211	331	0.10521171463052753
212	653	0.16450452313244496
212	711	0.10129469389838616
216	497	0.16372982881314962
216	610	0.10693684726591582
216	969	0.1318118035878366
218	751	0.10604561768251541
219	559	0.11571567369983148
219	561	0.13364530558124413
219	899	0.12021799326239033
221	222	0.11992485068454063
221	585	0.11763225063364612
222	224	0.26330299993458334
222	655	0.13292837098866184
223	427	0.10951679005027622
225	821	0.1134532097129392
225	922	0.13008353858160093
226	907	0.10231752984561691
227	934	0.10702522414006925
229	515	0.15887859547806213
229	772	0.10067968672354641
231	233	0.4560985593011376
232	336	0.10436185572631357
232	373	0.1160729335207798
232	719	0.14772444378765556
233	363	0.12266754837821615
233	661	0.12506960994976848
235	241	0.13049057889856203
235	349	0.1089649418625471
235	571	0.11121475977405688
235	995	0.11653467979337022
236	240	0.1279055865296955
236	248	0.11574350181737227
236	369	0.11063134834204087
237	267	0.12028376821008571
237	340	0.10826621107275862
237	550	0.1130048301908658
237	595	0.21013453318350658
238	246	0.11304000526176204
239	364	0.12599170907690063
239	884	0.12758007923109727
240	312	0.10770371438407217
240	677	0.11942102456805087
241	589	0.22242217477786153
241	630	0.14383559636742332
245	617	0.11899012565858101
245	669	0.10991461816497801
245	873	0.1028728878732161
246	877	0.10260436666381946
247	895	0.14376887410139821
248	276	0.10344813995088734
248	312	0.28019228110094785
250	334	0.125065638182699
250	338	0.11136834400535128
250	723	0.10991466639276225
251	389	0.10211410120181874
252	268	0.14751837825304406
253	427	0.14808167858464333
253	810	0.11184273745279487
254	266	0.14053879450532675
255	279	0.1151648900093313
256	258	0.16243705684670906
257	433	0.11119490087850349
257	794	0.13765075087670067
257	850	0.11610690137320437
257	930	0.10621999821014395
258	350	0.10709134995863485
258	889	0.12864968910600885
260	442	0.12337097797438833
260	695	0.12378127378403553
260	775	0.10590054159682297
261	595	0.10410806426576229
262	264	0.12032395558361599
262	266	0.2602244783294052
262	278	0.11088766756709292
262	995	0.10244812118370655
263	389	0.10264143977899302
264	292	0.14065492516125647
264	613	0.11745308684064636
264	972	0.1245999461213172
265	809	0.10285103304001497
266	272	0.10763630523308634
268	366	0.12111091637428964
268	397	0.10411270105393958
268	441	0.1128957721643006
268	633	0.1504144810680152
268	875	0.10154562374671272
269	550	0.10052040609836328
269	575	0.10663472046815468
269	959	0.12833720325575318
271	377	0.10365965908941263
271	508	0.12000300461523661
271	776	0.11161556696728459
271	789	0.11857522858344556
271	921	0.10479580416683074
272	292	0.10608950103049732
272	316	0.10528762231647534
272	370	0.112179593469334
272	387	0.10145157767055654
272	408	0.14089732023032872
272	887	0.1579269765310812
274	302	0.10736058261553603
274	605	0.13944958900306373
275	406	0.1423408973859246
275	490	0.1081365470780289
278	286	0.10266171832659332
278	342	0.10355184775860009
278	368	0.1610680276812677
278	434	0.12488130779155943
278	693	0.1275785963783733
279	379	0.14204528686443355
280	284	0.11905012049789133
280	348	0.13713533198880046
280	463	0.11714029237866116
280	963	0.10521594622645933
281	923	0.10339034640682039
281	975	0.10903153067433279
282	729	0.12149888781056412
282	791	0.11251784785849275
283	286	0.15366377797454386
283	290	0.16123908988195418
283	292	0.11971316262181546
283	685	0.10531268925872263
284	286	0.15420876781765558
284	312	0.17320321374109102
284	336	0.1297113401036714
284	374	0.11725867332356248
286	326	0.1964802183353766
286	329	0.11295938727523659
286	336	0.13106216367810566
286	729	0.13421329935054283
286	995	0.11860959161363008
288	334	0.1224619650575215
292	342	0.12973484895237034
293	825	0.10236769430989145
294	322	0.10785090896599213
294	380	0.10357608748416373
294	633	0.14201347484828838
295	481	0.10889067281436507
295	958	0.11806515124766039
296	330	0.14735372174390507
296	963	0.15578213128947083
296	991	0.15725732156186484
298	974	0.12825199671516643
299	617	0.16677994087925813
299	812	0.1632186400759745
299	895	0.11469652392995403
300	360	0.2024735783106233
300	693	0.1169770519713505
300	963	0.10472956250370434
301	431	0.10763583229161743
306	336	0.10495263715200573
306	693	0.12507715619945922
306	729	0.12053493837762412
306	963	0.18330103582537777
310	344	0.16455565527940397
310	356	0.1480720786141025
311	935	0.1060725840618693
312	464	0.10044184915374602
312	735	0.13595856495358932
313	384	0.10650331881853856
313	654	0.12335708323725454
313	951	0.11447998201432617
314	316	0.11468560609906538
315	658	0.12547602858938062
316	328	0.1019781307161559
316	995	0.1068230323097842
317	763	0.12599317494478485
317	887	0.10827719855662454
318	329	0.11037434227817745
319	960	0.13008175671867375
320	324	0.15274689447049034
320	400	0.12395132567159418
322	340	0.10940874152200755
323	326	0.10456931526686712
323	334	0.12514319702263052
323	363	0.13346537667934075
323	460	0.14768901506513532
323	693	0.12483098823293452
323	949	0.11602764013797005
324	823	0.1223923408108663
325	779	0.1364890564069245
326	685	0.11500882480987444
328	338	0.11024314430411573
329	483	0.12247200461741015
329	991	0.11135603620088644
334	338	0.16546693085749115
334	398	0.10401645002223511
334	463	0.20491445642550252
335	638	0.11341622029232892
335	644	0.17010216839088368
335	658	0.10914433245471808
335	664	0.10748759875713827
335	763	0.15100488223018937
336	344	0.10621113248200927
336	374	0.10668189543016351
339	845	0.1074865159095325
340	677	0.1069143602667661
340	979	0.10620790855876386
341	751	0.12683882384665926
341	937	0.1366500454889178
342	822	0.10126808315867361
342	959	0.11473562758116272
343	532	0.10929189058157365
343	973	0.21975153361850241
347	527	0.1085678623609145
347	678	0.12061689932275566
348	423	0.17837904015764405
351	610	0.13966941092319105
352	396	0.12422355810211166
353	711	0.1072907365809528
354	664	0.10203996635441033
355	704	0.10769375502256671
357	919	0.14648747965419354
358	366	0.11066906696016138
358	585	0.1053606551208733
358	822	0.11562506844217058
358	915	0.12101829937623401
360	563	0.15060598167268302
360	693	0.11087972396741547
361	400	0.12273033574446955
361	647	0.11662076087114463
361	741	0.15357929362936074
362	382	0.11691548471508963
364	724	0.11930954270519294
365	668	0.11739302578068665
365	705	0.13717906855800166
365	793	0.10461615523634839
366	378	0.11524876496209645
366	915	0.10114470251375274
367	544	0.15303302687001405
367	556	0.16040292414743487
368	378	0.16968029013619654
368	677	0.12958490586498583
368	728	0.1239982834456787
369	991	0.13026051873597067
370	633	0.11267861063585294
370	941	0.11457266225813938
371	396	0.11358514830209467
371	704	0.11416128902186902
372	668	0.11066471109917564
372	674	0.17276255990686767
372	676	0.13759031385989148
372	790	0.11789617568144553
373	546	0.1011116828518218
374	423	0.1398553636019136
374	491	0.1454879478615328
375	507	0.10915521785466464
375	734	0.1005521919188407
377	858	0.1074905053713688
379	563	0.2070526974546244
379	993	0.1080513217528528
381	505	0.10705110307921925
381	665	0.1334956296085605
381	988	0.10282803680235568
382	397	0.10825856993708549
383	957	0.10453029505191351
384	386	0.10080372228907336
385	476	0.10834835999582569
386	388	0.10927784327011937
386	390	0.15825004866448236
386	392	0.14283398855933985
387	634	0.1551735038134721
387	887	0.11618644914512236
387	904	0.13998875996174284
387	942	0.10590379933366599
388	390	0.20692620283633661
389	534	0.1066658353680425
389	785	0.10631539491126676
390	392	0.20074674368113368
390	488	0.10570359687220096
391	786	0.1472942702653083
391	839	0.10382302307494752
392	488	0.10110653244856535
393	599	0.10822851247462491
394	458	0.14952136779165506
397	972	0.1005679036122713
398	478	0.1393432422188949
398	753	0.12194632725347518
398	785	0.19088105917536896
398	797	0.10376477382305824
398	839	0.1545355286476282
399	643	0.10045488051686767
400	408	0.100768495309408
400	418	0.15681876372007872
400	461	0.11790370250091442
400	751	0.11514273555557061
401	853	0.1274832496587666
402	465	0.11307899618962679
402	797	0.17943209711932512
402	867	0.12421576256683636
404	703	0.13256927601006813
404	795	0.14113487721770407
406	414	0.16358666160548185
406	518	0.11011460549185452
408	410	0.18685229131575767
410	964	0.10872579912167275
411	855	0.16427145878496463
411	964	0.10190811232104915
412	420	0.10514656113852677
412	426	0.10443815808380112
412	495	0.15330648012468884
414	416	0.26177943807850385
414	420	0.1264203259268178
414	422	0.12523181469595163
414	520	0.10481227516870607
414	739	0.10895140995846953
418	427	0.17642651994312658
422	466	0.10917565380982093
422	468	0.1019701099109214
422	739	0.1061316041702925
422	848	0.10385094180910928
423	604	0.10077862554357518
423	608	0.12212553246742933
423	675	0.10334501699818285
424	434	0.11949257273977978
428	964	0.11304484301191042
430	488	0.16490133567818058
430	747	0.10783092599410221
430	839	0.11277243505227451
430	866	0.10920698966776579
430	927	0.11981179864177992
431	806	0.11025638813801868
432	576	0.1061558767162035
432	891	0.10223740890864509
434	914	0.11309391169387938
437	439	0.2593936381404815
441	459	0.1067088120368891
441	980	0.10795837983033327
443	723	0.15730924215694997
445	449	0.1926316483967307
446	448	0.22581847063445726
447	451	0.36677083068250765
450	547	0.1052370023466026
450	703	0.10081279448241952
454	837	0.12169203045809923
457	459	0.2307850229631216
457	763	0.113784016175096
458	484	0.11568042429718624
459	972	0.11405499090976293
459	978	0.10559263832184405
461	812	0.10305187600045052
461	933	0.10742071760693318
461	951	0.11939782331170913
463	810	0.13829887801250387
465	603	0.17962379829607344
465	647	0.18798464262544676
465	841	0.10953330598727386
466	848	0.18861816244372592
466	953	0.10127570336540803
467	695	0.11778011764972217
468	599	0.13046646002094206
470	495	0.12927331492141095
470	679	0.10415166767391287
472	547	0.11031170871140042
474	484	0.20093617661865018
474	945	0.11131800060679821
477	842	0.11484802692719304
477	882	0.1702866783009004
478	839	0.13167426432239163
480	717	0.11175885895086701
480	953	0.11986384299982646
481	507	0.1162871233091295
481	693	0.11268131105184603
481	966	0.1380994071350032
481	976	0.10088379697443361
481	992	0.1408665907683037
483	974	0.10239200506900926
485	681	0.10876841356542712
485	793	0.10767934225144882
485	935	0.10680625120433496
488	927	0.10086017142651206
495	603	0.12087343837679383
495	647	0.1853899562742859
495	850	0.10280813117843046
497	799	0.18335453676284294
502	823	0.10293998255765731
502	927	0.1751009345260489
503	757	0.12181556193463534
503	922	0.10645123227477672
504	831	0.10292477797439563
504	853	0.11815202453691301
506	532	0.10509978005608388
506	550	0.10117296662231531
508	591	0.11131071960085344
511	687	0.1087751001368571
511	724	0.1318895129289679
514	518	0.16211974644784183
514	520	0.2307101653888236
514	758	0.1300546827213186
515	519	0.2181815365204262
515	772	0.15889951813719697
515	985	0.1235498024244087
516	524	0.1931126449639213
517	519	0.1338482151596727
517	521	0.1738038474332234
517	525	0.1241274870360484
517	609	0.10695169642170459
517	760	0.10247896992463047
517	957	0.15265845018985955
518	520	0.33373584267616874
518	524	0.1719053122727712
518	812	0.10533891458310059
518	917	0.10808763810838537
519	521	0.1807648890262321
519	805	0.13653513793185956
519	807	0.11296900969265637
519	985	0.14392534584681557
523	741	0.10606002488981778
523	962	0.22830429174070554
523	972	0.15626204351437678
524	538	0.1301877691608782
525	609	0.1072320120325288
532	545	0.10785865033647118
535	877	0.10323318713095117
535	972	0.10946150610001422
536	790	0.12126823668178943
537	712	0.12043910496828675
537	891	0.12853346531591833
537	904	0.14929095821058036
537	995	0.12536816826485342
538	736	0.12933662395258919
539	773	0.11113395747242867
540	542	0.10128005585990024
540	646	0.10150252611878656
540	741	0.11011123424379267
546	575	0.1455415740021552
547	797	0.10952969147876682
551	583	0.21889036804226158
553	555	0.10973530731606182
554	556	0.10527220825238849
556	606	0.10467340446686203
556	779	0.2078195719403846
558	984	0.10836528649893831
561	899	0.11355425500520458
562	891	0.10381297880123187
563	987	0.13189081316154957
565	567	0.15181157891896174
565	643	0.10705447979662092
566	787	0.10931987588815853
568	787	0.14215221738760306
570	572	0.16767178312454423
571	575	0.2675329596352616
571	576	0.13785664262550104
571	641	0.1134913754108147
571	827	0.10056253769726568
572	577	0.12807220053956886
573	857	0.1170988195840375
574	577	0.2906703428771798
575	705	0.27182094963574616
579	613	0.1105799160389549
579	636	0.10548373730359485
581	931	0.11425012326331098
583	744	0.3328667069970234
585	587	0.14477284319570582
585	590	0.10310523173091628
586	592	0.11547685540634665
588	614	0.11463465112016308
589	698	0.10358281644351294
590	941	0.11254893538654626
591	619	0.13437919146172192
591	937	0.1035522358340884
592	610	0.10314416121920969
593	710	0.16394571990720766
593	875	0.21957805730523458
593	879	0.1417321332032744
596	961	0.10485379281968717
597	904	0.11789311138896225
598	646	0.10596839947683817
599	785	0.10160957746701103
599	800	0.14981741675456212
603	786	0.10503314294022671
604	704	0.10092253122694926
605	729	0.15831002481936451
605	877	0.10826012152895882
607	609	0.24579864464150264
611	900	0.12300231533085858
613	797	0.12845254826332306
617	710	0.11536742900936484
617	785	0.13511632442598856
621	625	0.12238066492277125
621	643	0.12715564412744626
621	910	0.10943742515942882
622	628	0.1263393974862313
624	628	0.10449897216937758
625	960	0.1037483263168121
626	656	0.12628807438414044
630	803	0.12159566404680228
633	657	0.13341797820787954
634	640	0.14118464247718301
634	767	0.10714953771523986
639	786	0.10113781166126583
640	703	0.11249335487921949
650	745	0.10387826476459099
652	654	0.21559160060535024
654	656	0.1871657953367296
655	768	0.11768204794140254
657	667	0.10148185636814291
658	676	0.10174547566471487
659	793	0.12004570552187747
659	816	0.12162945617698098
662	860	0.10692493738498854
668	670	0.19130444138335465
669	786	0.10131391036530076
669	824	0.11197862286354003
669	869	0.12055854483935759
675	804	0.10440415290200757
680	688	0.18004204909132726
680	724	0.1265205581651318
681	785	0.12184499862282155
682	726	0.130236730605772
683	840	0.10339755270484899
683	842	0.11760768235078066
683	880	0.14223853418390275
684	904	0.14510196025807265
685	813	0.10389278649592583
685	938	0.11307761487027605
685	995	0.1537752015098871
686	867	0.10593863200817771
689	861	0.10699186134695583
690	704	0.10602757762671755
690	728	0.11873274104799289
690	776	0.11397597049111635
690	784	0.11425432754620558
693	729	0.10886937794573864
693	843	0.10945327251516387
694	704	0.11634661002592404
694	739	0.1042378511571934
695	697	0.19260166610072957
697	947	0.1305702445712158
705	834	0.11242163561027786
709	786	0.10764293701063816
710	714	0.10609369579899348
710	730	0.1143953551683097
710	917	0.12032595850623608
711	759	0.12516567658807884
714	916	0.12222292837901473
720	998	0.10428377194070707
723	821	0.11056969668394435
723	858	0.10282776830099535
723	900	0.11631484965220809
724	726	0.3842508678629146
726	742	0.1021007032104512
733	824	0.13008933415170817
734	738	0.17365784614385893
734	859	0.10675643439877046
741	959	0.13036588013083933
745	802	0.10370121294279963
747	969	0.12395302790527167
749	796	0.14992379117318672
754	756	0.11478231517346482
756	768	0.10212285229781524
759	871	0.12761144278856743
760	762	0.14160741412174752
760	774	0.13425073195115794
760	989	0.1267002269334356
761	855	0.10014641676515168
761	984	0.10986817067717856
762	997	0.10437895767507434
763	854	0.10641074188154225
764	917	0.1049487609541504
766	859	0.124467405801928
766	986	0.18301427223371777
770	774	0.23622838128429288
771	888	0.10583507957378187
773	987	0.10460110426506172
780	782	0.20651544498166097
780	802	0.12463055429159658
780	855	0.10660550890751987
781	924	0.12334016377701382
782	809	0.12314640575337304
782	842	0.13540381116698963
786	816	0.15116067301440922
786	909	0.15196413450976456
787	799	0.12297662368567061
788	796	0.11979510495308927
792	800	0.10922358325223877
792	809	0.11337969312293004
792	824	0.1074832857115986
792	909	0.10507559017983613
794	826	0.12830934898799273
794	836	0.10012254708213222
795	945	0.10898682398906243
797	822	0.11695597264392821
797	942	0.11897504764381467
800	936	0.10874026539637051
802	812	0.12260202651296692
804	820	0.11109053209893961
805	807	0.17879243825549715
812	814	0.13759500367015778
812	869	0.14962464741538933
812	930	0.10292393076547388
814	816	0.17674926718130454
814	821	0.16058987133341823
816	821	0.13586466113473525
816	909	0.1561562432178625
818	987	0.12719430351207284
827	981	0.13926395423085625
828	909	0.11152389510655705
839	891	0.10721785208008018
839	998	0.1162559649262819
843	880	0.10134244765556481
844	887	0.10878796010598316
851	923	0.11228582006829088
851	975	0.11350569716782391
852	878	0.1084575363344472
855	961	0.10780807398038497
856	858	0.15938993050707936
856	906	0.10045294489643641
860	998	0.10717660102616486
862	893	0.10191061407812294
865	868	0.10354016069149116
870	921	0.12908181786963005
872	874	0.2555150018250813
873	875	0.1048360872744874
873	879	0.17893901662375128
877	940	0.11218497385879575
880	882	0.10598146256183455
889	972	0.10334186485565071
889	995	0.10090759424443507
890	892	0.27316312359192585
890	894	0.27861234826087455
891	895	0.19222050740409247
891	943	0.12232286207235146
892	894	0.13924260346890185
893	895	0.2237538132836993
895	900	0.1116012362163524
900	902	0.1631285581451849
902	976	0.11878360941669232
904	908	0.13465938530219648
909	945	0.12214137929348987
909	949	0.1820220093703216
910	943	0.10212442941250309
916	992	0.10364647266618571
921	985	0.12669905005264528
930	932	0.11703869691239491
934	941	0.11249388413180723
934	967	0.11300157090370608
944	948	0.1708992990286228
945	976	0.11623018292421505
948	980	0.10303536645137747
948	984	0.1018248716791986
949	987	0.11066127442604007
951	953	0.13392648553331826
954	984	0.12388967582040587
956	984	0.1285990687648087
960	972	0.1143873046406758
960	978	0.15936152795405345
961	976	0.15542092955329842
961	993	0.10379159261881661
962	972	0.14357593454515827
968	972	0.10203456085302637
972	982	0.13844019574718913
972	988	0.1497402696218004
973	979	0.1122721577552598
974	982	0.1882677633114128
976	982	0.17270969752600704
