0	439	0.126915368666328
0	549	0.16162143460806422
1	523	0.10913539573125276
1	844	0.11557743538318387
1	845	0.11983701890521824
2	238	0.11461656540097574
2	244	0.11572022528947905
2	691	0.1263459046610746
3	89	0.10739688783039708
3	571	0.1067676139560876
3	830	0.11381581688962876
3	961	0.11758779602723832
5	209	0.11414715871550549
5	298	0.11037230768444405
5	761	0.1041835780551121
7	258	0.10318527434654644
7	290	0.1134541653738009
7	705	0.10157644390114334
7	827	0.12570887746749632
9	65	0.1311165991180031
10	60	0.1109398942161743
10	84	0.19502612889396045
12	867	0.11996554352282622
13	942	0.11957350560262262
14	94	0.12964833304481804
17	956	0.1631054206904209
21	494	0.14814780348830914
21	544	0.1685239025517445
21	960	0.1329842787182602
22	811	0.1024227243252261
23	79	0.1142996674019447
23	134	0.12397007286884615
23	795	0.1194283932190757
24	465	0.10266152856623573
25	715	0.1544547065227136
26	110	0.1016755659943087
26	148	0.1276995207464752
27	273	0.10530171505147584
27	968	0.12581309138757557
28	44	0.12897038967784055
28	110	0.11579795851994353
28	715	0.11961717419276187
29	164	0.11306400146843926
29	178	0.15116591224543058
29	204	0.19247535688031372
29	231	0.16001360785581475
30	775	0.13632913307212338
30	861	0.1040253210000513
31	242	0.10045008239325337
31	323	0.14752314182910517
31	368	0.11487379852919195
31	743	0.1349012241706168
32	141	0.17437090424486348
33	630	0.1514634847756477
33	914	0.11062512504985755
34	38	0.10901415611180065
34	54	0.11432629658008778
34	164	0.10048161183140483
34	253	0.11263313683278481
35	37	0.13303403667341057
36	47	0.12648488104194286
36	569	0.10569624963858779
37	331	0.26317567304854367
37	479	0.2031454555311005
40	141	0.15994922478432264
41	916	0.10437011898696935
42	484	0.1022117289740024
43	45	0.24041121537228077
43	127	0.10456936915954465
43	151	0.1637194072799709
43	391	0.1076548473541323
43	827	0.10294233663207224
44	70	0.10603023755679164
44	110	0.11714909601253863
45	201	0.10819660676911078
45	698	0.10037507722613644
45	786	0.13391424855201428
45	937	0.11640307484979674
46	653	0.11756071012791322
47	253	0.15976872192463212
47	411	0.12028261909599078
47	994	0.10518078911203341
48	149	0.10111931504316127
49	321	0.10135788435675089
49	649	0.12024478535966926
49	835	0.14003365349977046
49	904	0.11313233167434837
51	576	0.10324360684092805
51	828	0.15209679272516222
53	253	0.17842077844703666
53	859	0.11100706929117049
54	515	0.1326393214838965
54	517	0.22093812663731005
54	805	0.11219385072404897
55	174	0.12433002922564775
55	329	0.1001307389391572
56	523	0.11779905838181036
56	525	0.11006060311542336
56	634	0.14591653286834008
57	540	0.10961686028122196
57	923	0.11014101830506369
59	791	0.1842914690758508
59	924	0.10385594086823445
60	517	0.12023089796010646
61	238	0.164825902277869
61	240	0.11514948590149454
61	244	0.10087974347687521
61	302	0.21829625302652023
61	743	0.2537248107022451
63	65	0.13636888938765135
63	349	0.10729742468282914
64	977	0.106397962598205
65	489	0.1550605494920023
65	621	0.10554946192355527
65	806	0.10114758039583643
66	93	0.10195721266961037
66	173	0.12805831766128387
66	635	0.1103853690192409
69	451	0.10708100498398179
73	226	0.18701925110910889
73	714	0.14261400942731453
74	278	0.10213260131813565
74	741	0.10050050464172183
75	88	0.10309811497181762
75	740	0.1247759484584604
75	809	0.11622695795669004
76	117	0.1042543948619777
77	205	0.2928235860461363
79	81	0.1268682801428393
79	83	0.4452550619398214
79	653	0.10148659385032185
79	659	0.10592803865426803
79	818	0.1046042007307904
81	93	0.13618274586227877
81	94	0.11218258846331827
81	299	0.10705375259660457
81	605	0.10597970824292412
81	749	0.10484516163810409
81	793	0.10485866490486317
81	826	0.10180837898328617
83	820	0.14659915866204953
83	824	0.11512990637213526
83	828	0.10885291924371639
85	965	0.11025291233047582
87	270	0.13166511586126597
87	314	0.1340773262558073
87	725	0.10158449867124172
88	90	0.2555138156541506
88	92	0.220233386605465
88	98	0.10350932970600571
88	100	0.44652655987492196
88	104	0.12352893274670249
88	108	0.13541549741713277
89	95	0.14739452922245072
89	406	0.13701235009042143
89	416	0.25834108909584497
89	418	0.12579697301206444
89	446	0.1055093579862986
89	476	0.10787219727845096
90	98	0.1652052773785319
90	100	0.26484501222173135
90	104	0.25201469122263787
90	108	0.14588526308371544
90	413	0.13469116489117944
90	766	0.11219052475713669
91	409	0.11030692321580414
91	570	0.13108287877646285
91	639	0.224863827050317
91	788	0.10666400173242163
91	790	0.11640730883809365
91	913	0.14390986132167244
92	108	0.29808780584424704
92	298	0.10123273026537051
93	307	0.16796759869626252
93	409	0.12495087338555572
93	501	0.10072888316292034
93	773	0.10644119484940844
93	796	0.10638141521763785
93	814	0.143201762534022
94	96	0.21130741422765525
95	263	0.10681643731047089
95	739	0.2513374425482228
96	104	0.23950294681325088
96	106	0.21566117439041255
96	739	0.10416223118473711
98	102	0.18619727898036856
98	106	0.45102829092399266
99	705	0.12290756295045195
99	905	0.10041255388384833
100	104	0.1305280342268711
102	106	0.16930129358950438
103	530	0.11352663670758967
103	536	0.1284742866572447
103	605	0.10155248510821617
104	861	0.11587731257498249
105	119	0.1245772091961354
105	345	0.10229010287848739
105	604	0.10013973014424019
105	610	0.18141514874700673
106	206	0.1021438950344925
107	873	0.12013900372200798
109	198	0.10114173963322816
109	783	0.1033228544503209
111	313	0.11023039026672392
111	704	0.10812944574238356
113	359	0.11079452728136899
113	803	0.15769337871039868
115	339	0.1027869160381701
115	371	0.10722624807931387
115	688	0.12504096258975775
115	863	0.14547292846922197
116	216	0.135206372343539
116	491	0.11501140764429714
117	212	0.11365962301853623
117	267	0.12319519141547372
117	571	0.10892632539327335
118	124	0.12933886359088398
118	158	0.15417339334386373
119	608	0.20575825915619977
119	610	0.23268104109390778
119	745	0.10759900007868399
120	144	0.1205765737815809
120	639	0.12333398795875598
120	711	0.11333283544132783
121	947	0.10613445800944227
122	546	0.11095067729297357
123	125	0.2534974226911694
123	659	0.10602026195762886
123	729	0.10115873785593175
123	821	0.14846828507782778
123	822	0.11625509734026561
124	134	0.1203211398283889
124	140	0.12036667258500128
124	143	0.1251185779474991
125	245	0.10491731009754547
125	279	0.10523617532139838
125	733	0.10143105966132555
125	821	0.11055211978959485
125	826	0.11164822974349334
126	128	0.12179550242444795
126	140	0.1432948563411908
126	150	0.10939685041657489
126	162	0.11208827373349588
126	262	0.12159040661910477
126	491	0.10377046558443473
126	535	0.11918485382851515
126	969	0.1340938148464427
127	299	0.14184729725567372
127	553	0.10102590482224558
127	712	0.11141630448506486
127	747	0.13241808920271983
127	826	0.13961174417037975
128	150	0.1651702378243329
128	216	0.12250750875442896
128	286	0.11530901317666609
128	477	0.10641297662485807
128	745	0.11739521108960375
130	140	0.1194894613251112
130	168	0.12863556688631955
132	150	0.17836313509692323
132	265	0.10564519245489934
132	436	0.11918032610900756
132	438	0.30879146369760435
132	487	0.10092008899865315
132	704	0.10106762584025017
132	927	0.10992444464188164
133	521	0.12327993377811536
133	682	0.10740960542934905
134	176	0.10242326215753339
138	667	0.10297670859317853
138	863	0.11529647366251707
138	873	0.20238347157436146
139	231	0.1014221538222393
139	907	0.10168331832778733
139	969	0.12497925947994536
140	150	0.10828266043238217
140	262	0.12547768307733811
141	338	0.10024461609023883
141	614	0.10690639717277596
142	224	0.11154440049859829
142	799	0.140299300046278
142	924	0.12296432224764123
143	174	0.1376023705972755
143	838	0.10431746956870046
143	982	0.1007185123474288
144	989	0.12519469165826957
145	899	0.10026926536988456
145	904	0.13578009257232493
145	961	0.11127404402255368
145	972	0.11091586217265127
146	216	0.13971148896909466
146	516	0.10779084005125332
146	955	0.11787867273192758
147	495	0.11922391566726556
147	714	0.11810801416694709
149	335	0.16011452407123755
149	739	0.10090402406884964
149	993	0.11174581862289765
150	438	0.18942959467640325
150	693	0.13211849837483935
150	969	0.11813582682610638
150	989	0.19064141407945193
151	391	0.10587519869126716
151	396	0.11431557711130888
151	976	0.11063858538436978
153	159	0.1219475864820459
154	158	0.1503423564356915
154	863	0.11914519211379193
155	573	0.12367172932980701
156	160	0.10888131415274997
156	231	0.11328847782920516
156	884	0.11063641561350271
157	400	0.10143613044949897
157	402	0.10750275216971256
157	418	0.14861182571536805
158	309	0.10835821231777454
158	486	0.10970744653124609
159	353	0.1416396445731955
159	916	0.12249753495294119
160	599	0.10081215940139666
160	634	0.10635890067600708
161	459	0.13127673505256665
161	988	0.100485519788812
162	587	0.1049343108603398
163	862	0.11452396743309504
163	935	0.1256875130941026
164	172	0.1310180234711402
164	174	0.1900154948534709
164	176	0.10447499285452344
164	177	0.1591203016032864
164	198	0.1050135977636083
164	216	0.1371586534414905
164	318	0.1094349357924125
164	541	0.12207403249871031
166	170	0.21670062350902616
166	198	0.11423625103731695
166	231	0.11634523948973158
166	465	0.13154152622247473
166	970	0.10093516716246424
167	277	0.11283700086874916
167	806	0.13353161200635977
167	929	0.12891433409691191
169	539	0.10617816797953145
169	660	0.10167296602998946
169	711	0.1358379297036477
170	176	0.11832971295005142
170	191	0.12746009367653358
170	220	0.11558130239823225
170	587	0.11889377254365045
170	729	0.13224040740479728
172	176	0.1308282973776906
172	198	0.13649224111013492
172	937	0.11689107257368285
173	659	0.17961053278872793
173	938	0.12408064964148602
174	257	0.12044481094850996
174	461	0.2406969523237079
174	955	0.14774110050583145
176	178	0.10545224390237051
176	191	0.15202083684068482
176	653	0.1525054663518682
176	937	0.10687537038534779
177	225	0.11817763252213889
177	232	0.13167671611533172
177	769	0.14278304375994733
177	856	0.10079500718766098
178	353	0.13970946754030966
178	587	0.10879164610042502
178	862	0.1071568100673191
180	221	0.10947033121150351
180	323	0.13158872981633415
180	613	0.13271286855161413
181	481	0.10314349489198965
181	681	0.11113035666655316
182	961	0.10060466042830372
183	218	0.12421493236568645
183	318	0.14025064218427835
183	320	0.16144272403342896
183	380	0.14550118333174805
183	729	0.13592046139563674
183	878	0.11662165652982914
184	321	0.17461940029475767
184	350	0.10763617951383742
184	502	0.10409678454624481
184	641	0.10337895064952884
185	596	0.10654717966912437
186	363	0.14726032830645497
186	590	0.12688427735593227
186	593	0.10394542090689632
187	362	0.10063960543453042
187	734	0.11122248955760852
188	194	0.14888400519155595
188	232	0.11398281958346147
189	296	0.13481256620766557
189	842	0.15667535584955575
189	984	0.11542807322416117
190	200	0.11155851477584088
190	637	0.11539725558538431
191	193	0.1892183626521095
191	259	0.10934448936365705
191	675	0.10481395489988272
192	491	0.10370286327166885
193	363	0.1065492970051484
193	373	0.10133935069622348
193	711	0.10974506259772021
193	852	0.10692214638398273
193	992	0.11473551477140641
194	197	0.10553578701882678
194	828	0.10624530917013371
195	532	0.10302951850066838
195	621	0.10374127832337118
196	197	0.10156399453502218
196	204	0.10999384005986605
196	468	0.10486775233839735
196	491	0.11548981820922778
197	344	0.10961146074982318
197	759	0.1052181398951734
197	792	0.10561036869699432
197	969	0.10205715096390096
198	200	0.1194415110494222
198	228	0.20639833065591523
198	231	0.10640823505598272
200	202	0.11352655160767786
200	378	0.10920362986184434
200	427	0.10113514288479579
201	812	0.10771217395575201
201	909	0.13041312183569434
203	280	0.11710674477740515
203	345	0.2702713298507497
203	421	0.10320125330999844
203	496	0.15660033201195855
203	727	0.1159698760073103
203	810	0.11799662875300254
203	858	0.1436007509014236
204	907	0.16061253617247356
205	976	0.10598876576631444
207	987	0.13743001976835242
209	571	0.11548307326906337
210	655	0.11284132508952359
211	825	0.11442601571706797
211	903	0.11304959690090598
212	722	0.10748727134458559
212	899	0.10294520675340697
216	653	0.16490817290086887
216	730	0.1310967916068712
217	284	0.1549475099779664
219	523	0.10054650841432479
219	559	0.16152988751455954
219	597	0.15006260279320185
219	635	0.11486032595107451
219	855	0.10071511505404118
219	864	0.1335118274383803
219	967	0.13183462316300915
220	221	0.16185674997656913
221	488	0.10365659509561476
221	719	0.1278266816110536
221	989	0.10511218104044388
222	224	0.2509488784511935
222	363	0.14687725085599423
225	673	0.1286234737921891
226	880	0.13265128448939587
228	491	0.1219143478814809
228	614	0.11931909983080229
228	653	0.10486071985996469
229	515	0.16702362065755794
229	525	0.12701115540663216
229	807	0.14098630840644855
230	234	0.12929771733638057
230	248	0.15632325184733706
231	233	0.16567439167218928
232	719	0.12272150853219843
233	598	0.10151209908845574
233	619	0.1755376869039328
234	236	0.19560222565606927
234	240	0.13743718307747593
234	248	0.11322580933181069
234	336	0.12431794913633698
234	677	0.11822205686905785
235	870	0.10466056906656857
236	238	0.15061389671082923
236	244	0.14142107272780868
236	677	0.18003438947980538
236	743	0.16655542061987594
237	258	0.10893671583635424
237	501	0.10539142052757723
237	571	0.11714838016708527
237	581	0.10724851664909957
238	242	0.10968946481871934
238	244	0.12072427881174862
238	743	0.14555005138454807
238	991	0.1022132207416025
239	761	0.10483523106412386
240	244	0.137178318535911
240	336	0.12924940285266148
240	369	0.22606653353960454
241	589	0.18153599157292374
242	743	0.17187399246096902
244	323	0.12215208712029167
245	412	0.10771189258569179
245	669	0.10181345321892178
245	733	0.1250101595911136
245	745	0.15679880446732952
245	782	0.1049468074296091
245	872	0.20458214958606397
245	873	0.10127983596187734
245	951	0.10239048343827307
245	953	0.11176965197921088
245	982	0.15529121947215185
247	784	0.10292383592637544
247	848	0.11914609992149852
248	268	0.12147013737641107
249	920	0.13966386873380382
250	316	0.1063795652410909
250	776	0.12114592886745681
251	571	0.17813629649801196
252	296	0.11965533336349705
252	677	0.12482949052042842
253	257	0.10285484739450182
257	379	0.15444915816472965
257	593	0.10822769530155767
257	629	0.13370685623671402
257	821	0.101887449807656
257	913	0.16140919169300325
257	982	0.12461158299536407
258	314	0.1176044071104765
259	473	0.11877896234863905
260	675	0.10222210223793175
260	714	0.10921139699978938
261	714	0.10679595316646903
261	818	0.10756233053425289
262	270	0.1341942124181566
262	304	0.11795804625306593
262	466	0.10388417866085346
262	633	0.10106808522111765
264	288	0.12321094774917858
264	290	0.10042902770674092
264	312	0.12664569822173063
264	316	0.125475852372935
264	318	0.11353285247782025
264	705	0.11227305038496406
265	408	0.10322340490666403
265	723	0.13995305895232588
265	927	0.12536304166465104
266	387	0.10143523981726763
267	429	0.10262627941101893
267	537	0.10513860339718392
267	848	0.11788982684356351
268	270	0.20484339527194445
268	330	0.17733810923245183
268	412	0.1029530737007768
268	960	0.10104122960591669
268	978	0.14454464197234773
269	611	0.11058266074808959
270	401	0.1453895651125566
270	634	0.1554902654268924
270	673	0.1102552307121921
270	900	0.16452449205754088
271	322	0.11985677317158859
271	653	0.11232771033491522
271	776	0.136458423108755
271	833	0.10385983660297449
271	967	0.10186507586063497
272	359	0.15197862539899928
272	889	0.2467093663760847
272	993	0.12038830196150987
273	635	0.15123551661062634
273	976	0.10492105721106855
274	523	0.1074285507913716
275	315	0.11277371075641428
275	422	0.16255531109232332
275	452	0.10952607109851588
275	470	0.15979040000071493
275	481	0.15412349956811927
275	657	0.10765870091358336
275	761	0.11089339526515908
276	340	0.16277791097220948
276	963	0.11036677005748695
277	281	0.10285987066978929
277	902	0.10667674520532545
279	557	0.1063325524296696
279	817	0.11289899891857588
280	300	0.11485052587375753
280	463	0.10727129867928248
281	361	0.11836738418543677
282	286	0.116206257384754
282	316	0.10113162384380464
283	290	0.10723701813108781
283	292	0.20020002597885544
283	298	0.12704378722947823
283	304	0.17090352759763927
283	376	0.11180862764999668
283	889	0.13754891678641662
284	320	0.11057138831330887
284	336	0.1440473164049875
284	988	0.13251508822915992
286	296	0.10350209623314924
286	302	0.12756930866876814
286	312	0.12035074624290698
286	336	0.13537139112570523
286	342	0.10028583960840934
286	397	0.11027699918742882
286	608	0.1112862996855279
286	653	0.1109411564725076
286	995	0.12296776525254531
288	352	0.10050114098018267
288	537	0.10462453709428053
289	644	0.17307341608826485
290	316	0.22776398879822485
290	318	0.12380178994037072
290	640	0.10702284188505938
290	727	0.10620223229752222
292	294	0.1120761784147017
292	354	0.10214292575562178
293	337	0.10153330614689722
293	825	0.2045844169588022
294	463	0.15869992319813955
294	630	0.10159881740387271
294	633	0.16021166856910454
295	318	0.12186695982260862
295	413	0.1006514547981995
296	330	0.10606154237272819
296	336	0.11983082928177176
296	543	0.12615091758249256
297	890	0.13710986853144363
298	334	0.10475038411487053
298	712	0.12852900346957122
298	781	0.10745522785890112
299	348	0.10631156472421117
299	909	0.11851746464382486
300	302	0.2744713884175808
300	322	0.1220097005951641
300	360	0.13793759036544656
300	364	0.10860655737575232
300	369	0.10478592995116047
300	963	0.20312888866763085
301	327	0.11265364661497257
301	669	0.14255318322490237
302	338	0.11449741612567882
302	340	0.12789028104422903
302	374	0.12704787943386198
302	963	0.2225815586216295
303	588	0.12164841921969777
303	606	0.1125973480772782
306	312	0.12942237994443198
306	320	0.1013965426818749
306	963	0.15849829939318458
306	991	0.13742456882511847
307	637	0.1022375345304278
307	773	0.1004425865757148
307	796	0.10839213372851209
311	452	0.10735852880713175
311	731	0.10077740362555775
312	326	0.11112079106113731
312	397	0.12584714456683818
312	792	0.1017073173678172
312	988	0.13627592667969746
313	440	0.1018323104739041
313	484	0.24540302399680267
313	488	0.10582039414359422
314	878	0.11524040710862976
315	440	0.15147159765480356
315	470	0.16145766204258094
315	792	0.10527562931293616
316	380	0.10654030962384352
317	537	0.10279464766599397
317	893	0.11359228309022416
318	517	0.1311264371678652
318	963	0.10245678109275573
319	441	0.10486741254032517
320	991	0.10258898432448046
321	853	0.11682254656252593
322	522	0.10700251906121565
322	963	0.10151329790291196
323	364	0.13366810945163374
323	368	0.1111003422190013
323	370	0.10911945498852937
323	374	0.11049462855895532
324	727	0.10783128245306164
325	602	0.12845877089839167
325	779	0.16864205250202682
326	370	0.1647204756733632
326	380	0.10361555881497109
326	963	0.1508474851481289
327	599	0.10549769578531051
327	619	0.15164932401385417
327	755	0.10211935633945629
327	800	0.10582452635585131
328	329	0.10925397595487538
328	373	0.1423286034472362
328	633	0.1132504818882573
328	748	0.13674744717629117
329	735	0.10739234906046125
331	384	0.15701984957074758
332	368	0.16156736708500002
332	635	0.10406306076420094
332	920	0.12093238531715067
333	744	0.10519677442456303
334	463	0.10703869518959781
335	642	0.21410347887592548
336	342	0.15316688451928961
336	520	0.10978841759992665
337	420	0.1007318494581642
337	842	0.11137937736796137
338	342	0.1478782984195321
338	427	0.10386341697725733
339	749	0.12315085699385496
340	342	0.13721599391203046
340	356	0.12962641193363714
340	963	0.24548561484878748
341	347	0.1193886976408283
341	473	0.11621152986794483
342	520	0.10027162801720094
342	678	0.12313395954733186
342	870	0.10029737168702914
342	917	0.14725793347891955
343	530	0.1294295316154019
344	368	0.11531721031352811
344	685	0.11522569201096351
345	534	0.10051439491342319
345	537	0.13262740848969531
345	621	0.1364904240954441
345	775	0.1014954398657329
345	858	0.1793105061781019
345	961	0.12214011592604075
348	373	0.14226443369927924
348	463	0.18264082227721143
349	536	0.10475249527789371
349	648	0.12460057495237242
351	577	0.10336320228827783
351	610	0.13041698899420462
353	470	0.11857826920750894
353	655	0.11061812055046878
354	877	0.12002831843311237
355	897	0.11260785199879504
358	471	0.16282832570815875
359	385	0.1254490911941015
359	803	0.10522777764464948
359	939	0.10694001460333197
360	368	0.1168886219132014
361	420	0.11076834996692568
362	698	0.11571142594889768
364	382	0.10398766031293538
364	587	0.10050509184285802
365	437	0.13480953676540056
365	541	0.13025374123988182
365	571	0.14234782530820375
365	644	0.1015561593546213
365	648	0.12980455958315815
366	873	0.11060748334108776
367	745	0.1083081989202714
370	373	0.13086593306927793
370	675	0.11253078335285291
371	710	0.1292952003248293
371	975	0.12072786382252855
373	423	0.1156837186842767
373	675	0.20483510809031877
374	423	0.11951280982320849
374	491	0.12079896927008776
374	677	0.10164762659868701
374	877	0.11326588299922141
375	713	0.13236222342258225
376	891	0.10293753908075645
377	625	0.12241996495826163
379	490	0.11076787683510189
379	557	0.1217076722624229
381	988	0.10286785438000516
386	944	0.10221195028103873
387	914	0.11924799673543118
387	926	0.10519107085942415
388	390	0.20382453309364032
388	394	0.14157859233189485
388	430	0.17890372265928817
388	458	0.10448236975613004
389	391	0.21760789102119696
389	465	0.11767801704148692
389	565	0.14152026622221642
389	647	0.10640928453095477
389	745	0.11810056548652027
390	458	0.12411321528960362
391	465	0.10224411169924265
391	785	0.10904037204868465
393	599	0.1408057176009827
396	465	0.10834441220117058
397	416	0.10471526587975896
398	404	0.13084146359276164
398	469	0.13009122046282826
398	478	0.12000364722134178
398	625	0.1396385382294373
400	402	0.11272862186152476
400	416	0.10248878511767757
400	465	0.13344175557862553
400	470	0.12315397070128052
400	739	0.11756702326068535
400	867	0.11557662614304488
401	834	0.10273181179481569
401	844	0.11094648530092681
402	408	0.1496858207511103
402	410	0.15669431187850807
402	434	0.18246812053951997
402	906	0.12587183062814064
404	767	0.11767662485874932
404	839	0.1097464616065818
404	841	0.13906863928748908
404	912	0.10284445504211329
405	407	0.12110335324299973
406	577	0.10577803571629033
406	793	0.14201779018627986
406	817	0.10863712001427436
407	505	0.1100753874591726
408	633	0.10250626564046479
408	815	0.10903230778256946
408	864	0.15662904396535823
410	443	0.19712470919230235
410	904	0.10534894883366897
410	961	0.11122529445108077
412	426	0.10840123288954101
412	982	0.12130786876430147
413	600	0.11284374010194691
414	420	0.12283897894758727
414	424	0.11038252295481392
414	443	0.1976845947702497
415	729	0.1031516661812735
416	418	0.1800902433755017
416	443	0.14240473015133648
416	579	0.13228337357295922
416	636	0.10361034458887941
416	867	0.1268420747301436
416	916	0.11233975980497063
418	815	0.11058353257255937
418	855	0.10246748126851139
422	466	0.10028556994009263
422	867	0.13431367614334375
423	675	0.1510839992513171
423	824	0.10861035734541931
423	938	0.10730265890133195
424	426	0.19945006655266145
425	948	0.16199013205600327
425	950	0.18547734951205036
426	434	0.10301262782469019
426	442	0.11000329050159381
426	460	0.10054349157481794
426	474	0.11402567227205676
426	958	0.10895449322458549
428	686	0.10015452543665078
428	693	0.10550400498128443
428	910	0.10332318839608631
430	438	0.2576512567939294
431	540	0.10372382456788336
431	740	0.14553954850929063
431	741	0.11033648839985664
433	514	0.10097021650269833
433	688	0.14982788451821413
433	718	0.17130417608441273
433	722	0.12191578766435099
434	442	0.1377051974272335
434	474	0.11476678234220095
434	725	0.13246977188185227
436	442	0.10819462216111567
438	644	0.12279714370828634
439	676	0.1090171171025625
439	689	0.1181770499443325
441	653	0.15715536997214888
441	944	0.14227909873008504
441	968	0.12229886062144377
444	448	0.13776150425428735
446	769	0.11873407485560045
447	449	0.21685359798247414
448	450	0.18984985203592764
449	451	0.11377000362079975
449	838	0.101885444638029
450	769	0.11912119705880696
451	787	0.10668184115973962
452	738	0.10973451654161548
452	815	0.14222382024269034
455	746	0.12459177455383846
456	481	0.10175982435397883
456	679	0.1258121856221794
457	536	0.1365710305442226
457	657	0.10829472181380748
457	972	0.1234321710993561
460	464	0.14190843693787805
461	951	0.12059544181320245
461	953	0.10764737732835292
462	465	0.10296880009015348
462	790	0.10372120498558315
463	530	0.10933137280693657
464	872	0.10420453060320602
465	466	0.10727241376847099
465	476	0.10220570881684532
465	841	0.12142254677265944
465	896	0.12673799724029916
465	964	0.11024554894639649
465	970	0.12974966365199095
466	470	0.10928239522473554
466	791	0.12956532351577665
466	848	0.14194433654450894
466	992	0.11629440617768556
467	722	0.13005563353529645
469	953	0.13796406735522138
470	679	0.11829033175447883
470	797	0.10987959938167861
474	480	0.10382965267512505
475	883	0.11445550932688177
476	478	0.16113258593296942
478	484	0.18529258368384338
478	603	0.11536142685477281
480	828	0.10665779686961313
481	960	0.11410485637308564
481	976	0.16446310403550443
481	978	0.16544430880646313
483	686	0.11089016819326784
483	716	0.1191398454613215
483	850	0.1037390256219461
483	993	0.10129753620776738
484	495	0.11313878755849002
484	668	0.1558243953581594
484	787	0.10418212097430726
485	673	0.10159694370980049
485	972	0.11113229505644465
486	547	0.10044156811472287
486	864	0.1299100917787269
488	647	0.14207674222973143
490	657	0.10697321370637244
490	723	0.11337491981166978
490	791	0.13194412881811593
491	587	0.11371362306991491
492	494	0.1183710868765631
493	930	0.10997322075456041
495	603	0.20549831671675775
495	723	0.13177791457570565
496	810	0.11750802544974233
497	985	0.10598454153853175
501	782	0.10515447080900535
502	834	0.11395635420912015
503	534	0.14424211119832686
503	768	0.10624647660087425
503	916	0.10436333576873363
504	721	0.11686743326994066
508	662	0.10687613337730148
508	893	0.10960829241146422
509	940	0.12464399430042439
510	538	0.10607104386707163
514	524	0.17540462337449164
514	526	0.11423753384803804
514	548	0.12042235188468771
514	875	0.1511446136490336
515	525	0.2830670312716714
515	805	0.1505723697112826
515	807	0.10407310321830919
515	841	0.13498379901371826
516	518	0.44264929340743037
516	544	0.1126404369431045
516	710	0.1175854142766031
517	519	0.11393477679385357
517	525	0.18525267685795324
518	526	0.13923164637904237
518	873	0.12640435867187688
518	917	0.16052164369728672
519	521	0.2280342273876842
519	702	0.1169101162526328
521	772	0.1497766401364917
521	919	0.10359060953001346
521	985	0.15507548867257473
523	962	0.13654580628535432
523	966	0.12508525221184025
524	526	0.10972635049472655
525	957	0.1284348036419687
532	548	0.12387427997050256
532	973	0.12740467723284582
533	868	0.10348780779807472
534	627	0.13242160008231849
535	693	0.1054344745558098
535	995	0.10246149552679351
536	736	0.10801940826382343
536	973	0.12007790781026294
537	893	0.12283874541015663
537	895	0.10525751148329256
537	904	0.2576853199916902
537	924	0.11051179466423103
537	995	0.10651395898322445
539	773	0.11271646910643564
541	791	0.1514535738456335
541	793	0.11464687923294736
541	922	0.1048887640313704
542	630	0.12070496587212315
542	957	0.13972200577189686
543	657	0.14482371412839462
543	933	0.11649413984877267
543	995	0.10933414784714734
546	708	0.13032324172892437
548	634	0.11569952513095215
548	711	0.11004388458184082
552	554	0.10675960021266681
552	779	0.11121514660103547
553	555	0.15490384534943372
554	556	0.12667038542160364
554	590	0.13049761032795612
554	608	0.13821306123757568
555	765	0.10410457948165497
556	584	0.2559500742016691
556	608	0.10101900490215174
557	674	0.11995303094838039
557	812	0.12172259254517455
559	635	0.11721545150270563
560	779	0.10108372919512891
560	787	0.10530307350647726
565	621	0.10522158987412597
565	627	0.11286732203413104
566	648	0.11759291747994426
568	989	0.10555352270053298
570	574	0.218556330672702
570	669	0.10092955049038112
571	575	0.1655492318358811
572	787	0.15551548366860804
573	739	0.11813607425646361
573	853	0.1675130049635892
573	910	0.10943703773279713
574	577	0.1813901211734678
575	934	0.10996456957789824
575	961	0.1616129149945891
576	581	0.11686396508918324
577	661	0.13159468061838378
578	606	0.12833058088763655
578	787	0.11844519722829791
580	961	0.11303150589692851
582	612	0.10144286192787663
583	744	0.21875375553673707
584	586	0.1542896148852193
586	604	0.1370694366933395
587	696	0.10483947563842695
588	614	0.12159888969060252
588	698	0.1130878432448532
589	646	0.10652946603523536
589	787	0.1258283964013355
589	812	0.1022885845959047
590	608	0.10457879526556038
591	818	0.10829920458612069
592	602	0.11718152919702475
593	873	0.16106899808137984
597	656	0.12977260292084924
597	879	0.1058715252397072
599	755	0.1114788157639993
599	800	0.1287620998184395
599	916	0.17423826265751316
603	657	0.11234159891010846
604	908	0.13523899440244447
605	834	0.10412705672381865
607	695	0.10037705163416807
608	654	0.10688024712810669
613	847	0.11764485028660188
616	618	0.3147207446524416
620	624	0.3356203632573844
620	626	0.3099019984550711
621	623	0.12463581273716383
621	627	0.5451934152219587
621	899	0.13206760269232
622	624	0.14043333504186215
622	626	0.4576299551868117
622	628	0.1351486764484153
622	654	0.11561605217251046
622	763	0.10549436359855073
623	627	0.24461112712656077
623	958	0.10937731258241684
624	632	0.10081451232475352
625	793	0.11822104786236881
626	644	0.19958223031957187
630	662	0.1476567261235893
631	965	0.1569829745738188
637	645	0.15371067423602516
638	845	0.10059941153039816
639	808	0.1251984794582547
640	775	0.10326257030975487
640	871	0.11065623448440223
647	990	0.15986680896561778
647	998	0.1168896034897571
648	955	0.1698114865116037
650	654	0.14042412353730913
652	670	0.18381393628855988
653	904	0.11434090140287653
656	756	0.1058807766412472
659	949	0.11812534620290487
660	773	0.10485082372452648
662	663	0.1295650460199447
662	967	0.12325639762594894
664	947	0.1249945193759943
665	773	0.10018129060605606
666	949	0.11223497916812597
668	670	0.10358433672707425
669	711	0.10688925435828929
669	949	0.11611273837387907
670	739	0.10403551616284612
672	674	0.13078299503379687
672	835	0.1602887188524406
673	900	0.12908016425355626
673	978	0.1046970284480719
675	714	0.13269246277047061
677	685	0.11928929434528851
679	998	0.14551013064171633
681	690	0.11980062986298357
681	997	0.11589851444148938
682	867	0.10903549701705914
683	843	0.15616581095066068
683	876	0.12105287313608298
683	886	0.1383382754012672
686	769	0.11085198318281196
694	847	0.12066009163183097
697	788	0.10254280899149189
698	704	0.14900423697961884
698	916	0.1502797237463936
699	976	0.1047955448528156
700	712	0.1035454560957115
700	955	0.11020859683223506
701	837	0.10289197119466083
705	992	0.10839529022689341
706	862	0.11435559389360118
710	714	0.12906097111751122
710	726	0.13530514830867257
711	889	0.11604465185525832
711	907	0.10426721761732058
713	778	0.11977385992605162
713	898	0.12088327343759753
714	723	0.15474601323028983
716	947	0.10974022523902272
718	730	0.1334381425322655
719	838	0.1013722688970026
719	995	0.12050863594165932
722	738	0.10806266215753743
723	947	0.11634309378818161
724	726	0.19781607352693747
724	732	0.13432107580080202
724	736	0.10005881995842483
724	771	0.13620082515262247
725	727	0.1372802730859409
726	847	0.10394162022246957
728	814	0.10396087736800981
729	827	0.1052845410044604
731	844	0.10908418035983945
733	759	0.10692918863353425
733	788	0.10218373177278188
733	812	0.10164250411777634
733	814	0.11594359602338244
734	738	0.12623759040336188
739	844	0.10957102643506639
739	906	0.11696115371998814
739	916	0.10646331637591257
741	887	0.11987769796937793
741	966	0.12419620879343418
745	782	0.12811329665693194
745	790	0.12136600641965449
747	792	0.1250622993278959
749	834	0.1541827023855305
749	856	0.10720940914073089
754	756	0.2545090850650524
754	768	0.12230675419651907
755	800	0.11085189925399523
756	768	0.11459909419872126
756	776	0.13331287195245087
757	902	0.12032414827758446
757	910	0.1192741470509988
757	939	0.1091253834503878
757	943	0.10277933042368573
758	760	0.10009172090596083
758	762	0.11900394515964728
758	917	0.1192536461062087
760	997	0.16256303622099316
761	852	0.11133075269627951
762	776	0.11232462592415526
762	790	0.10696270376218839
763	854	0.1040520602375455
768	776	0.1615383061387637
769	901	0.10830912142997205
773	814	0.10617811091196466
775	914	0.16993059560532695
776	844	0.10860999658147864
776	949	0.12410686772629574
780	784	0.11455085360836804
780	854	0.12261589392671114
780	869	0.13579028332821122
781	820	0.11521311016035789
781	934	0.12618882213687746
782	802	0.10727986861163671
783	868	0.1755243059137306
784	810	0.11129428469232805
784	821	0.14768573872427537
784	909	0.1017775401625372
784	947	0.1405393566146111
785	788	0.11381002507484993
785	790	0.13481384101711885
785	916	0.10643476434638334
786	794	0.1417959274113794
786	909	0.15090995629411613
788	798	0.11751521724517887
789	853	0.10849337992559772
790	969	0.1108303020382163
791	793	0.2348302837532861
796	798	0.10999278616361619
798	817	0.10787873626592467
799	863	0.1706170215752198
799	939	0.10178672468210033
802	809	0.1175133306669359
802	987	0.1609067765636025
805	807	0.27216469331748117
805	883	0.1070307543282676
809	869	0.141955505651903
811	924	0.10471434256689291
812	814	0.20306610150544246
814	875	0.10427214184100832
815	946	0.10805754278488333
816	839	0.11069876536411632
817	922	0.10522689564462642
820	905	0.11062701170546324
821	909	0.15538989630263392
821	912	0.11081797756393635
823	939	0.11384876238496888
824	828	0.12028350629425064
824	869	0.22392370386310664
830	834	0.11830408170514635
830	836	0.15220979698433923
832	836	0.11689337136645374
834	836	0.11986642113610708
834	927	0.1345973508771386
839	953	0.11485817686785468
841	989	0.11173687562970626
842	854	0.19310582165315845
843	866	0.17749413763637328
843	868	0.13116137108040216
847	967	0.11347803532619793
850	852	0.15661482499384333
854	880	0.13349829442812738
854	886	0.10526595228981829
855	982	0.11677910802740146
856	858	0.10990388211038564
860	862	0.11090421357407322
860	884	0.10656376797616277
862	865	0.13688176419778844
866	868	0.3549011801706499
866	874	0.12282861062472614
866	919	0.11516096464474206
871	974	0.1029918336584276
873	879	0.1606157315617854
880	886	0.1096893865791689
881	944	0.10928504740334
881	994	0.10088775944425143
884	937	0.11156515849163484
887	942	0.12184771328579377
890	928	0.11578661652329077
891	893	0.17751881322245466
891	906	0.10077508751628123
891	912	0.1013118174322395
891	916	0.10667984084192052
892	894	0.4083342469415541
893	895	0.102088586860712
893	904	0.1259002885312305
896	933	0.12130252795812044
899	961	0.14808850718563402
900	908	0.11166524195062787
904	978	0.12064189712622908
906	916	0.1004884433173806
910	914	0.12424899819381068
914	938	0.13463468099657505
918	932	0.1438797032352966
949	987	0.10377471376196103
950	952	0.2194082418173873
954	968	0.10505645391804827
956	978	0.10031533586811973
956	988	0.109407612720613
957	964	0.13081051633122134
958	971	0.11912649961227835
960	990	0.11609109604456651
961	962	0.1178089835925665
961	979	0.11575415887200753
964	976	0.1064789329634772
972	976	0.1417458557523036
974	982	0.16965223506490512
974	990	0.10298846572014222
976	978	0.1256234743797345
979	998	0.10202398425150119
980	996	0.16331786669975917
982	990	0.11272008638344153
990	992	0.10070242266246583
994	996	0.13872221543359184
