1	682	0.10843175577248602
2	549	0.11361085057303662
2	651	0.10481027775280116
2	691	0.10014807544797619
7	559	0.10411856626844652
9	349	0.11557345571104242
13	54	0.10014008477384223
14	18	0.12634287473144618
14	657	0.16715152766471086
14	833	0.10547518513335699
16	42	0.10690760857785082
16	430	0.10761354385296329
16	963	0.10726705083706307
17	161	0.14375721302234248
18	214	0.12557125932724153
18	515	0.10758866233809486
21	189	0.11923585932600567
21	512	0.10272084682911424
23	255	0.10599697882987755
30	338	0.10252788513042772
30	573	0.10153209392805095
30	663	0.1378880978362918
31	336	0.11110836099814657
31	650	0.11862773069191969
34	36	0.13228573965001655
35	37	0.13421993273947933
35	331	0.20590211685989276
35	479	0.12378274941310854
39	68	0.13691143316355964
42	48	0.15757214603492686
43	45	0.18868818131450166
43	788	0.22502268318373808
45	639	0.20985733874611265
45	788	0.1403569526964273
49	993	0.12495245683601103
51	135	0.11362719854073818
51	288	0.10793734063574437
51	290	0.11175717625812029
52	54	0.13472005161933012
54	517	0.1112290030453199
54	525	0.16971761657157536
56	66	0.10533606906696565
56	252	0.12557286927520725
56	772	0.1121724505476511
56	811	0.10023595594126805
56	934	0.12524055641587004
57	295	0.12085072446618185
58	777	0.11630681330639481
58	861	0.10506336305452149
60	253	0.11316261263887954
61	505	0.1290096639882122
62	673	0.10636433236577716
62	844	0.10551151876053778
64	820	0.1034100942759264
65	811	0.10419972175481802
74	82	0.10734764452916432
74	110	0.14910197145210502
75	637	0.1003207067272496
76	571	0.10443567669511668
76	942	0.11093513228712698
77	205	0.12322817560098795
77	640	0.10295788283594161
79	669	0.11030260273838678
81	127	0.10397928995488714
81	299	0.15759965908798784
81	846	0.12066514671747923
82	929	0.13653609424442445
83	245	0.17347349232278078
83	299	0.15829788145209717
83	909	0.14015639595685797
84	833	0.12828063412487864
88	102	0.1250172653162934
88	104	0.28890662258389743
88	106	0.10866011235422798
88	561	0.10347334629597774
90	100	0.14477398505552247
90	358	0.10150320469479411
91	546	0.10012913308728864
91	786	0.10225602453919723
92	94	0.2826523431761322
92	102	0.2772850509856071
92	106	0.16444996195575948
92	108	0.14744105232208404
93	664	0.1252708914897575
93	739	0.10690384737594988
94	98	0.1853605909992563
94	106	0.18222550171311427
94	108	0.17750879595458405
96	98	0.13714144017273905
96	106	0.11123204722642521
100	102	0.20229499835793643
100	413	0.12856873978202446
101	517	0.10237174655857084
102	104	0.1912734299345302
102	108	0.1276095065243019
103	255	0.10379205358421557
107	634	0.11860800245046835
110	433	0.10380130146434981
110	654	0.10248777335641285
111	927	0.10659341769036115
112	128	0.11931349338720566
115	298	0.10039351903169905
117	389	0.13005214050017685
119	586	0.10803169712366056
119	608	0.10853829678175983
123	327	0.10378215751489753
123	949	0.1203940157289936
124	162	0.10413516630402703
127	299	0.18136188392199448
127	733	0.1360189013908312
127	909	0.16973089500530936
130	200	0.11437769707104155
132	438	0.14866437372810354
136	569	0.16765605894765118
136	855	0.10616035445386147
138	202	0.12110865747639105
138	747	0.10016321898862085
140	145	0.1047175241632805
140	221	0.13149907223924587
140	363	0.11256780306455731
143	667	0.11813921035719911
144	189	0.10001631179565171
145	266	0.1611553911621452
145	410	0.1323378152367864
145	978	0.10451593681975363
146	216	0.11236796138929031
146	871	0.10570579418413358
148	150	0.1131409808562604
150	151	0.16109610420211432
150	693	0.13827188297276402
151	412	0.11813273849907038
151	452	0.1209551850086768
151	723	0.12743996534750635
153	450	0.10951313454254688
154	751	0.11734573179702851
155	279	0.10442041779455472
156	711	0.10287634036905344
157	193	0.1012990722364077
158	607	0.10259230026697466
158	613	0.10186939214978845
161	195	0.10078561566001473
164	192	0.1658996860859732
166	261	0.10886965717889995
167	789	0.1173170850284439
167	959	0.11480618799989427
170	172	0.10614314505427082
172	196	0.1458318842665293
172	202	0.13319201639180997
172	363	0.13264025660508683
173	659	0.14882766073789988
176	197	0.13689128376509915
177	450	0.1327222807314118
178	353	0.1658747639439538
181	273	0.1212474843480256
182	218	0.10450146576392429
183	931	0.15012865246615967
184	853	0.10199309806285047
186	202	0.10431558958275905
187	878	0.10411519286130902
188	196	0.10633536657475329
188	587	0.11360256032310527
189	262	0.12617899443728456
189	874	0.14084072943614398
190	637	0.11744238712729912
191	193	0.15408504664178266
191	197	0.3383440449454112
193	257	0.10532535926404328
193	790	0.10129818347274738
194	200	0.23289280322342665
194	228	0.17405893440516204
195	681	0.11245763691071256
195	761	0.10350617270848601
197	507	0.10639393236242246
198	200	0.22272856581808756
198	228	0.1972320176818821
198	491	0.16208580219687416
200	228	0.16803762764184416
200	473	0.12703500705800694
203	723	0.13059834002787327
205	908	0.11721916954066613
208	282	0.10851785242867774
210	497	0.12027289954960677
210	653	0.12881398343196265
212	497	0.12085792926552015
219	559	0.17420683908462598
221	880	0.11756863929215397
222	224	0.25123938782766636
227	447	0.10877920520418859
228	809	0.12558424214517905
229	633	0.12084715575910976
231	233	0.3053660394877968
232	370	0.10261071430260273
233	589	0.1379195924720867
233	711	0.10298174875601539
237	285	0.11480151557993146
237	959	0.1071371724305828
238	240	0.1642437332962727
242	693	0.11104316954045489
244	369	0.13092319625630797
245	909	0.11584746864133157
248	457	0.11197780507797518
248	743	0.10644463487224909
252	477	0.10158843148740078
252	854	0.10949174832824804
253	428	0.11308570147743072
253	697	0.10943733769923257
253	821	0.1178409024954925
254	278	0.11708207685744326
256	605	0.12701271378170925
256	801	0.11076630730306485
257	341	0.11097931020967468
257	513	0.12001988222696301
257	659	0.10144867289103664
257	814	0.12514898679587855
259	473	0.10016777623214412
259	539	0.10270372747125171
263	361	0.10123268570058047
263	871	0.12396681560087171
264	268	0.16001019489201482
264	336	0.1123470482391849
266	323	0.1348535812915462
266	724	0.11834853148340795
268	300	0.10509152255304109
269	595	0.15170883774061744
270	400	0.10169454515429936
270	630	0.12067952244723139
272	401	0.10984139626434353
274	319	0.1032310004264983
275	657	0.25723069636126444
275	761	0.11300666016821449
278	332	0.11155641861766889
279	507	0.10696774514673017
279	967	0.10001602556515198
280	348	0.11909815968675161
280	397	0.10553544752477144
280	463	0.12950323435341457
283	284	0.1000266293177012
283	294	0.10969094644748215
284	336	0.11446243158728076
284	680	0.1272784728207141
286	329	0.1471820249936477
286	376	0.10581156547678155
288	292	0.1393777924271433
288	397	0.10355722439784529
290	633	0.10153109978440567
294	721	0.11411957731828191
296	302	0.1350173741119954
296	314	0.10563726114610177
297	892	0.14570197890345243
298	698	0.10243572181464333
300	306	0.16364666988705776
300	412	0.10322231725207102
301	501	0.10819556960223248
303	552	0.10683040644795516
305	637	0.21683433431415314
306	963	0.10798563734225933
308	314	0.10165439681974191
310	719	0.10170793357775197
312	326	0.11934265582251793
313	426	0.11046055638505506
314	569	0.12618434719367058
315	442	0.10623182223488982
315	444	0.10272609637891744
316	373	0.10768540215159718
316	397	0.11440439634758581
316	963	0.1241837780088708
318	532	0.10792180117014367
318	605	0.11018743800717763
319	976	0.10038657524365288
320	995	0.10287029236976807
321	376	0.10829636392315226
323	348	0.1023462945447543
323	368	0.11930359136894798
323	423	0.15569206656639417
323	991	0.13106353112835673
324	729	0.10283393164725133
327	591	0.10647468401043478
327	828	0.1354456223494199
331	479	0.11312840929659351
334	633	0.10824195045630416
337	560	0.12221394406322651
340	873	0.11615461701404985
340	918	0.10623898743026206
344	535	0.13288411991301058
345	723	0.19947048818014165
345	858	0.18814348484966445
354	359	0.1000048986342116
355	413	0.11065071645418881
359	982	0.10394680339986737
360	540	0.11470527834713293
361	398	0.11598307795234748
361	465	0.1555149066904441
367	849	0.13623731926309715
371	714	0.1348097499157926
371	899	0.11829667781665633
372	532	0.10001449282674256
373	734	0.10622026394502115
374	677	0.20662096963524254
384	388	0.11677836536332104
384	458	0.1105481836729744
386	458	0.15915017632301356
388	484	0.10373938911493907
389	391	0.13191573937582166
389	599	0.16518227762234283
389	820	0.10526696920562302
389	832	0.10473204075196359
390	394	0.10546959970054362
390	603	0.10876029989621422
395	445	0.11041095064886637
397	995	0.17331330298084469
398	461	0.10539853765443934
398	723	0.10361039871315174
400	839	0.10034266480143068
400	964	0.10963272537160995
402	414	0.16473104661039786
404	438	0.10312063345627934
404	466	0.115899842518397
406	822	0.13899129334931049
408	900	0.10510683999861856
410	412	0.1824278536624115
410	867	0.17933135941663728
416	418	0.1428877062009743
418	474	0.11449590949888071
419	908	0.10651051368104213
420	468	0.11494584266936832
422	488	0.10015427850802527
424	487	0.10549003029049807
427	816	0.11182985377680565
432	461	0.10151155576744325
432	487	0.17909549699466598
433	696	0.1145437455928098
433	718	0.15747211684593992
436	438	0.25348317736683407
444	448	0.11142141079902532
446	450	0.15973031726589415
447	449	0.2246613965812205
447	451	0.1317881689454337
447	460	0.12468678414906362
448	450	0.1945387159929127
449	451	0.22282191261570355
452	495	0.12112717713020885
457	459	0.14582369569801523
457	984	0.10719261920393909
457	992	0.11349116253031527
459	481	0.12618202783184695
459	956	0.10385340720783033
459	990	0.11034077275561138
460	464	0.13507677874453822
461	596	0.11534696354398723
462	464	0.10698871673621702
463	858	0.15661950237814168
466	953	0.10045711822713145
468	599	0.12252594875016065
468	603	0.13660423744807387
468	724	0.1015176214150123
474	953	0.166168267651976
485	998	0.10574521815535082
492	510	0.1476684212404345
493	515	0.11159951073575668
506	540	0.10445530465583486
513	665	0.11118862130784529
514	518	0.164835040977207
514	520	0.14655468820809922
514	544	0.10651313767927405
515	772	0.1626643143119241
516	548	0.12152016129539493
517	921	0.1017335679779541
518	520	0.20525828002279523
518	524	0.13755133466948205
520	524	0.19497466480404835
520	526	0.10017357669929197
521	805	0.18498293144569905
521	841	0.1234004243026184
523	962	0.1058653042448561
529	751	0.10637330386000535
537	945	0.12075689559492304
541	627	0.11363766309898386
541	899	0.1041378052816824
541	971	0.10456188795196657
546	705	0.10368039445685358
548	711	0.10027859220410348
551	744	0.23249570951279433
553	786	0.1389193180023359
556	560	0.13432565601941968
556	590	0.13996229354107528
556	602	0.19301462343440828
559	561	0.24560919580587454
562	787	0.13119623384682255
563	993	0.11302712563504147
564	566	0.1535862538705216
568	610	0.11016952799548148
569	799	0.11233282526711566
569	904	0.14245342672899544
570	577	0.1566880874404236
570	919	0.10303665552595634
570	967	0.11479844718777717
571	573	0.15411798614773706
571	705	0.11349625863937858
571	935	0.1043870687096512
572	606	0.10136052082667155
573	576	0.13007401654740117
573	705	0.418170709765489
584	592	0.24499920611957393
589	648	0.14113903539787875
599	785	0.1229763241965217
599	800	0.10468512391559213
600	631	0.11481115664010523
604	606	0.10032037818917709
604	608	0.2052130258079465
605	916	0.10554753151510876
606	608	0.30000855901228834
606	610	0.11910374748779844
606	652	0.11759712246702848
607	609	0.14628978304349424
608	908	0.12461063006171191
617	794	0.15558702179996398
617	814	0.13857609584918856
617	979	0.11683234203585828
620	626	0.20361753322547282
621	627	0.36584646866143006
621	992	0.11264670783813895
622	624	0.1525994126101797
622	628	0.20860451846622538
624	654	0.10051652113893479
625	627	0.26939464963547366
625	992	0.13104896283723724
632	676	0.19023106182666388
633	889	0.11518111171747392
635	671	0.1000238401438254
640	847	0.10066179339671344
642	666	0.10762658478233436
653	655	0.12674071276680426
656	676	0.10619190701078189
658	938	0.10027968004832795
658	967	0.12578936129854876
662	930	0.17370421746129883
666	670	0.11454688997440425
677	889	0.11091942432157834
677	963	0.1066549292245269
680	704	0.11050481442771193
683	886	0.1539049500330202
688	704	0.12157217341971746
698	817	0.12086446123642275
705	856	0.10163206566464003
710	718	0.1090519969355512
724	726	0.15702560538772678
725	727	0.1489804166979934
730	732	0.11747194765513681
733	808	0.10217282846683647
733	828	0.10175985590415988
733	987	0.10600311304752391
739	867	0.12192056431008173
740	987	0.10514322243444593
749	784	0.10451314032227477
757	943	0.1610451436470088
758	760	0.15563012477980812
760	770	0.10605269865828777
768	926	0.12092828256506956
770	774	0.1718176265912403
775	817	0.10703912456267153
780	869	0.1041249774860675
783	790	0.10785978453423534
783	919	0.10736159341629255
785	916	0.10824297370299828
790	910	0.10455934117279127
791	793	0.19074396793823634
791	926	0.10028518184452218
792	843	0.10321018172615992
793	895	0.15435859590480125
797	930	0.10380998742717606
809	811	0.12318809004420958
810	987	0.11071156792190143
814	949	0.13529358557924706
816	987	0.12611605331898507
818	937	0.11052456351293799
823	898	0.10257001589581305
834	836	0.10171100798592038
836	853	0.1109888877289979
839	951	0.14169297202048453
843	854	0.10234161158627636
846	885	0.10302269585264624
848	978	0.10540689185497383
854	880	0.135712712874601
855	972	0.17592360115291839
855	984	0.13110633755595144
864	867	0.14092844522972733
873	875	0.1926242254419728
885	922	0.10660648957611658
891	941	0.11767272592531249
894	928	0.10201682232687118
900	924	0.14171485498352115
908	910	0.10409452625314443
924	932	0.11786232514939024
930	987	0.10164809615343402
933	951	0.1067227513350504
947	982	0.10442905178403301
954	984	0.1051229393506234
956	988	0.11577034257700267
960	972	0.12608399589608787
970	982	0.11035903457392267
