0	4	0.2819795640949707
0	74	0.10791626612624514
0	743	0.11670554971666644
1	97	0.11217220217225729
1	210	0.13689233410092733
1	264	0.13334037031424537
1	362	0.12185051138611168
1	546	0.11696930115058131
1	653	0.13822223741859535
1	657	0.11790901300321834
1	989	0.12905811509899193
2	4	0.11410051176524719
2	8	0.14310769975891435
3	127	0.11224785642861768
3	145	0.10298300577359483
3	223	0.18135618520262214
3	413	0.12657974745903627
3	447	0.10857540448929345
3	659	0.15010686652355096
3	768	0.11245238252171633
3	904	0.10942795228647136
3	995	0.12717477062302376
4	28	0.10269045119044762
4	240	0.17627158042646004
4	437	0.14402546325904417
5	7	0.13156937627492757
5	274	0.11302880951491195
5	364	0.10172267201996205
5	489	0.11082385923261603
6	70	0.10394050922251011
7	10	0.11715632956300273
7	99	0.14613183008979153
7	254	0.10463701422409998
7	283	0.11588326547246215
7	286	0.10235616954640261
7	517	0.11025670468094302
7	543	0.12840863145338066
7	571	0.1052264287767669
7	670	0.1089748626952015
9	249	0.12551055130284253
10	34	0.13544187338101651
10	36	0.1228364859470263
10	210	0.10260644360256509
10	517	0.15644718864886473
10	861	0.11819538281529815
11	580	0.10052219192466602
12	92	0.11228447401413817
12	96	0.1269323374395587
12	98	0.10203750853631932
12	339	0.10274668770605667
12	671	0.11546338010621665
13	30	0.24007779988065792
13	38	0.14987358136094542
13	42	0.10545036020804988
13	60	0.15034910686674643
13	515	0.1007161351244424
13	569	0.13181487350509705
13	807	0.10606649784158634
13	822	0.10162399421559874
13	930	0.11438787994671362
14	18	0.11240329794128948
14	75	0.10316512748989773
14	82	0.14190682488563544
14	149	0.11895146302635683
14	806	0.12717533740737977
15	141	0.10626807326463664
15	214	0.17862187584560255
15	497	0.11110982273804353
15	828	0.11057599516636896
15	884	0.11360542097893171
16	54	0.11494707414746633
16	66	0.1333316810913291
16	68	0.12902252136982906
16	72	0.12616880034773126
16	945	0.11462463439953377
17	168	0.10452631697477391
17	397	0.12250212830238116
17	948	0.1210974732405822
17	994	0.10091560193695419
18	20	0.20357697790119506
18	212	0.12708477181738823
18	519	0.11549095117255248
18	609	0.10221071296273869
18	664	0.11310509940872256
18	772	0.10447419289423342
18	897	0.10849280925739777
20	36	0.11166492926860334
20	108	0.13718247099290598
20	256	0.1162769514011893
20	315	0.10659595321164995
20	320	0.11938849762773134
20	519	0.10351460075745977
20	609	0.16419381294115415
20	697	0.10683196404350223
20	910	0.11579925081713878
21	33	0.1030910809280735
21	262	0.12523103166423089
21	492	0.1045192257713219
21	518	0.10159290224755037
21	520	0.10967990578866692
21	524	0.10282071278256007
21	606	0.10025053310627205
23	103	0.13933524821760515
23	314	0.12473087051021535
23	406	0.11819496944721161
23	534	0.13600284767357593
23	690	0.14303764722278164
23	815	0.13720144941571963
23	981	0.10724719695779948
24	84	0.15261767871293083
24	90	0.1077355412528914
24	259	0.1282832349598714
25	185	0.11054771383007146
26	101	0.2237704745162203
26	110	0.16539992797652261
26	141	0.12359155815509922
26	521	0.13545678912651002
26	708	0.10075100108021152
27	541	0.12907429033413456
28	30	0.10290870843150961
28	42	0.10369890804077608
28	44	0.1445579389228098
28	437	0.11440013724386051
28	439	0.12620271207415945
28	715	0.19385553902775166
28	882	0.11825300935758289
29	191	0.2160449771488437
29	194	0.11124025435760063
29	201	0.1071871530180434
29	270	0.10615192667671551
29	346	0.1108592413003741
29	609	0.10333782759583358
29	738	0.11101624768035528
29	751	0.10060502523275174
29	835	0.10703947330775068
30	42	0.10818171374705315
30	60	0.10934907472190895
30	110	0.11404805824888353
30	437	0.12699063494354246
30	662	0.13293600709688422
30	732	0.11585171634209027
30	930	0.11183261518733857
31	262	0.1007073408973267
31	323	0.14478063128116828
31	374	0.12579854837718768
31	606	0.10469171227296734
31	997	0.10830407901235271
32	34	0.13614844911535684
32	146	0.13347192401367133
32	955	0.11147827580281737
33	276	0.11141007524016928
33	739	0.10990336806965625
33	795	0.10581442101981316
33	973	0.1273859523225164
34	36	0.4655489120777804
34	410	0.14296955545050372
34	517	0.13683677868110194
34	569	0.11932202914715749
34	573	0.10204913525032444
34	607	0.1295560096170087
34	789	0.10236483130978621
34	955	0.13579745453290418
34	957	0.11061258295007888
34	998	0.13886943324836978
36	47	0.10711838650511574
36	108	0.10621143543090908
36	638	0.10678258909943189
36	670	0.12853210483187227
36	861	0.10703328885622998
36	896	0.13223904856834506
37	331	0.24330701671620567
38	427	0.1362302705143539
40	439	0.12387801004533938
40	493	0.11674045791551284
40	851	0.10407917294234093
41	419	0.2753352209375804
41	908	0.14895234637387997
42	60	0.11081610432085148
42	549	0.10694628515377125
43	279	0.10343175131536664
43	391	0.1312411052171492
43	603	0.12410887265945655
43	639	0.2888257274484753
43	669	0.14123757677825055
43	755	0.10403304934921492
43	786	0.2366299197479348
43	788	0.10717901602267262
43	790	0.1250112095105254
43	792	0.14744747316622459
43	796	0.15867396900848424
43	867	0.10624102050057194
45	49	0.11857904334736036
45	327	0.10207796561585149
45	548	0.11120763458237139
45	794	0.17303125040345857
45	871	0.1014031490056083
45	949	0.10152913755075828
46	100	0.12088675440172193
46	833	0.1117759260375027
47	50	0.1130272816336123
47	134	0.13671605200877882
47	145	0.12448685680787981
47	161	0.11036000219167408
47	319	0.10431522047387949
47	465	0.2060347639301996
47	625	0.10564207308665659
47	682	0.12903297777386358
47	761	0.10883921419088069
48	110	0.12576037835369025
48	264	0.11803554947660645
48	811	0.11368978900623761
49	155	0.1185805554303904
49	856	0.15455048735119253
49	916	0.10488833366789291
50	86	0.11292551200347929
50	506	0.11352931967259569
50	574	0.11385287695691163
50	695	0.12525660361538785
51	274	0.10546068558525379
51	347	0.24611786099845095
51	563	0.10122934382169843
51	575	0.12501438117426864
51	857	0.11226958416079695
53	136	0.15160206647578564
53	627	0.12506092178597575
54	207	0.10569022838698511
54	318	0.14235527958219663
54	515	0.14100300862505907
54	521	0.12868543658729742
54	525	0.15948023656791557
55	83	0.10333799304779923
55	262	0.11445332381366337
55	360	0.12980974363242892
56	66	0.17536532131876495
56	517	0.12486085378099218
56	519	0.18807517645350347
56	523	0.1186584639151396
56	542	0.1259017956343526
56	607	0.13894473971297316
56	697	0.11123974454326126
56	772	0.11065904984172581
56	957	0.1822157707735102
57	705	0.10853129678451857
58	358	0.10857259512965056
58	605	0.11798204546246036
59	563	0.111091783534
59	619	0.10452926891449671
59	671	0.11246646350267124
59	729	0.10704388219364692
59	777	0.10351044897946964
59	793	0.16859540574922977
59	883	0.10173610623653215
59	921	0.10087608196089595
60	517	0.12193782739234052
61	236	0.10839954682441588
61	244	0.12550484456187216
61	283	0.14497778292616872
61	286	0.10758306426236021
61	735	0.15873628619941788
62	820	0.10016332144374734
62	931	0.13357832413674584
63	65	0.21588426171461536
63	218	0.1117119069264718
63	349	0.14379435156599268
63	755	0.10195904083267122
64	68	0.10060111560880043
64	98	0.11394859353321399
64	100	0.12061677341307965
64	977	0.24390950794785524
65	811	0.1208295448325835
65	927	0.10205215244120178
66	68	0.12079407326706708
66	70	0.1447484960130487
66	72	0.13900307005732673
66	657	0.11348476668701346
67	988	0.13852107578321393
68	70	0.16086162751224264
69	168	0.1141545713881279
69	588	0.1178272948534715
69	621	0.13194130009022212
69	926	0.1384565964167504
70	439	0.10745164026176895
71	237	0.17532622430567227
71	377	0.15781619319553278
71	595	0.17813750928781827
71	655	0.1019284999728899
71	690	0.1063770012185472
73	160	0.14976067706774474
73	170	0.13945362585106413
73	627	0.1329692635372422
73	834	0.10159346194537208
74	78	0.10045922436884802
74	150	0.10395143599630428
74	178	0.15154293298555174
74	380	0.10048685134506624
74	604	0.13568647382899587
74	638	0.10463657525426175
74	697	0.11314603540880776
74	804	0.10957648324650435
74	925	0.10262875851621989
75	489	0.11369957894692036
75	895	0.10947760440347636
76	264	0.12134608140655231
76	588	0.14837821752004332
76	609	0.12460158617897592
77	257	0.13349278660187067
77	396	0.11665580248735007
77	503	0.10407967621210663
77	533	0.10542384351813898
77	914	0.10126241663150704
78	80	0.3599099519756533
78	476	0.11643254136879942
78	480	0.11086090277281839
79	81	0.11602436169688145
79	83	0.24704614276668413
79	106	0.11258082681916697
79	170	0.13244819685997922
79	379	0.121114107371287
79	497	0.12009098323296108
79	501	0.12271222431596529
79	605	0.1012387041339693
79	617	0.1171670988171231
79	733	0.10706423318687706
79	814	0.1450394723281343
79	816	0.14108310495324217
79	949	0.10706659424422567
80	596	0.13159170010865004
80	653	0.12133800916966124
81	83	0.37402183005507955
81	123	0.10537159985412242
81	125	0.12093644874604473
81	127	0.1318601126780333
81	147	0.1041056565058879
81	299	0.17804955778428122
81	414	0.10334192314756097
81	450	0.11903188004638675
81	812	0.15568894274741069
81	836	0.11426127904731469
81	846	0.10095866102787909
81	895	0.10014173922515938
81	933	0.1237599113197202
83	123	0.12206314656241263
83	182	0.11318226552269527
83	201	0.11562240370459272
83	299	0.11880864572537031
83	389	0.13124299641639703
83	450	0.10244127320659908
83	659	0.1306460944975864
83	791	0.1748264014397464
83	793	0.1145558561655897
83	812	0.11405734444249511
83	933	0.12159086266955746
84	253	0.10956985443491374
84	272	0.12732681195690448
84	282	0.11146559993356349
84	493	0.12826713292309658
85	600	0.1207297397804581
85	631	0.1524691888565365
85	769	0.10197921383438271
86	805	0.11746313981947812
87	288	0.11884380142461852
87	366	0.12350851289139902
87	397	0.16966505079650893
87	915	0.10127675907503034
87	958	0.11066429231441388
88	92	0.46928515839330953
88	96	0.22357099683330608
88	98	0.42837221140609416
88	104	0.13807979120864017
88	108	0.3279933478594181
88	766	0.12790113143540258
89	657	0.12736520583686692
89	942	0.10591568559456334
90	94	0.25697189050513736
90	102	0.19792973582585804
90	106	0.23599927378421703
90	938	0.10241150665012565
91	125	0.12228743781714109
91	557	0.10690303847077816
91	573	0.10897704606702828
91	639	0.13240025587881993
91	713	0.11475943130326735
91	912	0.10079934142078752
91	919	0.12901210460092574
91	949	0.10043993039473599
91	957	0.10379394645644496
92	96	0.14845363334882164
92	98	0.25487978813586126
92	104	0.4936317881847984
92	108	0.20992296314552672
92	697	0.12136469915694645
92	861	0.11621143929195321
93	222	0.11764105124084066
93	340	0.11303604633891497
93	617	0.18519317748521974
93	636	0.11545205826533617
93	729	0.10931910079882093
93	783	0.11183820305280538
93	784	0.12089894134824339
93	796	0.1202434299195843
93	798	0.1158402965212612
93	913	0.13457737295319652
94	96	0.3140489539033199
94	100	0.24942245501510876
95	241	0.10682838436612749
95	389	0.12380940801773521
95	846	0.10217117421217503
95	854	0.10142575337640276
95	878	0.15462220505578253
96	98	0.3937971243970034
96	102	0.20564214312773685
96	104	0.23521809697773008
96	354	0.10164608940874861
96	413	0.12269959598063031
96	934	0.11050650397273185
97	803	0.11370424597467658
97	850	0.10144148538947194
97	981	0.10730269714089323
98	100	0.1192259982400306
98	104	0.1879151844968598
98	106	0.12249710708882865
98	223	0.1492025176649853
98	354	0.13741475803840583
98	559	0.1087544723318468
98	833	0.11404902252272692
99	251	0.14932244421724092
99	595	0.15940506375388577
99	835	0.11232578881250893
99	921	0.16577765003712766
100	102	0.12270702054909446
100	108	0.13230073010352938
100	359	0.10137709526925523
101	229	0.107621748763461
102	106	0.12989778643295552
102	223	0.14535855771128528
102	936	0.12856300446946148
103	216	0.14743146965993176
103	327	0.10448848490766868
103	496	0.23744369792999964
104	108	0.11615205665183387
104	789	0.10710277592169937
105	134	0.1439769528251022
105	351	0.14177463547515415
105	564	0.11832166289946011
105	574	0.10724876657948072
105	670	0.18264599915399315
105	699	0.2700490706362437
105	705	0.10101495281271364
106	215	0.11292127348018845
107	247	0.10543773926787411
107	354	0.10112874596387177
107	593	0.16956334503478226
107	634	0.15880318340596736
107	640	0.111509142993265
107	875	0.10527583654051029
107	958	0.11030057331401429
108	385	0.10463029651819641
109	123	0.10495657752540902
109	287	0.12452764947012457
109	354	0.10716513762217392
109	463	0.1013432984528246
109	857	0.12925543418495683
109	931	0.10004721454720679
109	982	0.10073125990389194
110	225	0.10904740512849814
110	319	0.12259486698144759
110	437	0.14425732337053288
110	610	0.10646385659036102
110	756	0.12295801709098919
110	811	0.17599396478353607
110	833	0.11169586066668856
111	265	0.12885074809477667
111	438	0.276936255626116
111	456	0.12952057931841565
111	487	0.12132755842751801
111	576	0.1373673626314884
111	715	0.10261234076789634
112	651	0.10428707857450568
112	799	0.11882295403239913
113	159	0.10512763139229117
113	169	0.13264298716065076
113	565	0.35975805431382424
114	638	0.11941294143986482
115	187	0.10455559837039008
115	397	0.10605058818405678
115	503	0.1362069217587947
115	613	0.11295254835473827
115	688	0.119776925648512
115	708	0.12811857741810417
115	716	0.135096629239582
116	491	0.12113653581016798
117	251	0.12548710054303608
117	402	0.15692017327288316
117	477	0.11191200170865305
117	676	0.11655935971745304
117	684	0.10395444186452461
117	758	0.12379568633598001
117	776	0.20389808871618395
117	844	0.12860273912111822
118	124	0.1980825381014297
118	143	0.11484511626377307
118	194	0.11974056311290059
119	216	0.10364461872773056
119	264	0.10746921370448374
119	484	0.1112078286357029
119	650	0.13004603247585883
119	654	0.10400298337573467
119	903	0.11217806878471419
120	144	0.1153418061353203
120	162	0.10483623370546447
120	216	0.14487989253837133
120	222	0.10572481211521771
120	632	0.14449236376939584
121	333	0.18872595396354372
121	420	0.10938914114456434
121	678	0.10929103653944641
121	680	0.17716383696948113
121	736	0.15876075885638197
121	947	0.13518769226594074
122	124	0.15381403493830556
122	144	0.10241732485912448
122	159	0.10239195949234883
122	208	0.12087939007889456
122	250	0.100363282905367
122	370	0.11871480746512104
122	844	0.10771145088835277
122	863	0.10392643431735044
122	907	0.11332714101776194
123	133	0.10570190182408289
123	169	0.11408880755822072
123	389	0.13172744985806742
123	659	0.10665800695438829
123	817	0.10299655469683218
123	982	0.112469956556292
123	987	0.12680181263433102
124	140	0.10850390740327766
124	194	0.16059758658025944
124	198	0.11320860546264204
124	228	0.10077960489066579
124	587	0.11922331100399935
124	636	0.10170106771522595
124	653	0.10403836905838229
125	127	0.4160067222158193
125	245	0.12868442355228552
125	364	0.12292806514401398
125	496	0.1727453683917177
125	712	0.11972276072520967
125	733	0.11920256801490789
125	738	0.14596306303879641
125	828	0.12286044707864724
126	130	0.15139159140872469
126	204	0.12128610633817191
126	224	0.10540480406414988
126	585	0.12038384729698119
126	630	0.1564468417757335
126	969	0.12678328310324616
126	972	0.1007461923819196
127	150	0.1253276208028758
127	733	0.17030260391238267
127	821	0.10654026388952487
127	828	0.1657469044698043
127	888	0.1261722463769798
128	130	0.1693541600487376
128	140	0.12200675274535286
128	168	0.16743194731620356
128	206	0.1356564126107012
128	711	0.10099453111527781
128	842	0.10585169639185288
129	640	0.16663687476263955
129	739	0.1126292402055621
130	148	0.10969389110032442
130	150	0.17463858053332076
130	168	0.16088951085442915
130	226	0.10088927711449079
130	745	0.1303911674166089
130	960	0.10021177466756734
132	386	0.17095690047021625
132	438	0.10620575456894833
132	465	0.1217432218663808
132	468	0.27679314019515594
132	488	0.15082941954467358
132	568	0.11114404432450024
132	603	0.10034124680298087
132	676	0.12822115472197812
132	868	0.16293245591945804
132	927	0.15757742385746534
132	989	0.1058914880578983
133	272	0.10418911341467375
133	396	0.11603730992326586
133	398	0.10079993041813351
134	142	0.13529163013325549
134	273	0.10030335309426126
134	799	0.10112501747726341
134	860	0.10303460772704169
134	981	0.10164565104942246
135	208	0.12781544178114798
136	142	0.13430004975322574
136	220	0.1584827859379492
136	393	0.10166602057377265
136	421	0.12465535359419735
136	546	0.11309740131464517
136	828	0.1306484993693834
136	974	0.13090481342409785
136	992	0.12356152863211335
137	853	0.12762203200779582
138	140	0.12167389611284166
138	188	0.1085170508917065
138	221	0.1719411994977217
138	268	0.10706403841388898
139	200	0.14781956039268207
139	218	0.12208294916329657
139	397	0.11781728942288495
139	491	0.1587415252521288
140	143	0.19543902361204368
140	205	0.12616616202313544
140	254	0.143788021292012
140	264	0.11146394990971244
140	640	0.10081562043969264
140	655	0.16209487389121074
140	667	0.10674430668888507
140	747	0.14209539425037473
140	799	0.15545015714280377
140	848	0.16056094485444847
140	917	0.10907702339723295
140	947	0.1087063755817003
140	964	0.10089764106082473
140	996	0.10653633469840422
141	351	0.1160348644704684
141	398	0.17788350533806654
141	508	0.12388113294933552
141	594	0.12726297787660937
141	689	0.157605688343512
141	887	0.12235172595885019
142	146	0.11165262033523479
142	156	0.20904425967100929
142	166	0.1234056322791784
142	216	0.10008417594197261
142	268	0.12477642339778021
142	597	0.10582101281845345
142	632	0.13546377256107228
142	667	0.18558973720794492
142	793	0.11321851190498822
142	992	0.10861048072188782
143	180	0.13579200106131745
143	220	0.145985387838136
143	228	0.11064551750528615
143	363	0.10216084524816998
143	667	0.10496792863652117
143	714	0.11481922903930603
143	716	0.11014003113877974
143	850	0.11802892923841703
144	186	0.10278797230387443
144	491	0.1351769260620263
144	653	0.10464305049289634
145	319	0.10729885666650334
145	441	0.13226211844713306
145	647	0.1340600365997017
145	855	0.1367860242971572
145	899	0.11178746513734464
145	980	0.10839948492336192
146	151	0.12426069460888604
146	155	0.10565444942333264
146	156	0.11856765229209004
146	176	0.15200596906588662
146	216	0.13372746514510642
146	221	0.1424068186215335
146	222	0.12899476663018447
146	346	0.10966147039102912
146	363	0.10311011254669812
146	385	0.13537883903866588
146	760	0.13627419013539252
146	793	0.10259284927437941
146	839	0.11541647443095453
146	871	0.16063758574611356
147	159	0.20305809642235573
147	249	0.1107657320722277
147	450	0.11477062922932184
147	819	0.1631166921243828
147	902	0.10734173261308431
148	168	0.10884008118109992
148	799	0.10016053553463804
149	250	0.11721022563917224
149	335	0.12455748889270296
149	449	0.10639679527817804
149	624	0.10511680410219998
149	654	0.14876828675428072
150	162	0.11854862020321755
150	278	0.13462886912807187
150	491	0.10157755675030786
150	565	0.10347956201433553
151	385	0.11114592693948622
151	389	0.15192670533736166
151	406	0.1567641691850395
151	599	0.11247140417356323
151	679	0.10987227279325136
151	789	0.11777599411832874
152	174	0.12878509992874207
152	292	0.11050841409525881
152	373	0.10318557081838184
152	409	0.12748937824982937
152	446	0.11371082682962266
153	158	0.11601943355231518
153	530	0.10860309965477408
153	722	0.10739034389630368
154	260	0.16817038489079403
154	577	0.10482236911908051
154	777	0.11501573553408344
154	902	0.13701910133581904
155	259	0.11103177029392619
155	279	0.15440462154481657
155	294	0.10163394789491732
155	478	0.103814409872678
155	807	0.11152978299063876
156	160	0.14491159936937326
156	162	0.10403490778924693
156	170	0.10053000231130224
156	210	0.1044525122553286
156	222	0.15923470036684542
156	400	0.10454577844566137
156	625	0.11048762549249441
156	793	0.14097658925678266
156	989	0.1392654889929922
157	681	0.11676200962334869
157	930	0.11999670366759486
158	180	0.107622502524757
158	569	0.1023812614994281
158	822	0.2097329339468821
158	857	0.10441548269508268
158	858	0.11679430478624153
158	935	0.10428920084010142
158	995	0.15911424766409235
159	193	0.12958243663654728
159	208	0.10820101940785164
159	450	0.12471819025833175
159	887	0.11052182064795159
160	172	0.10031208243325537
160	178	0.11881014313600917
160	193	0.13189189083259598
160	196	0.1029846312749747
161	194	0.11382825001120013
161	621	0.10595385359898236
161	635	0.16121263623102847
161	978	0.1009868546814912
162	222	0.14739220677052164
162	231	0.11171575636205414
163	587	0.11661071739452224
163	935	0.1512800217049022
163	955	0.14616561292085956
163	957	0.10244678413204167
164	172	0.125209172827773
164	174	0.1325349385615517
164	178	0.10452796230545533
164	193	0.13606808849147775
164	196	0.14983210024559018
164	198	0.18823209615649703
164	233	0.1436580696914969
164	327	0.145642265229657
164	711	0.15341023315228142
164	810	0.150261469168412
165	295	0.16752800137931642
165	889	0.1137350424496745
166	172	0.15462164965587472
166	174	0.11809624558017354
166	176	0.11903348770727543
166	186	0.15071944180500318
166	224	0.1262209480856368
166	233	0.1067690725227169
166	587	0.11260856960376198
166	711	0.10937394392866819
166	759	0.135748455127438
166	941	0.12154546327539922
167	277	0.11440250811108774
168	549	0.11075739588267922
169	231	0.10458178911249423
169	292	0.10209241469835417
169	565	0.1774623413727073
169	982	0.1146895913201136
170	188	0.1065321040254572
170	196	0.11468567076718054
170	210	0.10889446364695289
170	227	0.11753827135686347
170	497	0.11140785470648285
170	585	0.11151213653139058
170	667	0.1033543336708825
170	670	0.10315687807667
171	777	0.10076571460938545
171	899	0.10233879443419276
172	173	0.10252857262962553
172	186	0.13361595693094613
172	193	0.10784910827048284
172	196	0.15875202453223608
172	200	0.10073380068655194
172	206	0.10675979020478647
172	226	0.10319179075221466
172	348	0.18835248813112643
172	597	0.1106832860641991
172	655	0.12283638030967066
172	797	0.1933829140801162
172	808	0.12460340121920016
172	953	0.1311653334934274
173	233	0.13261479581946717
173	401	0.1138462357966533
173	470	0.10806784089707898
173	938	0.1240930058186118
174	190	0.11692988908514126
174	197	0.16430057002417034
174	198	0.1752749662381994
174	218	0.14436218645710094
174	228	0.1142818644987351
174	376	0.13991495731504047
174	391	0.1164849558009307
174	402	0.13647434654443188
174	987	0.11616679493762441
176	178	0.11136942259348809
176	186	0.1134741471400203
176	191	0.18564339784434689
176	196	0.1223315652308744
176	206	0.13116097099953125
176	221	0.13390421925470872
176	259	0.11238622186183697
176	346	0.10672772998621277
176	761	0.10045982338260528
176	871	0.10625290435228396
177	197	0.13089098451353054
177	259	0.10856761957437419
177	301	0.10203783231964376
177	450	0.13836931597107718
177	648	0.102176904862669
178	191	0.11603261866031833
178	193	0.3399282067806366
178	196	0.13716354734012964
178	197	0.3526407899314961
178	350	0.1076699065268852
178	497	0.11577400090477931
178	662	0.11472067634184294
178	673	0.10484589197021212
178	925	0.13008165788335618
179	367	0.19801148124627801
179	780	0.120139129726552
180	188	0.12620741044413317
180	220	0.1557636660954478
180	363	0.12951403933171712
180	718	0.12707329161929554
181	441	0.10241930566940843
181	452	0.1188510589980194
181	487	0.11893797724755907
181	561	0.11383796221758517
181	679	0.10493764886341085
181	961	0.10863350074170666
182	216	0.11006245117444938
182	341	0.11245091168034263
182	452	0.10539176030957713
182	466	0.10288422943597256
182	667	0.11067910095550061
183	569	0.10051574071001718
183	727	0.1027771469462125
183	955	0.14770786601560423
184	362	0.10556326992895729
184	413	0.18267299976387796
184	502	0.15040276192703822
184	613	0.14898666823424078
184	721	0.11843683466176425
184	823	0.12330115273925493
184	927	0.2176284826674881
184	989	0.10738471032724704
185	813	0.1112599456051121
186	194	0.19501391756070338
186	196	0.14004404940181844
186	368	0.11197915123647181
186	464	0.10301084073040641
186	491	0.10123784613060668
186	587	0.180853244683664
186	797	0.1157787466406842
186	932	0.1267325329269002
187	292	0.15611100994160687
187	332	0.11509830963654079
187	360	0.11952361215734154
187	415	0.1126634464608318
187	571	0.10232113689778391
187	734	0.12448304481816665
187	801	0.10196179224190428
188	194	0.11014942724021187
188	289	0.14918291375072065
188	374	0.10187760633581347
188	491	0.15866949513123182
188	585	0.12687673566995142
188	732	0.10364323394578384
189	264	0.12788874636381875
189	268	0.11335609256300695
189	842	0.14444099773004476
189	843	0.15849099042283607
189	850	0.19017106507546636
190	192	0.1519312207548416
190	198	0.17506148407361388
190	363	0.10249801836155946
190	637	0.1340529245941021
190	740	0.10973118422337383
191	212	0.1152817842439692
191	253	0.10845888986663792
191	354	0.10773160048603656
191	370	0.10750241037898682
191	413	0.1027372308066054
191	464	0.11553290343352425
191	493	0.13187856570125084
191	852	0.10332224589588894
192	196	0.12010360955004921
192	200	0.23745281688661707
192	214	0.1056766957515953
192	322	0.1152494868932984
193	202	0.11016553351076966
193	259	0.10835781212362466
193	481	0.10848048778173129
193	812	0.11091765289100478
194	198	0.30752895024000226
194	200	0.20095769315090234
194	228	0.3461028167477809
194	374	0.1271548246673367
194	587	0.15251013762970397
194	711	0.1230595694951482
194	724	0.10319177163942332
194	747	0.10515304062285669
194	771	0.11206057844167351
194	873	0.10596977655994584
194	875	0.10290642273220703
195	207	0.10372109223352019
195	239	0.10243849577321436
195	379	0.1145109439931904
195	470	0.1503627676245203
195	481	0.19157268729853605
195	541	0.10362795090013402
195	625	0.14460250396987162
195	945	0.10177762212258938
195	960	0.10014508694794615
195	964	0.10575793257576627
195	967	0.11299134959121752
195	968	0.11416444753770646
195	976	0.10907213742082612
195	978	0.1062782158004081
195	980	0.10339724120725856
196	202	0.11467452451237806
196	221	0.1552464990821158
196	377	0.11337097292173653
196	497	0.10185653916427949
196	526	0.1197563116090884
196	809	0.15559059102693332
197	301	0.12029038173286888
197	513	0.1335991071508665
197	585	0.1019545312878029
197	648	0.10274255446150672
198	218	0.10031883927182934
198	228	0.2832350040556103
198	233	0.14664809145917965
198	363	0.18757561229046177
198	771	0.10704426467505843
198	809	0.1501318969642659
198	873	0.21004010670932033
198	875	0.11815065630468032
198	907	0.12008068607162761
199	205	0.11974167285607822
199	214	0.14809501862018593
199	270	0.1412152918200715
199	470	0.11933844487158557
199	943	0.13681557585529658
200	226	0.1550917137903219
200	374	0.1136629637257097
200	491	0.10231944295047866
200	592	0.1323435879856368
201	245	0.14766368749863135
201	253	0.13244731109578653
201	299	0.12662886264178547
201	326	0.1010710569128723
201	354	0.10500338202687745
201	669	0.10772631886181537
201	810	0.12180947047902485
201	949	0.10228327167059768
201	987	0.11101737698385637
202	378	0.13952684032114518
203	252	0.11983589665869757
203	463	0.136166734104247
203	599	0.1336227602951098
203	625	0.10304557871218807
203	707	0.11652160055513557
203	781	0.12003756674577225
204	969	0.1113828736860113
205	259	0.10531553532310105
205	270	0.10965307190252803
205	387	0.193870708253873
205	848	0.12382014971056482
205	896	0.10457854916217146
205	900	0.12651232881339142
205	902	0.2546753816114683
206	214	0.10237809559616971
206	233	0.10194881435471309
206	363	0.11820372443725906
206	497	0.13128441754600972
206	604	0.11589995895541577
206	711	0.10911042751015174
206	797	0.11663684291705387
207	239	0.17727607915625734
207	301	0.13545977459928568
207	692	0.11568635007390285
207	967	0.10169427438583958
208	210	0.165350240859947
208	422	0.10468870772147999
208	491	0.12734622102693569
208	508	0.13723539335503013
208	653	0.1791640645054495
208	939	0.10249085216594346
209	260	0.12318870940116769
209	401	0.18494620961907193
209	466	0.10311430943507788
209	777	0.10414914510248073
209	853	0.10372101448439741
209	975	0.1377393300828182
210	354	0.11765643634995727
210	989	0.11850410357477478
212	655	0.10227013412365796
212	958	0.12163943713427684
213	721	0.11112314215624285
214	220	0.1068962529824386
214	348	0.12635020891097537
214	497	0.1488789582221133
214	878	0.10160109181799738
214	974	0.11328813909256395
214	981	0.11944463929981639
215	660	0.10036900954357586
216	632	0.10681260961355257
216	667	0.11872591235979892
216	751	0.14992928499128422
216	754	0.10746963936343977
217	591	0.1862588793089981
217	723	0.1167759452626935
218	739	0.1363192760909815
218	907	0.11408999051491235
219	523	0.10888757719930957
219	958	0.10472903679411966
219	966	0.12287673433518384
219	994	0.12572956456012385
220	863	0.10510212511636202
220	989	0.11034195989257788
220	992	0.12327216415797841
221	228	0.130335975681928
221	719	0.10066855684087021
223	762	0.12760530744027995
224	633	0.13842880314848183
224	711	0.17233310413557307
224	799	0.2098154757648252
224	864	0.11821800334518515
224	969	0.11999871110975477
225	673	0.12527241812301498
225	722	0.1692440338421919
225	818	0.11166049906328308
226	747	0.11642790982081096
227	379	0.17334574280958426
228	265	0.10794449308151817
228	740	0.15484748892113626
228	809	0.19067567638894375
228	811	0.11787600740335723
228	836	0.12623680235947302
229	525	0.15381521505235352
229	542	0.13846277804692173
229	633	0.105159395892931
229	957	0.1770059914462922
230	323	0.14821131707213778
230	338	0.10891388565353814
230	397	0.138325705490458
230	995	0.13884738490651588
231	341	0.1350199969888718
231	347	0.11145087136575534
231	360	0.1216970431831147
231	370	0.10237484566244275
231	585	0.12285376612416031
231	593	0.1066183651944228
231	711	0.11160457393120332
231	799	0.11706241382568117
232	359	0.1054738409313631
232	535	0.1136915123431243
232	776	0.10703487867856039
232	949	0.14990947334591206
233	327	0.19769792411312975
233	470	0.12872759366466535
233	497	0.11337725994266544
233	700	0.13696416664131836
233	711	0.1490842582350476
233	725	0.10061629513490221
233	816	0.10730407132340314
233	873	0.11371040989767904
233	933	0.10429651966065351
234	356	0.11321520931643264
234	369	0.123156857086856
235	538	0.11219735181974334
235	571	0.20504221464834824
235	646	0.10583909672169428
235	700	0.10119077375804722
235	887	0.10672069751363468
235	914	0.2583266790172479
235	916	0.10779569587315134
235	934	0.13962382721726574
235	943	0.14846418071693523
236	238	0.12242351147286003
236	242	0.1601812007793408
236	244	0.15119723588424286
236	248	0.22414024147360684
236	278	0.10043342085923926
236	330	0.10854701272083925
236	677	0.12325995088696512
236	691	0.12097749362889915
237	285	0.10405277653079226
237	340	0.10625875158151564
237	501	0.12892712763631017
237	527	0.1310906209943139
237	704	0.10032661594628321
237	739	0.11940747246325785
238	240	0.3443950938147723
238	306	0.11724905002385677
238	479	0.15878042079852225
238	677	0.1030290272326873
238	693	0.12353883904386768
240	306	0.10132932349724218
240	342	0.10131014660438005
240	423	0.15991206354006565
240	693	0.15022137819287593
240	743	0.12017820723343235
240	991	0.11182106282974015
241	289	0.1414741257198292
241	424	0.14028600636424352
241	571	0.10493822400860603
241	589	0.12538190238336044
241	632	0.12778811404216162
241	767	0.1123200697231807
242	244	0.21032874560062523
242	306	0.1431231923581137
242	743	0.11797196516307369
242	963	0.10227073835542912
243	254	0.10869692637020643
243	669	0.12323891818406858
243	771	0.1415852191418372
243	894	0.14001911204715034
243	918	0.1501553596752931
244	310	0.11130184748396296
245	299	0.13948823210926037
245	341	0.10897273812360016
245	728	0.10026214270861938
245	780	0.10275526119698096
245	797	0.10870540652899413
245	810	0.1345128357156249
245	862	0.14010781874951425
245	874	0.11290253669347754
245	926	0.1035567218434595
246	337	0.11056538610023581
246	374	0.1247697245670093
247	267	0.13807212848346279
247	404	0.1050738821359352
247	634	0.12571224717284374
247	672	0.10327230100860227
247	997	0.13847488091914967
248	254	0.10674086227334428
248	266	0.13838800944796165
248	312	0.2813716862037633
248	369	0.12860291689558856
248	397	0.10091285056145978
248	457	0.23294161642944852
248	677	0.1538600246035173
248	688	0.10483001008014113
248	745	0.1029408989710298
249	973	0.1381404511118559
250	266	0.10176654037566571
250	310	0.12316720048051283
250	344	0.17637036335156192
250	356	0.12121902189368976
250	359	0.12368098320505787
250	361	0.11166469846025658
250	463	0.12139431192892881
251	705	0.10466543779861968
252	278	0.12009169435299706
252	366	0.10838651175316034
253	404	0.14620338864037402
254	264	0.10485612544134747
254	270	0.10350600907560938
254	286	0.10937004053043403
254	302	0.11219051575021619
254	335	0.10869013146225852
254	364	0.12235899435488622
254	609	0.10547868605463248
254	729	0.10739099189456669
254	774	0.10444679555331972
254	964	0.10575621632300097
255	755	0.1256858128627701
255	805	0.14021083383212338
255	878	0.10834783662639792
255	961	0.18536104519163288
256	260	0.12551793826225496
256	638	0.10580870492788985
256	834	0.24131119224872297
256	877	0.10966315334446278
256	909	0.10024761812737593
257	326	0.1417315995491592
257	594	0.133896072330941
257	821	0.18906380217971885
257	875	0.10648425183363801
258	350	0.1187350353116698
258	529	0.10764632644824004
258	575	0.10044107034247131
258	898	0.10306001308682061
259	261	0.12614376827846283
259	299	0.1660362797988274
259	326	0.163205533948102
259	359	0.14034465768522658
259	373	0.10566709670471466
259	593	0.10037774935686336
259	712	0.1713113200703864
259	812	0.13894720501136143
259	889	0.10814054372356177
259	930	0.10507253066832473
259	933	0.13152266148928515
260	278	0.11681711915398164
260	401	0.11547452364940165
260	486	0.1347410761907758
260	535	0.115379426596894
260	541	0.11547695580381974
260	623	0.14574542745359248
260	995	0.11944622150363862
261	474	0.14153575280612377
261	595	0.11426321969053255
261	814	0.13706982314352345
261	909	0.12170999726169517
262	266	0.21433663492160263
262	274	0.14475051821430385
262	298	0.10382545864028009
262	340	0.10522618300183761
262	344	0.12408805449200709
262	360	0.21546687347156537
262	382	0.1117999300179693
262	457	0.11910609076324129
262	972	0.239619767490822
262	976	0.16631956292333924
262	991	0.14438214057714863
264	304	0.10632581842699224
264	373	0.13434103519317186
264	397	0.15693840552540844
264	613	0.11214271751248849
264	850	0.13697622833208536
264	947	0.12388875200675521
265	404	0.16513537077734508
265	414	0.10009845039392369
265	438	0.10315920084758531
265	487	0.14967279330982172
265	839	0.12763707477904296
266	278	0.1295292192104685
266	334	0.16399849588872126
266	457	0.149783683029732
266	848	0.11460639895736613
266	900	0.11012185777493023
266	980	0.13613416620612837
267	414	0.12454663051025795
267	481	0.12447286698955658
267	537	0.10191790193120082
267	933	0.12276551362360995
268	356	0.13501554539006475
268	421	0.10828609090949701
268	535	0.10560995500755754
268	855	0.12419281494006075
268	889	0.21735385650499212
268	968	0.11281211855674775
268	992	0.15559021222267935
269	595	0.20093683987870203
269	799	0.10604206742696187
269	959	0.12586028414843053
270	322	0.13271965864155266
270	364	0.1637680653670599
270	401	0.11585520347085579
270	673	0.11512845457517297
270	729	0.12485431661316879
270	735	0.11713445708401153
270	947	0.13509661261376268
271	287	0.10173778031443984
271	304	0.1499478667700631
271	480	0.1085143004238832
271	639	0.13303050991279802
271	830	0.16504136227500324
271	916	0.10901726007311272
272	294	0.10662008252100194
272	359	0.10472924270636079
272	387	0.1521197529577028
272	408	0.12600422009871548
272	414	0.1053749547200611
272	630	0.13479970500648278
272	719	0.11275407108789277
272	739	0.11531485812123342
272	813	0.11917867681238938
272	848	0.10898819079339586
272	864	0.10271363558880049
273	820	0.137972516851179
273	927	0.10945234059786818
274	481	0.1112200630452541
274	605	0.10559811718286319
274	633	0.10656386456443022
274	846	0.10092510672520941
274	887	0.10542468522292939
275	398	0.10794810739863164
275	406	0.10879793193860773
275	422	0.1463777496806872
275	679	0.10589546624865818
275	852	0.148706652416861
276	356	0.10201360184418795
276	368	0.10187907306821459
276	633	0.12378776875678915
276	648	0.10071271450318908
276	847	0.11009914565726786
276	891	0.11461241733910163
277	295	0.10073401572156374
277	523	0.10204688480082073
277	751	0.12171211320871941
277	901	0.13105978426098128
278	290	0.11970571895590097
278	312	0.13474468426422578
278	330	0.11440080141163353
278	366	0.1437006057209966
278	397	0.1069801574070751
278	576	0.15564574175868665
279	570	0.10054490303113643
279	712	0.11889215249848807
279	916	0.12397913726981807
280	282	0.11363174539840329
280	283	0.11911297350173719
280	296	0.13889678678698322
280	322	0.11121089646572933
280	345	0.12319310848739314
280	941	0.10444326608146287
281	600	0.10523050292424208
281	734	0.12288211696614952
282	340	0.14449194687343636
282	463	0.18181059578328523
282	465	0.16685357006547982
282	469	0.140586731913291
282	677	0.12939514380468198
282	729	0.168067553217491
282	899	0.11093928437357646
282	995	0.1591379504560183
283	328	0.10387620104328814
283	543	0.16026627012118
283	721	0.11051764093777973
283	867	0.1267158358025668
284	302	0.12048762336893051
284	306	0.10286315704516628
284	312	0.11120969290813285
284	397	0.17262209519925464
284	685	0.1698329748855393
285	665	0.11421623714061166
286	292	0.14431798789646677
286	302	0.19342478737727806
286	308	0.11714539392110014
286	326	0.36482173447624
286	735	0.11230478093843649
286	835	0.10188417354512683
286	903	0.11682040585135159
287	482	0.1005007615419457
287	623	0.12053298742725436
288	290	0.11722812524144222
288	298	0.10158084772601506
288	310	0.12962101976892274
288	324	0.1376825829973198
288	326	0.11735853857041276
288	397	0.13334755160582723
288	833	0.10657045902930387
289	557	0.12012656247534603
289	787	0.11819871885422169
289	919	0.11883210305416525
290	316	0.17725338518612993
290	330	0.11806575803925257
290	366	0.10899796029553355
290	397	0.12552556191294417
290	412	0.11241135941886256
290	472	0.10219727016076827
290	633	0.12648716377771077
290	741	0.12693227077276018
291	444	0.1017066710701223
291	806	0.10116195400123093
292	294	0.10360162361981322
292	300	0.122266314627828
292	304	0.15188591242465727
292	342	0.10676603752173058
292	373	0.12309748522498193
292	775	0.12603765734471092
294	358	0.10321107872733104
294	380	0.12399619133729052
294	757	0.11358409024629855
295	523	0.11414632584035155
295	673	0.1046133128303665
296	298	0.17178303111158677
296	312	0.12822231785793645
296	314	0.1035853703475611
296	336	0.12456192638160288
296	345	0.10485381813564806
296	535	0.13131910171080816
296	991	0.13936080510677606
297	505	0.10352617337186988
297	771	0.15987430843362485
297	891	0.1153931270987228
297	892	0.12852984215309776
298	306	0.11922172175862025
298	312	0.10747154243941599
298	323	0.11368330453483881
298	345	0.10325883041812198
298	397	0.12108810312376397
298	427	0.17096491863942326
298	474	0.10373712676953334
298	496	0.11794980414038449
298	991	0.11687922108102446
298	995	0.13686817017413822
299	473	0.10388043675305182
299	575	0.10023428813400544
299	733	0.17881086789468556
299	788	0.10382682065392897
299	810	0.1274459586787471
299	933	0.10911949710325758
299	936	0.12886642796684142
300	306	0.1029428548211254
300	320	0.10897912792010546
300	677	0.12500366679216868
300	693	0.12024139457022834
300	963	0.37197426926553717
300	991	0.10766522117749755
301	501	0.11957370269706802
301	617	0.11010027058896532
301	818	0.11937123321557885
301	909	0.1843944963868131
302	326	0.2125486214211922
303	606	0.10155723820037467
303	608	0.11747581661226358
303	919	0.10041435927840442
304	328	0.12333212537339758
304	338	0.1422823838109498
304	749	0.12318092480146098
304	893	0.1477391657732452
305	371	0.2754317076326707
305	637	0.12853266834367996
306	323	0.13056049253293944
306	340	0.24622763924173507
306	342	0.12986140509740876
306	349	0.10061745296731306
306	694	0.10991384008095491
306	725	0.12660409070082365
306	743	0.12276921710013566
306	966	0.1254235527366903
307	421	0.11567074013216677
307	637	0.10616473666181941
307	645	0.10796570109658934
307	658	0.13746897556094542
307	660	0.13095652298661667
307	669	0.11945760645478827
307	828	0.11236717410350086
307	878	0.10912536913834751
307	973	0.10079847320099983
308	360	0.13149495543308595
308	605	0.10819220464249352
308	735	0.10733446775548296
308	775	0.13561163941229057
308	976	0.10263397111488777
309	329	0.11615623638677729
309	465	0.1202053330347905
309	791	0.10020490328208687
309	793	0.11952154565395444
309	852	0.14198751874065826
309	860	0.10519842960365366
309	866	0.15669001095971188
309	916	0.1559159139608516
309	967	0.14959601474388126
310	336	0.1881923962858067
310	344	0.10332613668852497
310	356	0.18197985442403442
310	359	0.10599921066093017
310	374	0.10165395399064012
310	963	0.14472042633750282
311	920	0.14073406678195902
311	925	0.11278443435205439
312	397	0.11211461822055314
312	459	0.10532551557706132
312	675	0.11482172574100707
312	756	0.11759242778901455
312	991	0.39756392846383537
313	430	0.11245593981432694
313	815	0.15911031296026157
314	329	0.1524401671165196
314	376	0.1600833918633862
314	401	0.1071665944159863
314	466	0.14884900900644737
314	480	0.12078965881813693
314	535	0.10015434298149899
314	697	0.1532936325386113
315	434	0.27137324393465073
315	440	0.1598841187478029
315	725	0.11349886891140697
316	330	0.14704834617125534
316	535	0.11224491884436509
316	963	0.16223409920074652
317	839	0.10006189389895638
318	320	0.10645905975536148
318	322	0.10552221652269661
318	324	0.12623357188763445
318	385	0.10201189486717883
318	673	0.10992429135925601
318	757	0.12387963772782887
319	411	0.10109151283040858
319	627	0.17323797073644523
319	636	0.10500291697976157
319	673	0.1171966785914238
319	828	0.11354922349108945
319	992	0.1762834456259493
320	324	0.2060574387195344
320	326	0.10094125224631566
320	327	0.11543017920566488
320	382	0.12276647602914494
320	385	0.10668523632490165
320	671	0.10537606086191051
320	766	0.10440585852063604
320	875	0.11746782463782914
320	914	0.10199796037221358
321	572	0.10654587920940167
321	641	0.12983397186336507
321	667	0.10187501300104508
321	700	0.10374338796525943
321	705	0.12817463178485997
321	834	0.14152020936734558
321	853	0.19340908994075723
323	326	0.10401122077330281
323	345	0.13441718373312259
323	368	0.1704962626227692
323	370	0.1603504241609126
323	378	0.10659384583239127
323	503	0.1030057423001595
323	535	0.10254619422684029
323	587	0.10971312217446536
323	693	0.11938340076787797
323	875	0.157207856301822
323	995	0.11032949656186937
324	354	0.15386268466486322
324	359	0.10083717970083733
325	552	0.16907635828156214
325	604	0.1226505708929678
325	606	0.12950492680954476
326	354	0.12833596699785293
326	397	0.11524348996471272
326	712	0.1264065825826938
326	995	0.16652390055539557
327	345	0.13084323544768753
327	496	0.12683399589725775
327	599	0.18274537880190683
327	711	0.13071946760217273
327	773	0.1324630685075787
327	802	0.11414028989133727
327	810	0.19897664911631685
327	912	0.12358757521316231
327	938	0.11885730480281975
328	338	0.12982150484100954
328	397	0.1382693802439701
328	729	0.12331886565265904
329	401	0.11743824017540946
329	443	0.10668563321780315
329	729	0.10726315380240094
329	788	0.10031333112641905
329	963	0.1033991023177645
330	373	0.13031460882054052
330	675	0.14829015216245814
330	729	0.1048470519741906
332	382	0.10840683541804179
332	466	0.10647602883922393
332	490	0.15293558387918657
332	514	0.10533598400383759
332	760	0.1286887933236429
333	455	0.10573426301010068
334	345	0.12766893346096497
335	477	0.10402039005198549
335	626	0.10711417842523148
335	632	0.11993975711788261
335	642	0.1284988623296353
335	654	0.212817318511669
336	356	0.1747129371149821
336	368	0.13179586335866988
336	378	0.14345881956547255
336	518	0.11880943984692058
336	677	0.13806060498767758
336	963	0.1509200222504364
337	367	0.1308475832056923
337	687	0.16029850163808826
337	842	0.1321168802608079
338	508	0.10028903938040844
338	519	0.10516578727295119
338	521	0.10422985841171666
338	861	0.1418179827030173
338	877	0.10597287433902929
338	985	0.1366640560636307
338	987	0.11041906639324567
339	607	0.10482424059831222
339	768	0.11417611334436753
339	777	0.10069592892595397
340	342	0.24757967874158854
340	344	0.1682927030328412
340	364	0.11614997196914857
340	520	0.10256715746084893
340	568	0.11455198262258459
340	574	0.10278252401784607
340	587	0.11030558447363399
340	677	0.10112475701271875
341	385	0.11187097543110085
341	937	0.10995409412850689
341	938	0.11632023813266808
342	356	0.14640596114042181
342	495	0.10259579429138005
342	516	0.114183731751127
342	693	0.16854447532966166
343	548	0.24497294751374332
343	685	0.10347628065483293
343	973	0.14966108769362496
344	364	0.11001801221293696
344	481	0.1039905128485996
344	771	0.14851856333457428
344	991	0.10495110021339654
345	398	0.12425302962060289
345	496	0.17122671290321012
345	537	0.10394253330363655
345	685	0.15246683550631823
345	768	0.10868636074437255
345	912	0.13746852906455093
345	995	0.13639970890297937
347	576	0.14363140022224327
347	708	0.10595494912356371
347	833	0.10286176824415766
348	362	0.1062667982205041
348	625	0.1489599919983325
348	659	0.10543130251494406
348	675	0.18210435022606283
348	685	0.12134660144677491
348	785	0.12215410999673561
348	877	0.136650593095565
349	648	0.1335792146615229
350	358	0.12150413263400844
350	605	0.13072679721056896
350	637	0.1258563226628854
350	662	0.12509952788389125
351	400	0.11005646847555776
351	523	0.10896235128943695
351	594	0.13587979669840497
351	669	0.12356856138973976
351	699	0.11589327885753029
351	942	0.1482296790218883
352	401	0.10132535984073276
353	476	0.10902810059944261
353	692	0.10096827992709025
353	751	0.14001079495539334
354	598	0.10327870228453924
354	753	0.11930767224045592
354	821	0.12804466466361472
354	833	0.11644981997041902
355	426	0.10128389098385829
355	772	0.11461199462113705
356	368	0.10434107721129977
356	374	0.10489391433897141
356	378	0.13432851661113315
356	423	0.13954908624928472
358	373	0.1403150686671346
358	380	0.10036289382722467
358	963	0.10625345909973924
359	377	0.10847041134920204
359	398	0.1000034367879001
359	690	0.11418976440550128
359	893	0.1139102807029265
359	942	0.12249205917184174
360	362	0.1004577620979707
360	397	0.16342919204982534
360	538	0.10939804868395107
360	582	0.10432780943820223
360	932	0.10949541681172285
360	991	0.1319923351780784
361	404	0.1253124730198447
361	429	0.1028710079637656
361	472	0.10007902628412874
361	690	0.10136312753868325
361	738	0.13645926060459768
362	486	0.10587851437342223
362	685	0.13543858394692315
362	767	0.1137461397761157
362	915	0.13401634862439346
362	932	0.10971233541338417
363	726	0.1648695477287968
363	793	0.10559257672360317
363	978	0.10323621400166214
364	382	0.12951840020699126
364	666	0.1000441396345099
364	738	0.11589717538942954
365	741	0.11289460971040831
365	757	0.11124978519050172
366	376	0.10674536479132916
366	379	0.10583332131295811
366	397	0.14527692811771176
366	402	0.11167485350737207
366	521	0.11736589807187864
366	535	0.12336789576753017
366	539	0.14141947284062936
366	685	0.10779401610210859
366	889	0.13487215384902385
367	649	0.11097941425956195
367	760	0.10224629535607838
368	374	0.1444852687433956
368	378	0.1831625287958881
368	963	0.10491983793523717
369	374	0.10591192580316401
369	449	0.10586553280310171
370	380	0.13234763131465496
370	633	0.1599968843840097
370	807	0.10369644375832068
370	875	0.10825623211848515
370	904	0.11067164920282484
370	933	0.11313184236220473
370	963	0.11145453155521938
370	990	0.11526267683662655
371	396	0.15611470356395848
371	571	0.12223087205710673
371	643	0.10141149471694655
371	692	0.12678884794357095
371	705	0.11170502062283678
371	722	0.15041348207351884
372	484	0.1622254832138998
372	668	0.1355787019642683
372	792	0.13287506552628636
373	397	0.11864417110418467
373	675	0.12089111999360311
373	735	0.10205052835860251
373	740	0.10507168288021351
373	806	0.13604294102356906
373	809	0.11514498393544864
373	926	0.12247936634687075
373	937	0.11025897940071562
374	491	0.10625367080712869
374	991	0.13418878261719147
375	408	0.1126483189490395
375	663	0.1341275083646799
375	708	0.11811524709733164
375	862	0.10676762576403741
376	707	0.10319073434135674
377	529	0.10912397560229048
377	681	0.10252841300387618
378	423	0.10308492151981594
378	597	0.10013075106730651
378	677	0.11745570527945438
378	877	0.1489914156496044
379	470	0.16441621630299347
379	625	0.21485553122468917
379	675	0.14504911272586435
379	728	0.10697756542411609
380	385	0.15242605592867725
380	476	0.11573459469386492
380	633	0.11050103394129553
381	872	0.1262184389888566
383	971	0.12147211280455103
384	388	0.11889734049987907
385	566	0.10123770255198127
385	725	0.14277176638345176
386	388	0.27983168348440124
386	390	0.12774142355612714
386	392	0.26027438917229306
386	394	0.21860275195907003
386	468	0.15509397696085567
387	611	0.12034211682725073
387	633	0.10255264575688805
387	716	0.14366537395096973
387	784	0.10503015559535483
387	846	0.10950827711238095
387	896	0.10932022493388015
388	392	0.24492393591095368
388	394	0.11212153703951083
388	458	0.12534517176407498
388	484	0.132806168283303
388	616	0.10677287096015105
389	391	0.20545347266490172
389	393	0.21039402842231203
389	599	0.1515780648150402
389	647	0.10022843555227819
389	987	0.10543172517102303
390	484	0.11816062362743353
390	618	0.12437857967325307
391	393	0.2975135968204703
391	541	0.15328713005225383
391	603	0.15560335969461958
391	699	0.11968833583704973
391	745	0.15089683267845028
391	786	0.11089908319701615
391	820	0.10173933879387158
392	394	0.2044067874960782
392	468	0.13427719966662457
392	616	0.18376271521061377
393	477	0.16646963033856166
393	599	0.12372663222272637
393	678	0.10893515007398703
393	800	0.11092056859358287
393	839	0.1025182052475701
393	941	0.11741957942264222
394	420	0.14009272996931166
394	430	0.1817826534207572
394	474	0.10503988338816223
394	484	0.10895036331616648
396	440	0.106306277885255
396	571	0.120572190065097
396	757	0.1180648218850519
396	867	0.10306310008701987
397	615	0.11854372926417812
397	685	0.16487317725406325
397	995	0.18212255439176608
398	416	0.17737024881269686
398	422	0.10428197502117853
398	432	0.12337845261941768
398	681	0.14195105941933736
398	887	0.13728843297556903
398	942	0.1711266313676867
400	406	0.10702008873623307
400	410	0.19200585535233367
400	414	0.13269767833078192
400	418	0.1603847342090961
400	431	0.1116863139322251
400	452	0.10043915257905038
400	466	0.1863770061554648
400	483	0.10140713524286223
400	542	0.15078178147789104
400	638	0.12698552464764226
400	679	0.10860205347593445
400	761	0.10111215823150052
400	864	0.12325671073766267
401	402	0.10679118423392846
401	443	0.1032577525443213
401	535	0.13708328446835216
401	834	0.1098392168147336
401	961	0.10306425108432697
402	408	0.1397874766264645
402	418	0.18274551550962712
402	422	0.19671165934363785
402	438	0.17344780583581118
402	443	0.15841590434407096
402	448	0.11017516345346304
402	521	0.1166831570679637
402	523	0.12171948608437493
402	535	0.16538529888302814
402	630	0.1273980720247345
402	657	0.149270510596408
402	684	0.11269326442223379
402	739	0.18103434012577116
402	776	0.1181689544861892
402	864	0.10745997855278909
402	945	0.10191303054193337
403	417	0.11054600170705316
404	436	0.14832877219650886
404	481	0.11982326233139287
404	797	0.11448106949114399
404	867	0.11247288284841825
404	871	0.17819353404892013
404	974	0.1163230986959382
404	976	0.10092835607208413
405	407	0.22092941473290578
406	418	0.11154433489808797
406	422	0.14552714533528846
406	424	0.12700567218744432
406	470	0.105101117992015
406	490	0.1338666542745666
406	679	0.11762543779754399
406	723	0.10205284167711635
406	761	0.11949792397028287
406	902	0.1337729398304928
406	964	0.13129883451410126
407	505	0.20069447144286512
408	412	0.1112964962106049
408	414	0.14510438950103183
408	438	0.10116568089011103
408	448	0.10104828389873165
408	495	0.1672814525295478
408	603	0.12683133453041973
408	864	0.23286908197667172
408	904	0.1050599931928433
408	972	0.10287980246213407
408	992	0.11416903991233765
409	773	0.19839713124348565
409	964	0.10843369607575071
410	412	0.13642138320721145
410	474	0.1331071280971943
410	573	0.11586288584007189
410	640	0.10896403353770204
410	667	0.10351341109529574
410	723	0.10563878345196694
410	841	0.1049427825658826
410	848	0.10473314203395438
410	906	0.11142656775628719
411	855	0.11322815166519441
411	968	0.13250712569126336
411	974	0.12068533123667492
411	990	0.21559362924137612
412	420	0.11012933872826858
412	466	0.11948471386354616
412	633	0.1102566511343006
412	839	0.16737057549132903
412	864	0.12012622521296314
412	884	0.22685971088598958
413	659	0.10130742887788949
414	418	0.19144985520418564
414	468	0.11478281225570389
414	703	0.1058707387377405
414	799	0.10706597790752276
416	422	0.1602891610702747
416	432	0.1185512288516613
416	434	0.15924893512182042
416	482	0.1101051451549705
416	603	0.10769412584641236
416	803	0.10991575161789288
416	867	0.13441895739818482
416	887	0.1611521023751939
416	972	0.11051082128225526
417	851	0.12177754051135566
418	422	0.15873728225785705
418	480	0.100231611736689
418	495	0.24824976715901487
418	776	0.10650665280683783
419	908	0.19602325900537262
420	430	0.19430017009272676
420	457	0.1875309812624024
420	603	0.1599171974836319
421	621	0.12084381376999151
422	443	0.11633345401986582
422	495	0.11710959200775502
422	508	0.1446647193648402
422	657	0.1388300819178078
422	784	0.10094966889406273
422	811	0.14431679610043666
422	961	0.11242296545173198
423	675	0.136003011694214
423	743	0.12866793765912674
423	753	0.12204184173919817
423	814	0.13441816006043475
424	474	0.11223146652597253
424	487	0.1047568897048763
424	490	0.1703920510627998
424	961	0.11045640883189263
425	459	0.12115594240137872
425	944	0.3653612427447722
425	954	0.14756005915206216
425	960	0.11665198438053778
426	450	0.10206399211396623
426	456	0.11231276198523368
426	465	0.11728934853276118
426	798	0.1013044568927224
426	867	0.11622573079067285
426	906	0.1825877806748379
426	916	0.10410287250722906
427	493	0.1601195228681961
427	530	0.10117193299899217
427	609	0.10993027157739159
427	797	0.11218593560600675
428	440	0.11414368991157181
428	461	0.10878082807579316
428	613	0.12317321790971511
428	702	0.14251769636426698
428	705	0.10201442440934425
428	823	0.10119290646109963
429	481	0.10692254953606037
429	808	0.11654059047511119
429	909	0.10221672368876257
430	478	0.12635794560213848
430	747	0.10350291650035079
430	841	0.10931950861983611
431	446	0.14215215288400196
431	589	0.10072528435562765
431	623	0.11077235991068349
431	722	0.11524453578779682
431	804	0.10325392918290273
431	855	0.12488005128700222
431	879	0.10055012980085745
431	971	0.15584455091207558
432	440	0.1382325079542362
432	562	0.10055980067075963
432	706	0.10715402826078714
432	780	0.11127069893001618
432	927	0.19965816586710652
433	514	0.1003176138502298
433	574	0.1032861888687084
433	688	0.10187370675283486
433	710	0.13688513253544124
433	724	0.16842708580851457
433	726	0.12300184550076902
433	734	0.10024618335459183
434	436	0.17043235693645123
434	462	0.11007148510243432
434	571	0.10592469732284829
435	748	0.10635611060502419
437	549	0.13793051058330197
438	448	0.1107391336809565
438	468	0.11246568844172454
438	790	0.10781198548076666
438	868	0.10369569091303765
438	945	0.11054343239243103
438	963	0.11766482304278822
441	459	0.11838045426601872
441	468	0.1152479491938044
441	688	0.1859607452559062
441	948	0.1256073116607173
441	956	0.17377552089721032
442	546	0.14232345244244252
442	657	0.14170840459659162
443	577	0.13297262846645153
443	603	0.10278907879254498
443	773	0.11100746035543331
443	985	0.11358847384305376
444	448	0.25164388301220275
444	450	0.18057497618675972
444	769	0.1715519864321596
444	806	0.12446229070227069
445	447	0.11529836223844891
445	449	0.2866981144315501
445	524	0.10738439238382541
445	563	0.1338591624346246
446	450	0.25423186881770177
446	486	0.11738037830290592
446	605	0.11390547995369404
446	722	0.1145439442867648
446	818	0.10120178161486537
447	451	0.17621753329297143
447	636	0.11686371005818434
447	659	0.10520645149528518
448	546	0.13327233198180868
448	692	0.10682278057352375
448	844	0.10636674169955675
449	451	0.25170434855896107
449	563	0.13662818001781088
450	589	0.10947594414233965
450	659	0.14652563750883896
452	474	0.1031288112956636
452	542	0.11449090418808555
452	679	0.2914496150859027
452	697	0.10444638999030557
452	978	0.12020524294437819
455	732	0.1753467927297965
456	481	0.10236381182559304
456	487	0.15094978183680338
456	495	0.1010089908270118
456	826	0.14871666087988666
456	867	0.1044259175303466
457	538	0.1425809557648602
457	960	0.10684338325457383
457	964	0.12171615236463916
457	972	0.12840119016363039
457	980	0.1605824376044825
457	984	0.1327082642003656
457	991	0.10313329089529431
458	679	0.1236343577154651
459	881	0.1359015114527788
459	960	0.23929451795275006
459	961	0.1087159945002609
459	968	0.15132873122378285
459	972	0.10587319350079635
459	976	0.11719435102185884
460	759	0.12303470041598767
461	466	0.1362437430244688
461	951	0.12880138381511053
461	955	0.11844595675556803
462	464	0.5895088848584036
462	472	0.16981574168091396
462	593	0.1288862818269521
463	621	0.10262710666346532
463	629	0.17327972298558159
463	781	0.13660992773748554
463	974	0.1104592415000089
463	995	0.17376384133223133
464	619	0.11198271800548552
464	920	0.1058158583160743
465	474	0.2067432468103338
465	573	0.11147447220683562
465	667	0.12155537655936523
465	669	0.10079968606221917
465	705	0.16494234949345876
466	468	0.13039224795030235
466	848	0.2120704517555478
466	951	0.11608602935573795
467	959	0.10022201184738884
468	495	0.12073679434888922
468	603	0.1427746860473532
468	657	0.10126577500563275
468	666	0.17041344982363654
468	726	0.1163788967812603
469	590	0.10436305929495553
469	623	0.1281525311209773
469	816	0.11072462260211274
470	659	0.10966806198050026
470	797	0.10809229230401728
470	835	0.10495610502390419
471	573	0.14755893863422553
472	593	0.11002905089667195
473	539	0.2063698102978713
473	808	0.1138962877881447
473	933	0.15331813805586078
474	484	0.15950488065715457
474	490	0.12438681547857872
474	603	0.13003727323603934
474	781	0.11383393667944477
474	816	0.1416247328976023
474	994	0.12018649600584129
476	480	0.11373059104942998
476	951	0.1048037522637695
476	990	0.13904665224534124
477	739	0.10057383375064671
477	862	0.1660228905311845
477	868	0.15523979137055244
478	488	0.10354542337111408
478	841	0.2128796745360718
480	619	0.10265686763948025
480	864	0.10277197172737856
480	897	0.11393304254530141
481	567	0.10399974508239872
481	643	0.10231469645159139
481	693	0.11447154852587493
481	714	0.10095419798354399
481	739	0.15078292170545013
481	817	0.13834170043424854
481	945	0.17304194808219941
481	960	0.15736923693361377
481	964	0.1477442588336031
481	968	0.13582186131553986
481	974	0.17980940143027527
481	976	0.20515987061650617
481	980	0.12599926696341546
481	984	0.11850281058878917
483	678	0.10541862799360265
484	606	0.11603312134554139
484	610	0.10400050485261991
484	647	0.10164168033957671
484	668	0.13668685479343448
484	968	0.11947330116902377
485	569	0.10051348875672193
485	998	0.10526320648289113
486	935	0.12111642407044586
487	839	0.1037588525082962
488	647	0.11477042864461022
488	679	0.11107083807809197
488	726	0.12604496505203336
489	648	0.18860709257089234
489	820	0.14176070344320107
491	587	0.15031888900080215
492	524	0.10662518931585856
492	538	0.11328938704382853
493	520	0.1183764527006853
493	521	0.17906404362295478
493	645	0.10034713266908198
493	664	0.1316158994094142
493	930	0.12935519090580294
493	936	0.10609500961513925
494	544	0.15505062385051363
495	603	0.14178459796300977
495	775	0.12799469955201537
496	852	0.10882449603250746
496	912	0.10443822516717399
498	829	0.10075047796016368
500	528	0.11472913347545857
501	617	0.22653492765170438
501	790	0.14031186044192986
501	824	0.1025432033046437
501	884	0.10556756982678658
502	504	0.14901795512690347
502	506	0.13932555487900736
502	534	0.1215582913757861
502	705	0.1365820309919682
502	834	0.18821268683504233
502	927	0.14528255106154325
502	974	0.11023484779481815
503	541	0.1212998209913787
503	904	0.1079407053242488
503	922	0.1607470248955174
503	938	0.10020103301986447
504	753	0.10222002970629522
504	975	0.11422434154254878
506	524	0.10705980902974527
506	530	0.13952331146020155
507	937	0.12643504908674344
507	946	0.15093138226352967
507	971	0.11734452564664206
507	994	0.11381629753032624
508	510	0.11327429767273123
508	518	0.11072807404296944
509	891	0.17325751829226602
509	916	0.13148499023669027
509	940	0.1659204309965371
510	516	0.11651705278299583
511	825	0.11311756949396928
512	516	0.12206843116131036
512	548	0.11682675524819373
512	979	0.10479964137612623
514	538	0.15956050328554675
514	647	0.11665475637469949
514	760	0.10918019843654228
515	521	0.16262470565884202
515	525	0.4220101545767528
515	805	0.19377655577012548
515	807	0.12868447621013168
515	921	0.1301976117933807
516	758	0.20650313940252157
516	814	0.10234592106971994
517	519	0.3521283055818481
517	525	0.1294644530062193
517	607	0.10306782311206845
517	985	0.20140152442122025
518	593	0.11287513919294734
518	816	0.10221567592457614
518	873	0.1426362437655817
518	875	0.15482885026238727
519	521	0.23714522025801724
519	529	0.1108736229303358
519	609	0.12297571327656363
519	698	0.1126370945410557
519	772	0.16017635737209748
520	879	0.12555520407138937
520	917	0.17124779747506322
521	883	0.14286107435637546
522	523	0.10110350197221347
523	761	0.20615776570920527
524	538	0.13743266064357065
525	805	0.14407420582523217
525	811	0.12620219523143394
525	957	0.10506231209970206
527	575	0.11878970425818776
528	546	0.1459070527449683
528	831	0.10159353129952425
530	534	0.1258560910198488
530	536	0.12895795429610876
530	764	0.14427131371163338
530	858	0.11107928562498064
530	973	0.19468049706681861
530	993	0.1317976075996547
533	571	0.12133148317754432
533	856	0.12432570455088873
535	577	0.11004194479097622
535	776	0.11564800747951658
536	538	0.1075799440746428
537	613	0.14816480662655712
537	688	0.10232886193549354
537	723	0.10805854355911593
537	755	0.10748385534462138
537	904	0.1481723486056696
537	912	0.11359831157655066
538	736	0.12932799446396395
539	665	0.21063271218265261
540	582	0.1301988049689293
541	777	0.12165178238764275
542	545	0.1438919987823653
542	761	0.10872789157495949
542	957	0.18032266624383436
544	545	0.13143295102829128
544	776	0.1720331243142396
545	697	0.10016769652008266
545	813	0.10262766961979106
546	575	0.1514571311557764
546	613	0.12088202953314134
547	740	0.12066967893905418
548	634	0.1571237510649447
548	664	0.11462559221748558
548	946	0.12352358759682779
551	583	0.25258119572706145
551	746	0.1152323632071758
552	592	0.10932440458339453
553	599	0.10056544010544019
553	749	0.1558093269143242
553	834	0.14547985461985252
554	568	0.11753218245305627
556	560	0.2980348509928752
556	602	0.16673991582009956
556	606	0.11229040945487896
556	758	0.11639813626640248
557	563	0.13352363786072963
557	733	0.12192123599852715
557	794	0.1260433061870604
557	821	0.11162801568641059
557	961	0.10539969834018818
558	560	0.4121555485073266
558	584	0.16005741001794918
558	586	0.26422601497333836
558	763	0.11455252518405512
558	779	0.21554620791815277
559	827	0.13632240324872674
559	958	0.1184386459213646
559	970	0.13206256778411266
560	584	0.1903226446869523
560	592	0.14689087316662391
560	779	0.10627738144775638
560	782	0.10979161448528595
561	864	0.10671460825634914
561	988	0.11666864741067912
562	632	0.10800602876542838
562	775	0.1373127719467906
562	896	0.1065193302429504
563	619	0.12469139960851831
563	733	0.10003768822509991
564	897	0.12960492881518146
564	975	0.13167699860560472
565	704	0.12803203516995992
566	734	0.13811317020222028
566	787	0.11407413245633159
567	596	0.12269898031438513
567	803	0.1288621996248528
568	586	0.12161157588951145
568	919	0.17221586324270846
568	945	0.13215201936197454
568	989	0.18416705991340865
570	574	0.42074152951775445
570	699	0.13444359839586545
570	841	0.12046159561094726
571	598	0.10774093078032393
571	834	0.10079135146713229
571	961	0.12982238149408407
571	972	0.12982856280553728
572	606	0.15727781664846588
572	695	0.10876463299130516
572	707	0.1195266809275839
572	974	0.15509295528163955
573	575	0.18171176259645316
573	692	0.13297638334262515
573	789	0.1009298872772724
573	796	0.10717202233340084
573	857	0.18030509555930113
573	929	0.11236240548558434
574	588	0.11269050193207221
574	589	0.1069765032346562
574	663	0.10041551791642195
574	699	0.16624117127804233
574	841	0.1354963007694547
574	863	0.11745636106374455
575	634	0.10849637061038317
575	955	0.10222944659536391
575	970	0.12684213537617398
576	581	0.17226858423825794
576	681	0.11679875575432254
576	783	0.10736804538754072
577	663	0.11771403706775095
577	773	0.13813679101399337
579	668	0.1173887136090026
579	859	0.10053290433880553
580	787	0.10978430682639208
581	843	0.11199932270555757
583	881	0.10143232687886435
584	586	0.17736152735803476
584	606	0.10267850574749485
584	732	0.14383244577571472
584	779	0.13622794017859918
586	610	0.1353422201065019
586	614	0.1111551821661756
586	779	0.15997158787474883
587	917	0.10951591440732626
588	787	0.14041073600820334
588	926	0.11680636957585576
589	635	0.1121487729551256
589	646	0.19047607879071846
589	648	0.1044722099674031
589	863	0.137685773027571
590	610	0.1366691422059025
591	619	0.11168944565802069
591	818	0.1110399944538091
591	909	0.12810228118035358
591	924	0.10667070943725437
593	640	0.11078842502087914
593	649	0.10754653369595926
593	875	0.31001937329993806
594	660	0.10809992689562554
594	669	0.1325307452164676
595	959	0.18850312344093295
596	893	0.10226395580992825
597	625	0.10204772687054627
597	630	0.12234736591817384
597	793	0.11012778020787911
598	646	0.1535862257488227
598	722	0.10194848925656334
598	820	0.10300062680080582
598	934	0.10843121644283951
598	939	0.10355700530796699
599	785	0.12477416999280226
599	995	0.10477557507925321
602	928	0.10681695079082329
603	653	0.10852062987058396
603	693	0.14163267169126753
603	699	0.1079833796243142
603	722	0.11378833860238516
603	786	0.20896899529551755
603	814	0.11088426692247744
603	850	0.13834130297167244
603	867	0.12308971666087745
604	704	0.11273125172379361
604	787	0.10335742402884036
604	908	0.13925337216596914
604	919	0.10108543422546327
605	775	0.1051013772415844
605	998	0.1229304715517493
606	608	0.3489794227468513
606	615	0.11343275470170999
606	908	0.13407191843774757
607	697	0.11918535317589354
607	929	0.11079572746041852
608	908	0.11994553103628589
610	843	0.10072155747064984
611	647	0.11124691285335102
611	926	0.10594068495724249
611	939	0.10354629172409976
613	823	0.10635182063035974
613	927	0.11748280158521934
613	939	0.1547892645147845
613	989	0.10970501455345988
614	623	0.1446213985170782
614	995	0.11602395608089988
616	618	0.10451082963178869
617	739	0.12927280133066113
617	800	0.15754020514670927
618	626	0.10232065288882239
619	648	0.1117838820305885
619	910	0.10024943228264759
619	951	0.10757969257404414
620	622	0.33205750983972265
620	624	0.38645781144905567
620	628	0.21624226537894825
620	656	0.12239382054101701
621	623	0.1933454482023681
621	945	0.11749140479790146
622	626	0.2826178468910469
622	654	0.12125949247630477
622	656	0.17096631548545724
623	635	0.10220631793765443
623	985	0.10193471998090847
624	628	0.10837929705426602
624	650	0.10605864466875743
625	627	0.11841161879399949
625	635	0.11169728232848002
625	785	0.10646743100871328
625	793	0.1060748154892335
625	926	0.1305107149953462
625	982	0.116816188401002
626	628	0.22909071314044402
627	795	0.13275473197258728
627	988	0.12065210622103248
628	650	0.11180108493080476
629	883	0.10650085731408784
630	634	0.15703933227885014
630	676	0.11625639703130002
630	698	0.14297441392057275
630	803	0.1061595681757995
630	808	0.12704280929151143
630	867	0.12678487775427658
631	817	0.128437553457947
632	642	0.16682020588204882
632	644	0.14433639009678373
632	978	0.15621247417945075
633	864	0.23844354240153953
633	963	0.14168417382797202
634	664	0.1305208813279841
634	703	0.11099181508630669
634	763	0.13076060866457143
634	970	0.13054958801023253
635	679	0.11061067742348797
635	855	0.15893209869347358
635	870	0.11215803547579513
635	961	0.1002006424663637
635	978	0.10597067941522643
637	645	0.13213206157160304
637	769	0.1093799958334248
637	816	0.10274091095686588
638	642	0.11586908633482826
638	658	0.10390363756242312
638	662	0.10513057442034503
638	897	0.1320543693461374
639	786	0.16650093518486891
639	798	0.15316354842815147
639	808	0.10809839480722777
639	830	0.11164747936451987
640	982	0.10390814738557422
642	652	0.20081842150687962
643	974	0.13146447798552013
644	763	0.12736282823499176
646	648	0.10330256193673182
647	760	0.12519982051054018
647	841	0.11385263485791171
649	700	0.10005418104224967
649	875	0.11280957827538027
650	668	0.14885361349461576
650	763	0.13642478107584977
652	656	0.13098852024088697
652	668	0.15634455184520438
652	670	0.12305169823759644
652	903	0.10755559345752523
654	656	0.14671834936531475
654	745	0.14207314751560443
655	685	0.10658031325444514
655	747	0.13671531423032382
655	971	0.11830428465870746
657	838	0.22353934488128224
657	927	0.12089571892676826
658	662	0.15146127665558637
658	905	0.1152774444220899
658	995	0.10843156598193704
658	998	0.1370019608023218
662	663	0.11122031783971514
662	930	0.12244166140293564
663	937	0.18121256583642917
664	760	0.11375915999594188
664	812	0.11444851394632453
664	820	0.106676755888009
664	930	0.13900588686761295
665	751	0.11380209852483554
667	761	0.15107869431139773
668	715	0.10537696038028875
669	792	0.12195717912037446
669	796	0.20323449840704455
669	808	0.13008542908051332
669	810	0.1607821255446723
669	821	0.11653681617322363
669	836	0.14971419238289388
669	949	0.21087179159020572
671	777	0.12929145649534082
671	833	0.1357674130312276
671	943	0.14123091118801612
672	674	0.2307948098030694
672	793	0.10978750502245356
673	722	0.1167101970214033
673	899	0.10066540866327439
673	947	0.1513879924135893
674	969	0.11735352015551052
675	926	0.10542123624899574
677	679	0.10624997661446318
677	963	0.1742526693486611
678	817	0.10367484324935028
679	761	0.16201215850056047
680	687	0.1261584647572195
680	696	0.1035333751818541
680	947	0.11837783401346538
681	942	0.11468582901113274
681	976	0.1029963870265
683	731	0.12651360606741122
683	840	0.1782602952769264
683	882	0.1009655832378022
684	904	0.17727968830073568
685	970	0.10997584985560893
685	995	0.18746887937305606
689	805	0.11047421315519758
689	891	0.1167646904338433
690	696	0.11373863183294522
690	730	0.10034877630318324
692	858	0.11999918682505918
694	696	0.2576055456855498
694	746	0.20719199334439783
695	707	0.10955311061147918
696	710	0.14879196001344797
696	746	0.12187160861882296
696	783	0.12775057521194616
696	847	0.1016123848974668
696	871	0.16973940112845715
696	967	0.145521281246732
696	984	0.10399728903077558
697	772	0.11757265776001956
698	808	0.11688156383115476
698	847	0.2108266753217004
698	916	0.12867688355051587
699	786	0.11946306612309641
700	794	0.10038033773997379
702	712	0.10476726213711779
702	798	0.1072622417022454
704	783	0.11959393392080196
705	739	0.11840381736510343
705	884	0.11749426604763859
705	935	0.10586523830822425
707	974	0.11429586949767905
708	998	0.1365146629209223
709	986	0.11542957854703775
710	726	0.1500756049745518
711	759	0.10241924225181553
711	799	0.17678333631802468
711	871	0.10509830251913081
711	912	0.14739277471979884
712	725	0.10105277682041222
712	924	0.12819059639308866
713	898	0.10242212064859077
713	929	0.10487095740062405
713	957	0.12938876033770913
714	716	0.2512830547524145
714	846	0.1080797143775275
714	992	0.16794249205833137
715	882	0.11965876963036086
716	982	0.13262542522189424
718	724	0.10480290245408468
718	951	0.10470182074207482
719	729	0.10458874758148022
719	846	0.10296119096128402
719	963	0.1261737034006961
720	790	0.10703568965797403
720	901	0.11714110371815782
721	813	0.10321413816552853
722	879	0.11078269331611768
722	887	0.17382691970492858
723	964	0.10402660878188805
724	726	0.15085254657485048
725	727	0.3374255315757811
726	732	0.10103751723564225
728	730	0.12526168260166215
729	793	0.1466737227634608
729	995	0.10184963858070717
731	850	0.10001750778684836
731	862	0.1023423353373341
731	870	0.10036221344524736
732	736	0.16501126030352392
733	821	0.12375821839259599
733	933	0.11579583843272424
733	949	0.10411468457335583
738	787	0.14316875421328032
738	871	0.1388211581506776
739	945	0.10748844591022606
739	961	0.16740015562565844
740	811	0.10004245073087473
740	949	0.1137002537480689
741	827	0.11120320268177769
745	820	0.13073580929378545
745	869	0.1060144301726205
747	799	0.1266547013698365
747	868	0.11975990483462179
749	755	0.1072238681856898
749	778	0.10701033824323024
749	812	0.16241187416857372
749	817	0.11335365524060705
749	834	0.14218028467851668
749	987	0.11196586800775893
751	778	0.10887831077989188
751	835	0.10432208833467851
751	943	0.11978518531875373
753	887	0.10812664844435277
754	760	0.17262038194192172
755	821	0.1407104549332471
756	760	0.1999733440897425
758	762	0.16558390125390415
758	770	0.1338510269314083
760	762	0.10506781331263558
761	767	0.1303799491587149
761	948	0.10221675380734137
761	970	0.10848528329004549
762	792	0.1111704034830919
763	886	0.14000628080364083
764	770	0.10478428405129168
765	798	0.1080170911677646
765	871	0.13573251804425218
767	810	0.13412990061363939
769	785	0.1631028740076583
770	774	0.32119448279688845
770	865	0.10356431090195013
770	997	0.10188793042497112
771	890	0.11484500499470406
773	836	0.10306385216635727
773	879	0.1356335681885543
773	914	0.10333737634298071
773	938	0.100949644130816
774	997	0.11408727406296287
775	834	0.1191521935769045
776	844	0.11978806726008628
778	785	0.22362738574448734
778	801	0.10464920970131271
780	782	0.18027653550588163
780	790	0.11706408592599978
780	809	0.15958697430864002
780	988	0.11439362821222915
781	924	0.135627656405545
782	824	0.12606528363851582
783	981	0.10385312094674148
784	791	0.10336633860523044
784	992	0.1140737549386955
785	812	0.11226306433275936
785	887	0.10354498308025208
786	792	0.11584044417704563
786	818	0.1412168165667758
787	919	0.1756866148292367
788	808	0.11370727495877607
788	916	0.10699651640412164
788	967	0.12494166140496432
790	792	0.19689986736935552
790	824	0.1168152877402657
791	795	0.1073052167056193
791	895	0.12038575874880775
792	798	0.10673217754247487
792	809	0.10715854628708428
792	818	0.10149608916398713
792	836	0.10929222943088768
794	821	0.10805884165314253
794	828	0.1317843214050215
795	822	0.1154683135159469
795	958	0.13662801149220596
795	970	0.1068156060325073
796	798	0.17830226996534684
796	836	0.2255865836198651
797	867	0.10589100530786323
797	912	0.10012010660525798
798	836	0.12487472726676223
799	860	0.11749644763487034
799	888	0.11834173760247316
799	985	0.10789141023295776
800	808	0.13088427496100655
800	941	0.1257156827910105
801	817	0.15024806554066236
802	814	0.10406494327928313
802	828	0.13171880720904686
802	869	0.12521189831953766
803	947	0.11907492004940853
804	806	0.22604245998105646
804	819	0.12438031622924696
804	831	0.11219260107699257
804	909	0.12365031183448666
805	807	0.46965279742777116
808	909	0.16617545817264345
808	941	0.11681036212488118
808	949	0.14236170573924606
810	853	0.10568506002829339
810	930	0.1450825327435273
811	882	0.11572771668353884
811	943	0.12109564741355575
811	957	0.13177080201667787
812	987	0.17016587837542937
813	979	0.1228556046932508
814	816	0.16116061232468104
814	826	0.14458327753622918
816	937	0.1016290485508515
817	858	0.11664302854708902
818	909	0.11807067378594653
818	936	0.10489002954196183
819	891	0.10479718651432265
819	925	0.11677507318078596
821	987	0.12654475039748944
822	995	0.11536068097946738
823	957	0.10911146055117368
824	869	0.14215184978033976
824	987	0.11879682440134216
827	931	0.11304827345574203
828	836	0.11606306228080185
831	971	0.12621184504054292
834	853	0.1513049163127408
837	975	0.10707403895604695
838	872	0.11354512770760394
838	884	0.1237700233150283
839	953	0.12812681872985143
840	842	0.16960156878361984
841	899	0.11446918583015164
842	850	0.11802277877360888
842	854	0.2449120717715772
842	960	0.10627340665456524
843	876	0.14793519797979432
843	882	0.10633518533197474
844	863	0.14149359852781743
844	932	0.10902810337102231
846	868	0.11498133506249877
846	992	0.1051236433012707
848	850	0.10282880478048471
848	852	0.12265761246818654
848	896	0.14171920949320516
850	855	0.13698967011157961
850	945	0.1258057129235511
850	961	0.10996047238986106
850	968	0.10193216698879697
852	866	0.11447194590983645
853	926	0.10129193604152721
853	930	0.10414087857544253
854	874	0.1081599645544293
855	978	0.1640308433063786
855	980	0.14244719723036398
856	858	0.11623365289940613
856	955	0.10589270528820947
856	958	0.12431114350989556
858	862	0.14311444704544493
860	861	0.10042529704810732
860	900	0.10218497762836154
862	891	0.17320781100021132
862	935	0.12908393145971633
863	989	0.11775733223534353
863	998	0.10309047341944375
864	978	0.1785814626105742
865	866	0.31600709689962814
865	880	0.11413723358914828
865	916	0.1079335378644536
865	919	0.10953357748979016
866	868	0.1477878798434005
866	919	0.11229893958323912
867	924	0.12189409235911583
869	987	0.11504964775399319
871	945	0.11923507810045066
871	967	0.13379114983876192
871	972	0.10587972446951054
871	976	0.10051063870762893
872	884	0.10845225388204287
872	886	0.14331787560813106
873	875	0.44687532510549277
873	959	0.10567363493074661
874	880	0.16853429901173775
874	886	0.12171376754175435
875	917	0.2418853655356594
875	937	0.11395815854198918
879	917	0.19227279686970902
880	886	0.20055356039704628
881	956	0.13765447088054122
881	960	0.17965470281113208
887	942	0.14646944100902626
888	918	0.12115313145453838
888	940	0.10956748067008518
891	893	0.12194814284503971
891	902	0.10290539410590768
894	918	0.1187605315764486
895	933	0.10634212418550504
895	995	0.10807971487428711
896	978	0.14658425936703026
897	975	0.10491097040240367
898	935	0.11636073691837194
900	912	0.1553496850928056
900	968	0.11575203784034564
904	924	0.10268411968206757
907	993	0.12092467473866335
908	974	0.11286340097588438
909	949	0.19461550135567043
910	930	0.10837858645235601
910	990	0.12968555770414872
912	922	0.11380545973898827
912	932	0.1142218805563756
912	938	0.10982760438241566
914	934	0.114535247770983
914	938	0.15330025817779266
914	998	0.11263594894428648
920	922	0.11129257682041609
921	959	0.16833775683423832
922	926	0.17296551983209899
923	975	0.2671014548712777
926	940	0.10279848187617678
926	943	0.10755038586979607
930	932	0.13499535157049863
930	936	0.11837892423187628
934	938	0.12348591944661422
936	941	0.13954011890949547
940	943	0.10139381914419913
941	953	0.13434414232397981
944	948	0.1863090420361065
944	954	0.17557466153551124
945	961	0.11756227095035325
945	968	0.15484220423454526
945	972	0.1353265094479451
945	976	0.13614650780523738
945	978	0.14427251793289286
946	958	0.10350066808200696
946	970	0.10361096088600176
948	952	0.132353153483612
954	956	0.12529839684810098
955	988	0.10882999593502102
955	998	0.10343074743572138
956	960	0.13318062393287708
956	968	0.1185628492090939
956	980	0.10013226977297413
960	968	0.13167917199563814
960	972	0.12600681089207633
960	974	0.1369588912558419
960	984	0.2346866290678379
960	992	0.18837953282344586
961	978	0.10622508876394635
961	993	0.10428055213461103
961	998	0.10858256759340569
962	978	0.15811074628666028
962	990	0.1164831339072723
963	995	0.14228702807992386
966	968	0.1110660274195226
966	978	0.10049741421547669
968	984	0.10980009097513137
970	974	0.11004640444045252
970	982	0.12854046099127395
970	988	0.10820111843971005
970	990	0.10480713256635897
971	974	0.11350972168594992
972	976	0.23187944297217983
972	984	0.11465778090353768
974	984	0.16350829901250136
976	982	0.16423868939904732
978	980	0.10581685066673424
978	982	0.1357291040778007
978	990	0.14679661284799153
980	982	0.18066094067315283
980	996	0.10464731166431172
982	996	0.12568854618319705
990	992	0.10323640349200237
994	996	0.12713163049055812
