1	845	0.10299847973283176
2	4	0.1422396665416421
6	651	0.15986076101114186
21	189	0.10155521921046443
29	191	0.13000512706199976
35	37	0.20525819503457782
39	549	0.10562725233846518
42	44	0.15342750636600985
54	525	0.14869999867158873
64	977	0.13298692999681863
77	902	0.1788604848393272
79	81	0.20868932414913044
79	812	0.100463284262153
88	96	0.11677555301921859
88	100	0.12746019967268526
88	102	0.10771302507099438
90	104	0.11251646666829333
90	106	0.17466731897599846
91	639	0.10368614571736372
92	106	0.21419775919026018
92	108	0.13826660118384201
96	100	0.18473991534281375
110	977	0.10206589911660115
113	565	0.13950328908278486
123	127	0.1414029399999818
125	669	0.13647241476343613
130	194	0.10727387242390721
139	194	0.11320874004299117
139	216	0.10818739519247657
142	667	0.12995586000213435
166	174	0.13762746472440843
170	172	0.10153480211149309
174	224	0.10401273146540845
178	191	0.17785724478010062
183	316	0.11416345847768979
188	200	0.11418876463889673
188	204	0.11655209342568851
193	197	0.20842196894312698
194	198	0.12096134063954582
196	198	0.17822940758493472
210	653	0.10027224541657426
250	535	0.1286940637189713
257	259	0.1706054397816952
262	264	0.10954450503666087
275	442	0.10397713497899518
275	657	0.1594422406976842
276	605	0.143872873020866
283	294	0.13087101058205367
290	292	0.10145889339174685
297	892	0.12606863327034354
313	654	0.10297430269715316
318	322	0.12947623696998592
327	389	0.10213054618362317
334	345	0.15443044334272438
338	675	0.12361908284014578
341	822	0.11574715877845274
343	530	0.11086375986136487
370	373	0.10572676228790234
370	675	0.11451170437671362
372	674	0.16775626676916638
398	603	0.10135468608710366
401	927	0.10687124390521435
408	410	0.13606897390625017
408	864	0.13595076821870197
423	488	0.1333822484015855
446	448	0.11223131681623083
447	451	0.11193634307876064
461	648	0.12041082515441515
468	488	0.10926085338127399
472	547	0.10086156752533344
501	617	0.14983053470375718
514	516	0.10405327512441558
514	518	0.28897121052605407
515	519	0.20881280986606213
515	521	0.10559903734544557
518	520	0.10463883617907566
539	665	0.11145302360391345
556	560	0.19230535084913944
556	602	0.1650209366579087
558	560	0.24472028348136604
568	584	0.14600492625996575
571	705	0.16100360859045312
586	592	0.10658782289678165
591	793	0.10761519208176987
603	657	0.10158675215114839
622	626	0.13610348825621293
669	814	0.10011166052750203
768	776	0.11411500466725631
771	930	0.11170356227363329
804	806	0.25527196078000663
814	816	0.12902259883966433
855	984	0.10750059157098613
872	874	0.1347713828130051
873	875	0.1452810940374323
891	943	0.10853259689354613
894	928	0.12449526474741922
906	908	0.11589102435705136
923	975	0.12042465237933025
934	936	0.1475072366103087
945	970	0.14411738431362822
978	980	0.11719564375924807
