0	439	0.10369729858267145
1	97	0.1015589286418057
1	638	0.10690567186804556
1	853	0.10069488904857392
7	981	0.10117473786650401
11	349	0.10878347322207016
14	275	0.10869610062326833
17	161	0.12826675117225536
18	38	0.11994451730479885
18	255	0.12185648484576694
26	50	0.10189222491766324
29	353	0.1261171871493559
31	248	0.1140425551891248
31	652	0.1327087518340872
35	37	0.2659463211938738
36	38	0.10419830568206839
40	607	0.131158507914422
41	894	0.11926088064895707
42	48	0.11910638285743132
45	123	0.13747714759626165
47	495	0.10330498117578331
49	529	0.11090827163565109
53	253	0.10793620951160954
54	229	0.1175186288345765
63	65	0.14211168867957158
64	489	0.11251513955813035
69	625	0.11447089413146659
70	72	0.2036228327257188
71	581	0.1147967156022572
71	959	0.1119189202320695
73	126	0.10216049283419479
73	156	0.10387374923352999
73	160	0.10907395599491192
74	790	0.11697218269728123
75	664	0.1106673203733657
76	262	0.12574201544077976
76	264	0.11929970085559773
78	82	0.24211980963714064
79	818	0.12472026721958161
81	828	0.12114977093161255
86	229	0.11915183656904603
88	96	0.10559575685789532
88	100	0.1526440554903955
88	104	0.21611749422665705
89	95	0.11538782914323144
89	400	0.11451677943769273
89	797	0.1097379666546989
90	94	0.14638746658359245
90	106	0.2530481693392832
90	108	0.22487492625413696
90	766	0.11731622951992117
91	786	0.11511653937970047
92	94	0.38468543778563463
92	98	0.17585336767286225
93	961	0.10661663257195175
94	108	0.17563029078279144
95	690	0.10699330398672859
96	98	0.26443905176059446
96	104	0.17866859025253123
98	104	0.11312542289788158
99	921	0.13389492077160228
101	742	0.10742475032600453
102	106	0.1033099184679156
103	979	0.11394923729784126
105	119	0.10089516993978823
106	108	0.4640045391057471
111	430	0.11153254393478354
111	436	0.10181853075925787
111	487	0.13020023538883294
113	567	0.12703538013765256
115	710	0.11951720336949345
116	202	0.15671543563543924
116	226	0.10319862153043771
116	907	0.11173891832332436
117	465	0.117591344216998
119	592	0.10117884095281329
119	606	0.17234214624419766
119	608	0.3148465899048384
119	610	0.11437705544547792
120	144	0.12418436417921123
121	603	0.10321728679401045
121	677	0.10179894065865341
123	834	0.1312573944367551
124	381	0.11971199765488398
125	496	0.11943270996064727
126	491	0.10108464062163285
127	389	0.10233490621474717
127	909	0.12275512809124635
128	130	0.1463147916742073
128	367	0.10640934847380318
130	367	0.10408645997435136
132	420	0.14684950440820552
134	164	0.10132070420704962
138	143	0.1563249086839089
138	221	0.10937163461883317
139	206	0.10033631243820396
143	221	0.1061762011202127
145	441	0.10052061146791225
145	968	0.1009707852516054
148	989	0.1492921409212917
149	652	0.10111289401876236
152	283	0.1032014245956754
154	383	0.10371005783263598
155	704	0.10973330476432176
155	912	0.12399543987292755
161	344	0.12591684158134117
164	174	0.10297249520311941
173	328	0.10157161142399099
173	751	0.1060693522826567
174	667	0.10211064979164138
176	233	0.13311737001850066
177	873	0.14232748181753102
178	191	0.1797830981971309
178	193	0.13850050208517786
179	484	0.10724802666930816
181	195	0.11541500967812661
183	322	0.10999550272558851
184	834	0.20872609361350905
186	200	0.15420628566815603
186	226	0.10270257449944305
188	592	0.10344101960972141
189	882	0.10503161733641415
190	192	0.12271138762961237
190	491	0.11747668086645699
191	193	0.21804445817835724
192	491	0.14104736521558292
193	197	0.19932603906905821
194	198	0.4710152400913745
194	228	0.11840922464392122
195	523	0.12028474858504859
196	200	0.11378805967344177
198	228	0.13098566874883785
200	226	0.10005297564001371
201	818	0.11708841809618036
202	204	0.15648501775632528
203	334	0.10911510305667271
203	781	0.10318767839192422
212	497	0.1622021219115024
219	741	0.10567190686207341
220	221	0.11545163959441414
220	261	0.10624708102799708
222	463	0.11663481984437907
222	799	0.12329469036682712
229	339	0.12962504518123671
229	525	0.1624831111445396
229	805	0.14316288740025435
231	233	0.17973505086529343
234	302	0.10784412685188219
235	589	0.10199114144485603
237	501	0.10446888399155174
237	595	0.11268391696237638
242	246	0.10322962595585258
244	677	0.14410735954180026
245	808	0.13350825405552139
248	996	0.13120401007882748
250	316	0.12139154643085522
251	888	0.106682957047756
254	262	0.1007732728558904
259	513	0.12983686154649116
259	821	0.12270977225580125
260	328	0.1024949742262593
260	350	0.11055626104522892
262	323	0.10957083945446365
263	856	0.115568900940541
263	862	0.1020057847493437
264	266	0.14523467915256702
264	270	0.10353278533499448
264	537	0.11749638167511427
264	633	0.12419212524145327
266	726	0.12426244945185107
268	889	0.12282903601949888
269	764	0.1014062601338308
275	402	0.11627182866233352
275	657	0.19650601474542018
276	308	0.13064224867849178
276	340	0.1076696073380226
281	413	0.11440011182824973
283	286	0.10330909344055994
283	306	0.10266242738255535
286	302	0.10157694368685749
290	294	0.11850287053652396
295	673	0.11927579768122774
297	892	0.13438917774389494
299	802	0.10974552207753836
300	306	0.11511545175016744
300	342	0.1135248627429754
302	340	0.10108119732250148
302	677	0.15035005753651767
309	916	0.10738081868998971
310	991	0.15163691240580446
314	344	0.12559041451790992
314	364	0.11695113082727458
314	693	0.10518926738957568
318	397	0.10876373907655186
318	995	0.13208918153807978
319	972	0.15674101395060808
319	984	0.1132632599500717
321	834	0.1727719593410275
321	927	0.10830843466885029
326	397	0.15346712641392227
326	685	0.1266604470564545
327	814	0.12596734154290573
328	697	0.11336867213129363
334	336	0.10435607121766625
338	342	0.13162915859652508
338	675	0.1628607643110885
342	917	0.1382361417547979
343	841	0.11113384479335131
343	967	0.10679328426010666
343	973	0.310953441684142
344	991	0.14273257798787395
351	612	0.10228475063634392
353	711	0.16380275798103666
356	590	0.1214309380634497
358	822	0.11422447576871034
359	889	0.12008529913464891
360	932	0.11273759722686706
361	647	0.14675769109643252
362	401	0.11633351906065388
363	969	0.1491234415848916
368	374	0.1494403102445775
368	378	0.10212618663512096
372	676	0.1216535114325184
373	535	0.13478913289558395
373	675	0.17272446199595587
375	507	0.11328001542490246
389	391	0.14267152902507804
389	393	0.13586036544294858
389	429	0.12986957902287904
390	394	0.1396879743940075
390	458	0.1339107090693124
391	393	0.21934418584758486
391	429	0.10334679738786856
391	909	0.10467059064272101
392	394	0.17020598255868505
395	488	0.11650159720283634
396	573	0.11218558371771203
398	723	0.1082029353040627
400	402	0.1964574934883652
404	793	0.10494680469344222
404	871	0.17161400420962686
406	410	0.10302732524417837
406	465	0.1235498973597442
406	481	0.10438841672358562
406	603	0.10569144599035567
412	647	0.13680098493170972
416	418	0.15459054372618627
416	478	0.10265549973473688
420	459	0.13797119772093377
422	647	0.11970419213781394
424	797	0.10370943377804173
425	457	0.13287561599478753
428	573	0.12800242521202954
429	523	0.10803900125726226
430	487	0.1365475986345471
431	671	0.1050667389127509
433	678	0.10439400509085545
433	736	0.1273820013883741
436	438	0.10846919562547633
438	487	0.11609089605990497
438	927	0.1703225081661292
444	448	0.15496898158551473
444	482	0.10672755811328241
445	449	0.13600909842523906
447	449	0.20106051451174375
459	960	0.10693310918715852
464	953	0.10883060915017782
466	470	0.11380684002588483
474	841	0.11917505839293847
481	784	0.14140245163931398
487	927	0.13335979468506906
493	814	0.14501928670903116
495	863	0.1052654236176623
502	853	0.1287023938036321
510	512	0.1373807887700927
515	521	0.253332610883993
516	524	0.14537559355415655
517	519	0.2120518222559322
517	525	0.15566431426689398
519	525	0.15673319714492334
520	524	0.14934612845144643
525	805	0.11961217100885993
533	856	0.10606595755702557
536	538	0.1254592362072896
546	705	0.13701037838599114
546	729	0.10042608774246493
551	744	0.1351225372672947
554	779	0.17386969144142167
560	779	0.11262027636281509
569	613	0.14776625822386813
571	972	0.11559089900486383
572	577	0.15619252983625811
573	575	0.293330438742022
573	972	0.13035996569627284
574	577	0.1798792894597684
576	854	0.1102499837781573
579	634	0.16053443908230589
585	587	0.2701466918908131
589	648	0.1114418891556555
589	676	0.11336230859328392
593	873	0.275631224136337
596	789	0.10949714642486114
602	779	0.1116737835040932
606	608	0.21421348385928599
608	610	0.25836981253657704
608	614	0.11090706964498674
608	653	0.12981029050269902
621	627	0.16110870187939227
622	626	0.15858103984789196
622	628	0.19405400605333434
623	625	0.10517574235353856
624	628	0.18927957923221175
626	628	0.1159980091523588
626	644	0.10240822432092267
632	638	0.10068227758830814
632	763	0.1683546522002777
640	703	0.10721819937854624
642	666	0.11268165040320201
644	763	0.18093287272574232
652	654	0.15670627256506528
658	676	0.11911139960613129
662	664	0.12890554539510155
662	862	0.1050289025691488
663	921	0.12490369076391547
669	810	0.10838893911956947
669	814	0.11794290478204254
673	958	0.1319093324695067
673	998	0.11540554762337837
675	987	0.1021417431931503
685	963	0.1012460924180465
690	739	0.10941249922146785
690	742	0.10576087867888954
692	958	0.10746212314076811
712	714	0.1643755871809475
714	716	0.17593478589948228
718	726	0.12056434810096502
723	884	0.10991897216191213
724	726	0.12415146217491842
724	728	0.11102500424398487
734	897	0.13764161991334287
739	964	0.11948793404704756
741	906	0.10350979558016946
749	796	0.15750473315668145
755	796	0.1139559330144422
760	997	0.13748307875692856
780	792	0.13531463751563477
782	824	0.1190910675512716
784	909	0.11507475925387316
790	969	0.111100629578765
798	914	0.1149386438073504
802	812	0.1063004183231414
806	819	0.1286409973011655
810	909	0.16871153220176113
814	816	0.10217768888984326
824	869	0.1276124410960965
830	862	0.11272286954187524
843	868	0.15217504574760565
855	964	0.11445165779987501
855	982	0.12775790854821537
859	986	0.11190234178954936
862	895	0.11434252568845693
864	867	0.19444351202421875
871	976	0.11328294135820775
873	875	0.14510464867412876
873	879	0.1633841545525775
880	882	0.1443404192817191
880	886	0.10477530141127273
891	895	0.2580322876065552
891	910	0.12877600723341875
895	910	0.11753112632375455
896	908	0.11723843284128305
900	902	0.1198701015956872
910	914	0.10209730239765351
948	954	0.17432768117790765
956	996	0.10989441319734329
958	962	0.10638347228259667
961	976	0.11836236935703962
972	978	0.13488680575508402
974	976	0.18935447084632678
