1	201	0.10424134748204396
1	402	0.1279205961206759
1	465	0.10128169747765495
1	930	0.13459244255097508
2	48	0.10061191224893125
3	71	0.10726406267781136
3	272	0.13996485816178994
3	447	0.11129520814977706
4	743	0.10173790230784206
5	219	0.10463173865360278
5	256	0.10045516579862038
5	320	0.11485352680017218
5	366	0.14051423767765062
5	383	0.10639898210177294
5	972	0.12627083679469508
7	10	0.11074302992751413
7	24	0.10147145708267047
7	81	0.10632713008445639
7	571	0.10549762255592068
7	589	0.11054252985805171
7	679	0.11210696847734788
7	705	0.11475289536263798
12	92	0.10094078918662845
12	108	0.13595715016625246
12	662	0.13593942834261813
13	34	0.10040173509854593
13	427	0.1081027290481904
13	515	0.1296803818307431
13	517	0.10060842023813951
13	525	0.16665119621472402
13	605	0.11107902164765532
13	887	0.10096490937487738
14	96	0.11201318786961989
15	32	0.10338749666135885
15	141	0.10452745243321063
15	776	0.10173612850097206
15	845	0.10319846528027726
16	22	0.1264756624441022
16	302	0.17406904417888383
16	691	0.10829812442162523
16	697	0.1311028374867791
17	625	0.10068696340293094
17	961	0.1020631546722351
17	988	0.10555863173146739
18	94	0.10547521187687003
18	274	0.11827445808670843
19	37	0.11462952011412353
20	80	0.11088255688481558
20	320	0.12279687144706537
20	335	0.11233487851905664
20	929	0.12818866143003757
21	189	0.19275289927280276
21	512	0.1517836573519404
21	538	0.11225424981406051
21	780	0.1100576750582194
21	966	0.10366697994293567
26	54	0.11441361778156184
27	273	0.10088185405362833
27	996	0.17135529723741943
28	30	0.12010264759376196
29	170	0.1038384795154598
29	174	0.14975776033476867
29	201	0.11028601836498243
29	220	0.11828496704994494
29	497	0.11327893962501405
29	613	0.12809375399802075
30	32	0.14883916744713008
30	225	0.10724416566318748
30	659	0.1081985571680089
30	998	0.1260166894858604
31	254	0.123411541887972
31	284	0.14967364675802014
33	514	0.10194150531394644
33	524	0.1153537373860325
33	979	0.11216158362833192
34	36	0.11796065199764844
34	38	0.15477249071675986
34	107	0.10323839076399831
34	177	0.1001866742905564
34	517	0.1061928881714779
34	689	0.10522060499924786
35	479	0.14335338318039195
38	572	0.1037930543670896
38	689	0.12896602282791883
39	48	0.14647843571855826
39	70	0.14209124386930583
39	437	0.1266202562778777
40	519	0.11408763724086149
42	44	0.28182610622593335
42	68	0.10168483606970553
43	45	0.32954936142869307
45	59	0.10981534703440086
45	786	0.10633469514725416
45	814	0.10208415329934856
46	108	0.10661885880290986
47	299	0.11801421492210053
47	705	0.10419211902916149
47	945	0.11876184640660661
47	970	0.15312232261759218
47	980	0.1297355290465193
49	59	0.1111738546011715
49	155	0.11910517831954501
49	835	0.16291228123405008
51	753	0.10795720853754355
52	521	0.14893777131025807
52	805	0.13238946248669664
53	998	0.12098009502750998
54	56	0.12400269213190324
54	772	0.15808240430456946
55	791	0.10163362356994371
56	84	0.17629792144616355
56	697	0.11112617692809977
56	772	0.1178411455916063
57	360	0.12169570769908054
59	155	0.1339543052682061
59	791	0.1194671684781244
59	985	0.1330050463081422
60	229	0.13571270659403198
61	234	0.1745626977742051
61	505	0.125323859724671
62	844	0.11093052609119261
62	931	0.19600657752448325
63	213	0.12075876681610714
66	977	0.13091253867068972
70	437	0.11291625645998285
72	977	0.1305284374808833
73	124	0.1045111648203472
74	790	0.11846198890780488
75	307	0.12980720538635976
76	588	0.10359312776599841
76	670	0.12542090029203962
77	205	0.24188467670488892
77	902	0.16483965238297033
79	466	0.10514686062163335
79	669	0.1316150678346568
79	802	0.11298310938336162
79	826	0.18020241180370491
80	519	0.11143837336773456
80	929	0.14479570116590046
81	125	0.11413155501137502
81	182	0.1335469067471833
81	822	0.11045570543946392
83	245	0.10465113624259122
83	627	0.11690427057474864
83	675	0.10395821340610996
84	86	0.14933834445497557
85	350	0.10172941782838298
86	135	0.12581367171704577
87	725	0.19248723765486384
88	108	0.10831262630117697
88	936	0.10296214482986689
89	398	0.10637437558306262
89	404	0.15084253125706795
89	443	0.10044050416900066
89	458	0.10327545847755398
89	460	0.12346346619082323
90	92	0.33066613940094297
90	100	0.17006817636629368
90	102	0.18380125116624746
90	106	0.1598553305564475
90	108	0.40880700105446993
90	528	0.10345544135129145
90	934	0.11579219893892913
91	712	0.10507478470140917
91	796	0.12702236883067528
92	100	0.19925240413603254
92	104	0.17515144135759214
92	108	0.20738568597471424
93	557	0.11129478737442838
93	617	0.16236734793913804
93	796	0.1435532070479221
94	104	0.1819394597306216
94	108	0.1648675782920076
95	490	0.10269599603206517
96	104	0.24834173440731022
96	339	0.12006117595500901
96	413	0.13290296485920816
97	495	0.1094222289846095
98	104	0.11566992183389808
98	106	0.16414448275350937
98	413	0.105993432385779
99	595	0.22815992017216094
100	102	0.12121665278365547
100	986	0.10208824779947116
101	255	0.11098029791161175
101	977	0.12051601841198689
102	104	0.2223002343085151
103	279	0.1257898839099314
103	343	0.12826029607952394
103	534	0.10862346518381613
105	630	0.10985242524299614
107	803	0.1667963490003175
107	905	0.13895917844977876
109	354	0.10761019849911797
109	702	0.11639300093534317
110	654	0.14883831903904596
111	394	0.10844179158464438
111	484	0.126451479791269
115	503	0.1149072799420374
115	712	0.14700710099462502
117	136	0.10329968446358613
117	317	0.10124551997671166
117	483	0.10129043423935016
117	523	0.11800786945746979
117	926	0.14834353065570463
117	987	0.12462989937419913
119	216	0.1605708503346644
119	357	0.10482451004992933
119	654	0.15894729994693932
119	668	0.10005896510139399
120	180	0.12264817785618495
120	667	0.10495667199007284
122	497	0.11034385612494438
122	801	0.10376825608040605
123	125	0.1103191272270461
123	127	0.18243412312067314
123	279	0.126617062838856
123	699	0.12166004264167074
123	733	0.17224431971006912
123	755	0.13771497366980315
124	130	0.11265789407379874
124	667	0.13264261974908617
124	972	0.12130399832071544
124	977	0.10257760689383687
125	299	0.1266900625093367
125	307	0.10190602669357543
125	496	0.1124431157600584
125	733	0.24120042242616077
125	765	0.11444819349978243
125	815	0.15326930611009204
125	821	0.16197367858222136
126	130	0.12150507918146108
126	756	0.10727031122973399
127	151	0.10054189305374102
127	301	0.1760764103022135
127	389	0.1595589211134281
127	712	0.13495160662522346
127	828	0.1094185932840242
127	830	0.10117747661773864
128	221	0.10991235851162615
129	640	0.17986197348362445
131	421	0.13321111101000188
132	428	0.12681931059626175
132	436	0.17662946940480875
132	438	0.2456632689683217
132	442	0.11960259737152565
132	460	0.10396521739236202
132	478	0.10160294991959666
132	693	0.1472888413838011
133	134	0.1156999541513899
134	138	0.1207045875342979
134	197	0.155233808676571
134	247	0.1107065846334397
134	406	0.12033047070605477
134	603	0.13193871429836682
134	751	0.11232644405945194
135	845	0.108347215192229
136	569	0.1053689645209728
136	976	0.11019917339040146
138	140	0.12447833421785007
138	917	0.12263752184440521
139	216	0.2897338728291219
139	218	0.11224588758016774
139	363	0.1203038728926553
139	585	0.12077083083552845
139	751	0.10362756670426711
139	799	0.12366754146113476
139	917	0.12280914196714288
141	776	0.12106120738140495
141	839	0.1295814123940727
142	667	0.11923547345217625
143	156	0.10612623964325014
143	192	0.10268284399212868
143	196	0.10912774083012275
143	216	0.15733741394723003
144	204	0.10461967166767773
145	254	0.10033204954326912
145	319	0.10294160504655145
145	603	0.1004157680938606
145	671	0.11127819160410406
145	947	0.11252776459118578
145	956	0.14840884964296353
145	976	0.10467497248993574
146	174	0.12619347423611085
146	338	0.11455517010224037
146	404	0.1232973970628566
147	269	0.1404816616044435
147	540	0.10284373820628435
147	672	0.12144880159099039
148	465	0.10660194479576088
148	783	0.13017847860184387
148	787	0.1277266408729936
149	461	0.10294936463830442
149	571	0.10148329754531038
149	636	0.2399437205365579
150	792	0.10053275386585374
150	824	0.11053799322920156
151	169	0.10547462589185903
151	275	0.10089724245642533
151	391	0.1285350337112601
151	495	0.13419205405336326
151	775	0.10697107323955103
151	839	0.10405331389098615
151	864	0.11475366124950792
151	976	0.10099420616718975
152	174	0.15401283586318748
152	569	0.10212505809274512
153	159	0.2166164550567329
153	272	0.10220853770309703
154	716	0.10264472380057023
155	577	0.10448734961955328
156	186	0.1026900752622379
156	192	0.10413145298142057
156	858	0.13225705588604975
158	589	0.10275960175298914
159	160	0.10108269896084654
159	621	0.11297335804306351
161	430	0.10700759808906711
161	627	0.11978518157950914
161	741	0.11182453876816373
163	672	0.10280558344797205
164	800	0.10861115631599011
166	172	0.10920903699169084
166	174	0.2315941589125235
166	233	0.15040913385190494
166	465	0.12997238003743736
166	711	0.10427429802950311
168	491	0.10461994276326236
170	202	0.10171189660595562
170	224	0.10991329538203597
170	666	0.10596334970717249
170	668	0.10238462303013154
170	953	0.10972152419780747
171	958	0.11322278480255385
172	222	0.103096940588755
173	261	0.12301691655255027
173	949	0.11085785498056473
174	361	0.10819639381969805
174	423	0.11264961060593609
174	474	0.13138980403463593
175	355	0.1300347429402055
175	819	0.10564073322900666
176	191	0.11356444499440212
176	193	0.17654267842771623
176	198	0.1100168049027783
176	773	0.10857732961872332
177	448	0.15096508864407507
177	461	0.10543878111347031
178	197	0.2802642548685156
178	773	0.11008353016479706
181	485	0.11591834870585832
181	615	0.13371885215893226
181	815	0.12906207531508923
182	193	0.10436590987871734
182	220	0.12278923417870681
182	231	0.10723330736230467
182	365	0.1222913640269268
182	491	0.10486733920690093
182	941	0.11348688787434455
183	789	0.11811554389451445
183	889	0.10638587578469079
184	401	0.16843726373687
184	585	0.11603525052219861
184	847	0.10015134153770149
186	198	0.1152092392986363
186	200	0.1456577153471646
186	226	0.11114781134625837
186	228	0.11555228393203602
186	462	0.10630097189301234
188	200	0.12123658213350585
188	226	0.1304111644428736
188	491	0.10111572533727867
188	747	0.12739420160615
188	873	0.10202867529616517
188	907	0.11238882241814831
189	296	0.11732432225026956
189	633	0.11389170727589971
189	842	0.11467768571920244
189	876	0.1203135067740754
189	908	0.11199185092394294
189	989	0.11746043808336948
190	194	0.11191951744775093
190	228	0.11556193665278032
192	214	0.10751953672856839
192	740	0.11702358389652964
193	539	0.10786601869410527
193	585	0.11781131483186251
193	941	0.12912735425869507
194	869	0.10141310837723759
195	481	0.10062327622075998
195	621	0.13572164909163278
196	198	0.20456931741384674
196	374	0.1327300752835719
196	587	0.13554888996967718
196	799	0.11601224859498208
196	808	0.12911896209163137
197	363	0.12209937085756417
197	648	0.10754341319894553
197	871	0.13258011748827864
198	202	0.23524603821996107
198	349	0.10308081540436831
198	491	0.13941940626236854
198	585	0.11964556813921855
198	771	0.1437251396824117
198	969	0.10065782159838345
199	900	0.14752849971169835
199	904	0.11720164328729046
199	943	0.166413266934135
199	974	0.11171460193704814
200	202	0.25835318148550185
200	221	0.1314410805121124
201	210	0.10673598473867929
201	818	0.20058245069113367
201	949	0.19782134542561708
202	221	0.11838414558519784
202	747	0.11117329068290298
202	969	0.10172480058500372
203	318	0.1332448732115741
203	360	0.10311949254310109
203	535	0.12203194328454764
203	723	0.1431760875437819
203	995	0.2167063640736348
204	747	0.15896859657967694
205	387	0.11153333586863533
205	757	0.11447786789461097
205	850	0.16892059875873194
205	902	0.3669259504734201
205	945	0.13381292372283937
206	497	0.10586822192878546
206	670	0.1306504410877075
207	564	0.11154682856680886
207	796	0.11314776613877345
207	964	0.16252684844072812
210	465	0.13411790695681122
210	497	0.11652636227996929
210	711	0.17256167146104684
212	221	0.11040299657043355
212	353	0.10559414622535297
212	462	0.11157219486812285
212	711	0.12141472749977371
213	215	0.4349534773072441
216	343	0.10548786802583705
216	751	0.1245650786349878
217	231	0.10010984147718174
217	395	0.12376759031509449
219	561	0.14929284445020227
219	899	0.1402397846180373
219	976	0.13835197386918321
221	437	0.16323307355666886
222	224	0.14555133234406273
222	497	0.10901527168799491
222	711	0.16911536341435987
222	751	0.11726044247804375
223	805	0.10165909607456156
223	858	0.1163091633738046
223	861	0.11260304400903133
224	353	0.10022700538087935
226	585	0.11474459957126695
227	379	0.11448051975454668
229	517	0.111204384330284
229	805	0.15346648537363877
229	807	0.11990509097310988
230	234	0.140384191424341
230	240	0.10638623666334127
230	397	0.19790809080377922
231	585	0.11195259294795745
231	847	0.10033091691158413
232	740	0.134550286565787
233	587	0.11750599200315548
233	589	0.13566787102253935
233	596	0.13426547164874192
233	619	0.10548074777549574
233	661	0.11051104095526128
233	711	0.1467052755658192
233	939	0.1373828466875527
234	236	0.13430427449841598
234	240	0.13185856417835704
234	248	0.1171895096726082
235	270	0.10040497063934034
235	571	0.11128167112093044
235	967	0.1251158376930282
236	242	0.13285334373504992
236	286	0.113696401678855
236	991	0.12185726070861108
238	743	0.10130009208803445
239	843	0.1476973416581207
239	858	0.1055409342991794
240	242	0.1025061491684598
240	278	0.1022600991165762
240	310	0.11614431922398362
241	589	0.23059135470252995
242	246	0.1334723396485336
244	330	0.11660514477334004
245	368	0.10431579472016293
245	501	0.1186084593962309
245	617	0.11346890549024123
245	726	0.11197999654072985
245	808	0.12053070426471592
247	347	0.1096821455622693
247	542	0.13277172705390305
247	603	0.12340835241972554
250	373	0.10892141229095469
250	535	0.32700388313529916
251	342	0.12280613284287761
251	713	0.17080832376728167
252	254	0.13508868485842085
252	282	0.1032157276001551
252	300	0.118454080129312
253	259	0.156041362507135
253	821	0.17475365541103718
253	957	0.11798471557163628
254	332	0.13347932772364668
254	336	0.10240214083256718
256	258	0.25274148545627106
257	259	0.23775746624942887
257	814	0.11189111011031198
258	481	0.12802511640050204
258	834	0.13652869782307936
259	513	0.11283047643616952
259	821	0.1426108537471661
259	982	0.15011646928472497
260	400	0.1015999343562037
260	535	0.1127726656608525
260	714	0.14483225002273328
260	761	0.11043618286785106
261	360	0.1114879184172726
262	972	0.16413583913924604
263	315	0.14379181466459084
264	278	0.12930977161049187
266	318	0.12009892392301406
266	323	0.1616419732018723
266	397	0.14286143960335831
267	796	0.1063596378933629
268	323	0.13183220665523818
268	334	0.1141845171278287
268	688	0.12220412194817966
268	848	0.10028443074533816
269	497	0.13909772696483744
269	906	0.17166628071034878
269	921	0.15924197446519092
270	408	0.16770784525851945
270	410	0.11403414404091088
270	649	0.10075870384705486
270	867	0.11978165003444385
271	444	0.11116437700298204
271	481	0.11079298197013396
271	595	0.11557883451390576
272	304	0.10400729828430544
272	370	0.12292845622773202
272	410	0.12156546918024669
272	864	0.1676727621765505
272	867	0.11926515971072252
272	961	0.12783816919472507
275	571	0.10616727383702154
275	887	0.10130110401437273
276	283	0.10105132672980767
276	362	0.1260780891008708
278	423	0.10436132021978292
278	481	0.12609944469653964
279	507	0.10025730951691951
281	396	0.11229797187167437
281	413	0.13714471979558213
281	660	0.10435708330494006
282	290	0.14385727520587346
282	330	0.12334303432167473
282	603	0.10020821711645002
282	786	0.10675033036466745
282	793	0.14926819692043833
282	940	0.1045991337412259
283	288	0.23085326149435256
283	304	0.1752033087371953
283	397	0.1144048349513376
283	463	0.10877692891620883
284	680	0.1274511351699098
284	735	0.137541764417979
284	991	0.12023220148897647
286	685	0.1162223614395612
286	776	0.10234228611377355
286	991	0.12572022549753661
288	294	0.10216527615045379
288	304	0.12136073545355053
288	366	0.10940226607140241
289	656	0.15305441186878516
290	292	0.4245433998737259
290	294	0.12253010783152435
290	340	0.10565381576882531
290	914	0.10966876726943395
291	702	0.10159527170769118
292	310	0.10010067703943167
292	422	0.10199929160805145
295	582	0.10385694593640309
296	326	0.20149066764064139
296	535	0.11091894957919181
297	894	0.12266741703957826
298	366	0.1264900972072216
298	463	0.13332453281128653
298	613	0.1031764499145363
299	670	0.10141939389694993
299	830	0.10504562821083262
299	850	0.12151857385476238
300	312	0.1352288779570409
300	338	0.12637197198136388
300	963	0.28519921760160727
301	389	0.11855754604643225
301	818	0.12052120503096012
301	824	0.14129405100612366
301	828	0.11575421105723871
301	949	0.1804233141726513
301	987	0.15680777666199552
302	326	0.1799105138325869
302	328	0.11822254526230042
302	963	0.11577226110162674
302	995	0.1333984724520601
303	325	0.16049294217197205
304	366	0.10233388990124821
305	720	0.16336561611905792
306	397	0.10228786082436826
307	660	0.10177073105115729
308	345	0.1353511491880238
308	415	0.10315176016153428
308	729	0.13174132179578357
308	991	0.15641677717882949
309	858	0.12769388024529896
309	891	0.12084822589837185
312	369	0.1021457056309345
312	397	0.13967774235436403
312	463	0.10459526736335122
312	685	0.10226837449046752
313	432	0.14180447887700895
313	458	0.17365456856459513
313	656	0.12598067329096427
313	679	0.11856447305571438
314	344	0.14757378942434343
314	359	0.14150266155106125
314	569	0.14713758161610974
314	685	0.1545702600078452
314	729	0.1760096723828678
314	963	0.10694312775027287
315	404	0.17130999433965427
315	424	0.1112235814622906
316	675	0.12808438760345364
316	685	0.24745779403681545
318	397	0.3103829340637513
318	532	0.1118582633291388
318	943	0.10014433898673622
318	995	0.18911053460743105
319	948	0.12373297655860406
319	968	0.11076848661626824
320	322	0.18434527155435199
320	332	0.10353573996806388
321	663	0.10358458668165928
321	853	0.1522756962146674
322	324	0.1256934792971489
322	685	0.15879006394827788
323	460	0.10734048365261922
324	329	0.10987016395580321
324	546	0.1062168557533537
324	574	0.1162986292227913
324	823	0.10724825938121028
326	719	0.1098017696656703
326	963	0.11980023748235
327	669	0.14589197294139755
327	808	0.11863553533808609
328	995	0.13474816942461107
329	742	0.11517831331503961
332	342	0.12287765649102043
333	712	0.12212384910549196
336	373	0.10107038477245917
336	991	0.16002901633616953
338	373	0.15721836756231716
338	380	0.10776227194641295
338	404	0.1405058681607971
340	342	0.15688450020841638
340	585	0.12347455064196569
340	710	0.1781006797325655
342	959	0.10535170201417776
344	368	0.12634428903012018
344	374	0.1002660164601467
345	496	0.10270676159699071
345	729	0.1381000766050548
346	777	0.10026086700758852
347	634	0.1334035629431044
348	398	0.1346350640668902
348	727	0.11579821992521737
348	734	0.145927144506115
349	648	0.11596005232951717
351	608	0.10735569961343391
351	943	0.12186139342817423
352	413	0.2051501465481147
353	711	0.1212014010538274
353	835	0.13609714793317235
354	359	0.17432907663230343
354	889	0.1077120875678976
355	413	0.13730296069119488
356	877	0.14244326939907823
359	633	0.10473455094969507
359	675	0.13600789402468788
359	904	0.10308849011134676
359	995	0.1460357186582566
360	397	0.15815159167942971
361	461	0.11189419917780526
361	741	0.12097295695758344
361	841	0.10016342222503885
362	382	0.14176406260065844
363	585	0.15864344878718598
364	368	0.14293316416026922
364	376	0.10426721521428477
364	423	0.10877655532046097
364	665	0.10864138778406467
364	693	0.10799574964492079
366	953	0.13122751582612682
367	849	0.15188674036149863
367	903	0.1362858979596916
369	378	0.1048774350603635
369	677	0.1510081091232202
369	743	0.11304162755270115
369	991	0.1001030108635321
370	933	0.13352606702182443
372	790	0.13365317695634626
373	738	0.12060946780046526
373	821	0.1043560887718902
373	926	0.10487281209715457
374	677	0.12458667491781392
375	507	0.19303435991279957
381	634	0.10552757068304895
381	872	0.1379325233094582
382	397	0.10066762506502841
385	789	0.10164583175514985
386	392	0.14196184383733063
386	394	0.2043419621168247
386	430	0.19474940866995763
386	460	0.1165667740344383
387	548	0.11735972254867989
387	634	0.10355645969938553
388	458	0.10023134072325468
391	481	0.11387714504924219
391	909	0.13337595530560406
391	945	0.10093547128646757
392	458	0.1310931962161938
393	465	0.1604492785166039
393	555	0.12593753503720784
393	949	0.10078226834323137
393	966	0.12005582385159251
395	737	0.12135725344181746
396	400	0.10123870479585044
396	465	0.10733661071116996
398	404	0.10915954643444735
398	753	0.11106010820341967
399	637	0.11418043783956104
400	402	0.10113732602878035
400	406	0.1756621926128689
400	418	0.11165298254919094
400	443	0.13345047224812712
400	572	0.10860518111945752
400	741	0.11922280960119438
402	406	0.10494154204638424
402	470	0.10317109189212682
402	495	0.11427435443546655
403	417	0.13754668838525366
404	406	0.11059997955815826
404	761	0.11939559147158256
404	841	0.12868710769820116
406	961	0.10009802859546216
407	782	0.10159306214423812
408	487	0.10884834331276055
408	797	0.10503872571101651
408	867	0.22083372112257713
410	723	0.11600312483468654
410	867	0.13713218989934894
410	884	0.12278692945183732
412	421	0.10812928655052226
412	589	0.16285264119612197
412	657	0.1174375335592521
412	723	0.13893005070993214
413	630	0.10090050164955555
413	659	0.10950100800923722
413	695	0.1311448311979049
414	418	0.11075667130879067
414	443	0.15643614377070023
414	495	0.11975387852057395
416	420	0.152251934152895
418	443	0.16063864142119777
420	487	0.13296080364134924
420	797	0.11209032416942716
421	995	0.10388659213756339
422	679	0.11031188043389606
423	468	0.10266574807976736
424	426	0.11407773069210025
424	474	0.14084283052484514
425	944	0.2080595643010077
425	954	0.18991515404476594
425	960	0.14364670243199884
426	440	0.10708055182949353
426	442	0.10482106491817098
426	808	0.10791119664151361
427	525	0.10818727818270103
427	833	0.1147366722064093
427	916	0.10000626086422906
428	442	0.1116148474192381
430	438	0.11692477452807137
430	460	0.11455042011409942
430	462	0.13937866874459523
432	793	0.12126690679115606
433	728	0.10285536295833704
433	730	0.11424679966752802
436	458	0.11648337831235778
436	468	0.12407387909568922
436	790	0.11225119337295732
438	841	0.11067346098645099
440	794	0.12962755178710872
441	457	0.12495229307909134
441	459	0.1920246007181133
441	468	0.10793876966667341
441	537	0.10318499438896704
441	968	0.18214290253516438
442	838	0.10251180188449315
444	446	0.1058333059242961
444	448	0.15376963754669454
444	486	0.10177234773414165
445	451	0.1310050013294424
446	722	0.1129706502841878
446	769	0.18442292707724783
447	563	0.10349765946511026
447	838	0.10039307565259939
448	450	0.3178978627365253
448	490	0.12512064933950184
449	451	0.1731869883578227
452	456	0.10933847209562277
452	791	0.10014887301956703
455	730	0.17983624160130324
455	732	0.1915884201780674
457	459	0.1571563161768533
459	481	0.11606161363094485
459	948	0.14390639408649455
461	464	0.10033903961019182
463	810	0.10107921004449043
465	657	0.10659172398544776
465	970	0.10528296189840616
466	848	0.20123750727203918
466	933	0.114209108333702
468	470	0.17592057426325258
468	488	0.13287241183642307
468	666	0.10109675323542311
469	953	0.11517075774699344
470	726	0.1103065641763391
470	953	0.11256253939677281
474	478	0.2431016509496329
474	515	0.11263703455184484
474	599	0.12771058832729454
475	883	0.13374553972513714
478	603	0.12731097952567658
481	625	0.13647596705764065
481	765	0.10336374193052439
481	777	0.11494707611983153
481	964	0.10297993666999382
481	978	0.1146445139530098
483	993	0.10190097563268101
484	674	0.11044140647605834
484	839	0.1070472655834309
485	754	0.10810198905899054
485	970	0.10035922942915775
492	494	0.14874838441857402
493	760	0.12714365839362946
493	957	0.1356225905742565
496	506	0.11563215699145026
496	755	0.12466938989414232
496	821	0.1863956115982676
501	617	0.38187205203220537
501	808	0.1300688311266603
502	834	0.14826809976223387
503	926	0.15047161549110408
503	943	0.10821470407076524
506	526	0.10404486920537177
506	787	0.2146402768716501
508	891	0.11010476230647258
510	514	0.12453889660957265
515	521	0.1614671898922587
515	525	0.5190145005323763
515	772	0.14254878873004292
516	518	0.29990483544200097
516	820	0.10690606865839462
516	875	0.1257171242788211
517	519	0.18217876204591812
517	525	0.15869552605827242
518	524	0.1286726294972424
518	544	0.15952557364232617
519	525	0.10718143051627566
520	536	0.12834061653329484
521	672	0.10875073807629196
523	541	0.12022301405977816
523	961	0.11087240258177555
524	545	0.12088578928153115
525	805	0.10330236692686533
526	905	0.15665596023058684
528	934	0.10128707778074765
529	727	0.10661421708360559
532	702	0.10953797933875885
533	731	0.1125701400272991
535	756	0.10457593916206634
536	978	0.180099403199674
537	916	0.10467754012161562
537	924	0.10745334247506659
537	945	0.1284415401352054
537	968	0.10243693838120999
541	795	0.10349298875976115
542	670	0.11351566726764376
542	942	0.10035034014108463
542	964	0.14987148612399892
546	547	0.10905766876909681
548	699	0.10390610389799218
551	744	0.28373294450730846
552	554	0.25351585669832777
552	590	0.12608835601124604
553	555	0.21435798777668047
554	590	0.11458885957947891
556	560	0.15206062280519872
556	562	0.11218136202809575
556	586	0.12153035708811862
556	602	0.10491117925861894
556	779	0.128734304342402
557	796	0.11727145714426479
557	856	0.11187790594225434
557	908	0.10136272710934155
558	560	0.13628831916084694
559	561	0.18921514320438285
559	635	0.11474873710360509
559	924	0.13516906840155468
559	945	0.13678741958134236
560	715	0.10030268683591127
561	778	0.10662409923624667
561	899	0.10660880215957821
565	567	0.539439233955542
565	793	0.11313113422415019
565	803	0.10778244118837665
567	895	0.10395442478063874
568	590	0.1011498221392324
570	572	0.11170299185101216
570	589	0.10219723936410274
570	704	0.25066316351403056
570	787	0.11331592799897514
571	853	0.10285440935111088
573	576	0.11396463646823962
575	739	0.1250987299298168
583	744	0.1877503726818071
585	799	0.13328233822825017
587	718	0.10682250955029648
589	646	0.11619140313687792
592	732	0.10220349746807053
593	873	0.18653350505729038
594	710	0.11815605179641743
597	879	0.12058729371886856
599	916	0.10263822300076202
601	739	0.10205561792301457
601	848	0.13224237205805772
603	684	0.1315186217410735
603	927	0.15323100313300034
604	606	0.22985831491925265
604	919	0.10829958987023351
605	722	0.1038147029811311
605	914	0.138687837597892
605	979	0.15577955535408217
607	665	0.11923703405835251
607	675	0.10698766973895373
607	957	0.13406119300743655
608	610	0.1434927971015552
609	858	0.10888666447461422
610	652	0.12948100404057386
611	946	0.10686006902714565
614	685	0.11742650366663245
616	626	0.18383384649640414
617	780	0.1399921900801406
617	785	0.1015853063383618
617	793	0.11175685131131742
617	814	0.15532753971393728
618	622	0.10384619426582624
618	624	0.12259837255243376
620	622	0.1814008496551237
621	625	0.1893711761750091
621	627	0.37914409753128503
622	624	0.3892227854545795
622	652	0.10816137039116006
623	625	0.17693181146782425
623	627	0.20989520058727296
623	858	0.13060185658970896
623	971	0.10844565254823298
623	982	0.1111962627517886
624	656	0.1391231384052802
625	627	0.10125011604162261
625	858	0.16698836009932913
625	988	0.10912865207035288
626	628	0.1512261795729606
627	881	0.11962971401654905
627	912	0.1118742943027898
628	644	0.11666691865984598
630	634	0.1088847223430175
632	656	0.1132936867931579
633	867	0.10922193204100339
633	889	0.12666147557427074
635	855	0.19031944471849982
635	945	0.12655842214411397
636	650	0.12453177506643678
636	763	0.11290012726683873
636	972	0.11854631618831811
637	826	0.11551491145733035
639	669	0.10317647232596418
639	786	0.10048075317257055
639	792	0.10201859090870218
639	891	0.15844551586607883
644	763	0.1317233496426156
647	666	0.117791733730285
647	839	0.12215808228336868
648	734	0.10781456862873937
650	656	0.13823936680175475
650	658	0.109652234148319
650	668	0.15915828115242103
650	679	0.10245922932849073
650	763	0.10272857872087285
652	654	0.16449925570312768
652	903	0.17680652086672735
655	667	0.10016710499654227
655	942	0.13392157600536572
657	850	0.11149557914233481
657	947	0.14308321806134913
658	803	0.1848564296134546
662	727	0.10147579673465117
662	930	0.11829350862584079
663	862	0.10984412091649327
664	930	0.1890749138504027
665	773	0.11412554549389214
665	933	0.10408781129590627
666	704	0.11475840641725259
670	799	0.10974757793972569
670	844	0.1008595311370744
672	896	0.10393187884955268
678	704	0.12413939237989416
680	688	0.14222408312469545
680	732	0.10033017563324288
681	741	0.12867031041313778
681	839	0.1931813057885417
681	980	0.10031820360119674
682	742	0.1299355809250185
682	820	0.14126434919180117
683	880	0.11492208785987783
684	688	0.11286894182862942
684	871	0.11163373840672104
685	729	0.12027177584231062
685	963	0.10779257027078176
692	704	0.10210792535077615
693	792	0.1293750858139136
694	704	0.11209176069007239
694	747	0.1000953367678759
695	983	0.11621840001232218
701	851	0.13338767767187046
704	787	0.10853187337236386
704	847	0.12365762064241655
704	903	0.1263258501512297
705	857	0.10606938032642667
705	947	0.11744369826717531
705	959	0.10856161146173582
706	893	0.10414832992633347
710	917	0.11862824741949743
710	920	0.10195652330803961
712	727	0.11442010342739775
712	871	0.18670292748910555
715	882	0.1348603838637617
716	730	0.10013907365460303
718	726	0.10001927341718676
718	736	0.12526140634040192
721	801	0.10140343024702277
722	967	0.11337535200940577
725	727	0.27051732991751243
727	735	0.10645997321975433
728	797	0.10601420939100203
729	991	0.1168035246229932
730	732	0.31413623409717245
731	850	0.10806825772480258
733	749	0.11885677471572698
733	790	0.11874436541868044
739	784	0.17245501782401187
740	967	0.12142759971242804
741	761	0.11531824473835289
741	887	0.12795847638582714
747	799	0.10850227451391628
747	969	0.1484631540758033
749	790	0.12141182812149971
755	821	0.10018178361177685
756	774	0.12212319471240982
758	760	0.2188274047238523
758	997	0.12407895794650228
761	974	0.11524998465951578
761	978	0.10957436908485234
761	988	0.10321908577442167
762	997	0.14338066099055957
763	854	0.1063819293228758
768	804	0.11662264780253087
769	807	0.10496781919682006
769	983	0.10319897495001058
776	839	0.12499795041597488
776	921	0.1311453947911903
778	785	0.10846110327803138
778	812	0.12492890999283601
778	822	0.11567896795536185
778	836	0.13830215568861823
780	814	0.11307524053780547
780	816	0.10417173391454611
783	792	0.1461803990465842
784	796	0.11641396749976439
784	970	0.11922471499366893
785	942	0.22956401570794752
789	927	0.10579770542936195
790	792	0.13713262031033344
790	794	0.10462102116366508
790	818	0.10555080887041812
791	899	0.11097222601712901
793	836	0.11991220474698536
793	895	0.10433562409855564
794	810	0.11393018445970268
794	826	0.13171772689340933
798	836	0.11126098967993439
802	808	0.10302612006296183
806	819	0.1769534265439651
812	909	0.17339233684249353
814	816	0.27934887845342327
814	967	0.1039704174810348
818	949	0.10307024258388144
821	826	0.1316006035969592
822	831	0.12681832420986286
822	924	0.11037215957648293
824	828	0.12292139749180005
824	987	0.11499995460583315
827	981	0.12799960879599717
839	951	0.11083974223334624
843	862	0.20638532550012362
843	868	0.11046649948320729
843	874	0.1549366539188103
846	852	0.10020130464759698
850	945	0.12773632853144343
851	897	0.13774803339869823
855	972	0.10660299534953968
857	863	0.13327075573574723
858	868	0.12710869945615377
862	865	0.12531564542942916
864	867	0.2134332315913109
865	866	0.1317158833093335
870	921	0.10448125403980384
874	882	0.10331345443859902
874	937	0.10651203876477973
880	882	0.11327669092821266
882	886	0.10168348059557566
888	943	0.16196953849512705
890	894	0.31183395083356885
891	893	0.2067619576372058
899	990	0.10961279046186682
904	943	0.10758100750740182
912	914	0.12007639044462795
921	985	0.10607246166901682
929	955	0.1049170215932085
932	941	0.1252671610251032
950	952	0.17902369429482423
952	996	0.10194339668614194
954	960	0.18147137707000557
954	972	0.13362498454441252
956	968	0.11908374644549705
956	984	0.12248521724587176
956	988	0.12202220093019611
959	994	0.12001925294897976
960	972	0.19521472625633393
960	978	0.14355856529435138
961	968	0.11977336441745026
961	988	0.12451874768103438
963	974	0.10994134129568524
966	972	0.1423600567830032
966	976	0.11297921861874972
972	974	0.10450325288355389
972	976	0.10036240206065247
974	978	0.1522737775888276
974	992	0.1493435597466779
976	980	0.12213033772075342
980	996	0.12036051360566459
992	998	0.10577700475515306
