0	39	0.12366267792707814
0	48	0.1081408645367948
2	4	0.18953049796030802
4	6	0.205350974246063
4	72	0.1142724485762316
5	298	0.1238931053832096
5	408	0.10040036596414895
5	778	0.12252320931205506
6	651	0.18078001729258336
10	811	0.11548246836201735
12	108	0.10919030033439561
15	603	0.12919532051861096
17	161	0.10782022109389669
17	978	0.10279897085062778
17	988	0.11521916815543004
18	66	0.10892046429645712
18	183	0.10906554607581442
22	437	0.10543574109306932
23	404	0.10133474312940702
24	96	0.11702468684666746
26	101	0.11636360398638274
27	563	0.10018437708580002
29	193	0.10092309827331308
32	141	0.12498487094759085
33	275	0.11545775906685395
34	609	0.10968975517647966
35	37	0.1962659832515002
35	331	0.12039856881399265
36	141	0.1230471596723495
39	42	0.1059902161619174
42	44	0.14404635760120085
43	786	0.15679151497596458
45	125	0.10602377217651729
45	821	0.1123340016923471
47	955	0.10192546853770457
49	155	0.11991943647354363
49	279	0.10552971225599157
50	65	0.10043621400395555
51	288	0.10633464711802817
54	807	0.11172885945917976
59	712	0.10975504877705097
61	238	0.12844886895007093
61	336	0.11138351421704953
61	374	0.14250443227995022
63	65	0.12700494347631894
64	977	0.22493966808560084
68	72	0.13882470523975976
69	445	0.10729470276748643
70	72	0.1810660047706227
73	433	0.11629299888286992
73	863	0.11389855889129083
73	933	0.10218759391679691
74	792	0.140361932995275
77	270	0.10040480182547572
77	387	0.13247889888685052
79	812	0.1584531508753393
79	826	0.15758878901076562
87	314	0.10339403852642635
88	94	0.21361203342234306
88	98	0.11299489163798312
88	104	0.15082228692405944
88	106	0.14133334608885545
90	94	0.23376351371639204
90	96	0.18791335124676348
90	102	0.32216356266242546
91	708	0.1076751078484985
91	822	0.13941737706011514
92	106	0.15633358597957325
93	755	0.1314329708318152
94	100	0.18751721199287322
94	102	0.13941062424721856
95	321	0.10711736058175353
95	345	0.1000981410216474
95	595	0.11050102795648108
96	102	0.14306214240610568
97	638	0.10855332128774572
99	271	0.11431843440736655
100	102	0.19008779076569382
101	110	0.10102904853874901
101	672	0.10113469203639593
103	343	0.13658524122944427
103	835	0.10842778450661274
105	608	0.10251855237506997
118	124	0.1059101369160389
119	484	0.13955383639195804
119	606	0.24615908251876736
122	142	0.1183542114064827
122	311	0.11444141788003466
123	828	0.12449888713248573
125	327	0.11603160455242377
125	812	0.10274606333160409
127	669	0.14264216539173263
128	130	0.24014016417602668
130	140	0.10539830056107999
130	198	0.11076421499245453
132	394	0.13297743579022034
134	191	0.11233633097003007
134	404	0.1660826447954099
134	406	0.13795658765308144
138	143	0.1612653543263249
138	228	0.10213413452784659
139	180	0.10273651879642626
139	593	0.10550476159351163
140	221	0.1392344635488307
142	224	0.1065484020398096
142	667	0.17191905255595188
142	799	0.10291957577781036
143	228	0.10072508248790003
143	416	0.11820110386857594
143	621	0.10024865224125531
143	747	0.10915949689235246
145	968	0.12246670973902947
146	278	0.11252723574674173
146	799	0.1697583099845619
148	150	0.10699981046089953
150	168	0.10354122260974513
151	398	0.12864060189525947
151	406	0.11675326474111222
151	634	0.10138914138603931
151	867	0.11967244184109856
153	159	0.11242682250792896
154	383	0.11737050011473174
155	557	0.14341751082557683
155	575	0.1064792973418277
155	835	0.1167415761714593
155	902	0.12780297254648637
156	231	0.10511151799078473
159	212	0.1016843542466136
160	653	0.10147946497511039
161	623	0.16311231813434082
164	200	0.10822997310698314
164	945	0.10755255711895997
166	174	0.11526894543265946
168	747	0.1595896250585493
170	172	0.15595258293858805
174	194	0.11024512311645808
174	461	0.10560488496645566
175	355	0.1428920710949647
180	221	0.11987542584667218
181	635	0.1283926295248092
183	218	0.10235696239439883
186	202	0.10311968687112683
189	874	0.11678740189089452
190	212	0.10865907216051654
190	955	0.11079591485571516
194	204	0.15642356272439262
194	585	0.11460001135997083
198	200	0.13460689232258116
198	491	0.12134851155704092
199	205	0.13853176105524495
200	491	0.22299142716318343
201	207	0.11347794307725562
202	204	0.18889220120921782
202	378	0.10291650468910742
202	747	0.10269358069446985
203	776	0.11512766815735198
205	611	0.1361991609279729
205	902	0.21079506844153983
206	218	0.1092880002475744
207	985	0.10226531261403685
209	837	0.13609664022962992
214	653	0.10204763875781127
224	757	0.10205752765102583
224	799	0.10727219554880107
228	882	0.14715285827253213
229	772	0.13286216692009747
231	233	0.1528585791780872
231	261	0.10312901690598575
234	236	0.10581985282863886
235	241	0.12193735676294251
236	743	0.16823868933357555
238	242	0.10244517371444864
240	248	0.10745497839776774
241	648	0.14077123423662305
242	368	0.11489299227507466
244	300	0.10054494436128214
245	949	0.11595442151806727
247	672	0.11482046590246077
247	990	0.10475303288415676
248	262	0.11489867258492882
248	960	0.11537417716462024
250	397	0.10332262658575536
250	995	0.13670768292302302
252	381	0.11152258556811946
252	977	0.11376351529917472
254	314	0.10472513526188115
254	680	0.11049845077126064
256	930	0.11221655718350601
257	470	0.14017556365743725
259	589	0.10671440499242796
262	316	0.11126111960784582
264	268	0.2049585666787381
264	334	0.10522558665018107
264	348	0.1300898213482917
266	326	0.11389092089567603
266	991	0.10401531259686003
268	330	0.12023638677596087
268	953	0.12378567021662408
269	921	0.14354240268085464
274	605	0.12064876331456048
275	404	0.10629313445073199
275	406	0.12917889336507524
275	657	0.10279224682042949
275	972	0.1068486639838237
278	344	0.14715462117203865
280	463	0.15480385304529093
281	897	0.17182124130946697
282	342	0.10968669775989454
282	990	0.10033576485244586
283	397	0.11288520321073928
284	286	0.1367836488257256
284	298	0.14578771321532186
284	310	0.11674151486759188
284	345	0.10334543327214579
285	342	0.10175206705006853
286	344	0.12197005108582444
289	589	0.10739906881816674
289	644	0.10540959577817144
290	292	0.11776246562199039
292	995	0.1348483206722447
294	304	0.11918774107356046
294	672	0.10045481780881592
294	741	0.13032909135389042
296	302	0.11795215360942243
296	336	0.10820723555575845
298	942	0.11960264939010487
299	617	0.11820018352300217
299	794	0.10637994923309516
300	302	0.13269116474393752
301	669	0.11521039752055172
301	869	0.10380501535393259
302	326	0.11303572252623957
302	336	0.10186121932659795
307	812	0.1062188449591913
309	862	0.11548796525979357
310	368	0.14351687312104255
311	449	0.10865663835730228
312	328	0.11623415011199965
312	991	0.2036347195988804
315	404	0.10335815832814095
315	998	0.11509994684236592
319	441	0.1796568795580269
319	972	0.1352107807602219
323	368	0.10209770448818545
326	991	0.11203367421070984
327	792	0.10279587804496974
327	810	0.10701005063232588
327	812	0.10019378004941715
329	963	0.10215296239862574
330	423	0.12425236560138611
332	790	0.10060312980707728
334	723	0.11644057422842753
338	348	0.10636966306155048
343	532	0.10996494793813211
344	693	0.10853361037674504
345	463	0.10454750942191537
345	723	0.10204638149655167
348	423	0.11422162387250684
354	421	0.12585461206822707
354	945	0.11388602687931565
361	393	0.10112151306572079
361	398	0.1072397583904233
361	474	0.10873956026879626
364	368	0.1070896014793705
366	665	0.10086014430084958
369	743	0.11547010211873052
370	373	0.1069560745289315
376	675	0.12091899955650755
378	743	0.10628612638062396
379	793	0.12747401049422755
384	390	0.10926597886381625
389	393	0.23585435733265647
389	968	0.10495531011163235
390	392	0.18247687306973961
391	786	0.10097227779683436
397	685	0.11092674786049368
401	834	0.10898409606856047
402	410	0.11178982734125181
404	406	0.16516381066213037
404	422	0.13397752789845419
404	470	0.1041356869117705
404	603	0.15368638185766384
404	657	0.15074471748820648
406	422	0.1452491780415925
406	493	0.11180966452918792
406	964	0.12961837568584683
408	410	0.1314576750551986
408	420	0.10045088757787794
408	864	0.2178963352236535
410	414	0.11289861669978477
410	443	0.11374192348834282
412	443	0.1095515914532373
412	478	0.1101572783801517
413	859	0.10393413385272122
416	420	0.1722565734458368
416	797	0.12172501868114306
424	797	0.1067354152179714
425	948	0.11120368366638686
426	698	0.1213266622618195
428	571	0.12585612346720537
433	718	0.22384914164408312
433	730	0.11088710060749975
434	466	0.118271401913929
436	603	0.10297146700751963
437	439	0.23818138233328812
440	927	0.1320215666688981
441	945	0.1104834406433896
441	978	0.11501964376066451
444	446	0.11351065041027718
447	451	0.22904160737877935
452	647	0.1025724431222542
455	694	0.11123141149350932
455	724	0.11578144814217652
455	746	0.12020716855443511
457	960	0.12714397753103004
457	968	0.10449184867418694
457	980	0.12880198673400206
459	481	0.11109498274243167
461	465	0.21324411258861625
463	685	0.10791024275159523
463	723	0.1270724267136663
465	474	0.10840251384694277
465	647	0.12061535628705923
465	867	0.10052167251021939
466	470	0.10219614625283463
466	619	0.10961587443126328
468	474	0.11067985493638922
469	625	0.1082423379398512
473	491	0.1021691816155016
474	482	0.10722840764325398
477	865	0.17548467421828506
481	503	0.1003165303049217
481	980	0.10141096613874241
492	494	0.2645695663966683
496	979	0.10701394015300833
503	926	0.11191122485793174
509	916	0.12926991428531143
514	518	0.1266154044670587
515	517	0.14233116662168188
515	519	0.22787601836502197
516	518	0.20362483976751983
517	807	0.13206162576718694
520	593	0.10862342152058135
521	805	0.14980684903126507
521	807	0.12694775084819918
526	905	0.12170200411741827
530	973	0.20533458985485112
532	900	0.11209372803561451
533	866	0.14334830297351536
537	895	0.10013890272252174
541	982	0.1485899596056189
543	914	0.12793954894142234
544	745	0.10520079525108322
551	583	0.15505021012086823
554	556	0.1757403021392796
556	558	0.18662410991068643
556	608	0.10389303906080145
559	561	0.10364297908765188
565	567	0.10167493109231165
568	590	0.12098903446595305
570	574	0.18497115908286582
572	574	0.14408735647073595
572	577	0.3235047498547467
573	575	0.22006665135622513
580	777	0.10588113715056535
582	971	0.1119684686108312
584	586	0.22785928336719852
585	587	0.11928599014283836
586	592	0.15878246581404823
586	779	0.12254346407376479
590	602	0.13190042445962716
590	824	0.15220074460067418
594	856	0.10316260123995386
601	731	0.10189701032662314
603	657	0.18701318429872968
603	681	0.10295468848001939
604	608	0.10028149694162572
606	610	0.26196122004182354
606	668	0.11808692460524503
611	803	0.11332385818263067
611	902	0.11680535490367344
616	618	0.11123832957556236
620	626	0.13266585721752897
623	627	0.12179430312074198
624	642	0.10597691131603135
625	988	0.10441740627932908
634	640	0.10856125721486462
639	733	0.10253754047783402
647	839	0.16467443112208077
659	748	0.11154873685381061
659	818	0.11161339335600871
661	919	0.10397323216211454
662	664	0.1466415248459165
683	843	0.12665644930557593
685	995	0.1213846650796174
704	871	0.10118795090024421
711	924	0.11944714680586214
712	714	0.14165427792331745
712	810	0.10933694699681523
724	730	0.10199696995953922
724	816	0.1062501493712358
760	762	0.13641105673324283
763	854	0.11275788564277697
767	998	0.10799167088095993
771	824	0.1316631020627256
773	812	0.11382132712521388
780	869	0.10261346054858943
784	788	0.12392927574663865
790	792	0.3542354128829061
791	893	0.11762335494353615
792	828	0.1005337341807698
806	819	0.1182098957592877
809	882	0.10005016175315594
810	814	0.1328709335513853
810	816	0.12669583142009394
814	816	0.1636008088198807
814	909	0.12052570468989131
818	821	0.11265225402706859
822	834	0.12677352861705116
824	987	0.11587123950946485
840	842	0.16235019672841253
842	843	0.1076333308609196
843	862	0.10792497743931515
872	874	0.15592976884951776
875	917	0.12076341533262823
884	937	0.12321460341831209
887	942	0.12416691477031508
893	895	0.2149438902990149
895	910	0.12434669203320084
895	969	0.10192614584337331
896	933	0.12580485632949243
923	975	0.13261594515818817
940	941	0.11189818220754563
944	954	0.22857272807904475
956	960	0.14710555857421848
960	982	0.11324287952051515
963	991	0.16103703786447324
963	995	0.11534012997319826
974	982	0.12469698339464078
978	992	0.10426517508866215
