0	2	0.253542390097514
0	42	0.11908027758998424
1	357	0.10744166140750155
1	810	0.18103575216330076
2	6	0.1806696672952247
2	39	0.10086270519596313
2	42	0.11785054492935639
2	48	0.11115319786897047
3	109	0.10605210455246836
3	287	0.13455104038630514
3	377	0.1157608666348141
3	387	0.10318730673205134
3	931	0.10818506714313693
3	972	0.1059368083378032
4	439	0.10368105075887
5	414	0.144785869111365
5	421	0.13579464274725733
5	761	0.11578262363198458
5	914	0.185078203272694
6	437	0.10427249219036827
7	97	0.10969562059904966
7	253	0.11055198462240148
7	269	0.10690576882357954
7	495	0.10269113751883248
7	595	0.12345566793016752
7	603	0.10477805694439833
8	68	0.10653013750574782
9	349	0.12037713802329615
10	255	0.17287310049837953
10	957	0.10652478027228135
10	964	0.1264283098687607
11	410	0.12638571176634797
12	92	0.1321717374164216
12	682	0.14287287165384294
13	16	0.10399399388604785
13	20	0.11185664670677227
13	255	0.12686065756650572
13	525	0.1276887404070022
14	104	0.10627860705753306
14	253	0.10852847145966724
14	275	0.19297394770880438
14	859	0.10647170355778429
15	126	0.10406038476429472
15	405	0.11980400074897994
15	502	0.10222550195424819
15	773	0.11060787926897984
16	70	0.12360103696826573
16	861	0.10040466270274293
17	27	0.17894054318455654
17	161	0.16647669158059455
17	181	0.10053210774204673
17	273	0.10671295015155974
17	656	0.10549020843351314
18	20	0.11897835678873406
18	90	0.13877108332437071
18	255	0.12307170438012767
18	690	0.12040487833074456
20	247	0.10993645338769037
21	459	0.13439164511323676
21	538	0.17029753332754877
23	32	0.123384723782894
23	185	0.10629070162404251
23	406	0.10103208478701732
23	468	0.10392723225048008
23	599	0.11750833596993675
23	859	0.10081004091474313
24	102	0.12740412905595253
24	106	0.11409833661806353
27	161	0.10415508351176872
27	273	0.10239954008936114
28	493	0.11821021369362912
28	521	0.10003434821370513
28	691	0.1172364707929044
29	751	0.11343795952701981
30	437	0.11811518268115559
30	603	0.13798210507050468
30	607	0.10965677482690714
30	971	0.10590064945595679
31	61	0.12341899107717941
31	119	0.10565914279354753
31	312	0.10361568484563127
31	323	0.1697454835474278
31	652	0.15347732894318852
31	693	0.12379934214520463
33	408	0.10398219216951317
33	522	0.12705449955915804
33	523	0.10171742488838127
34	47	0.13049233912878724
34	54	0.10328670550960758
34	141	0.10753984663244769
34	366	0.10220912188506966
34	400	0.10381298605537799
34	861	0.11997102256045486
36	38	0.15959057782439587
36	465	0.10899795694088281
36	515	0.11987092042931688
37	479	0.1150126972993119
39	48	0.11041009006466872
39	70	0.13472756995699256
40	46	0.13251617347124914
40	74	0.1543337855354502
40	609	0.10180236764599594
41	895	0.12733126467767417
42	44	0.30937646436694527
43	45	0.3363509357911323
43	557	0.11408960221366689
43	786	0.14030507450423862
44	48	0.14384920308247773
44	217	0.1286007282102491
45	91	0.10784763804761713
45	120	0.10002555660508773
45	557	0.11871851279657562
45	639	0.10958034215165818
45	711	0.10858314871879372
45	809	0.10251676036928113
45	909	0.10395401407457368
46	408	0.12106661458053823
46	690	0.10149304420104135
47	126	0.1575301562362726
47	174	0.13195759588509218
47	741	0.10787636653313241
47	803	0.1394625242592481
47	964	0.13070149562273764
47	970	0.14117210706406885
47	976	0.15784489924686626
47	994	0.13588547284898275
51	142	0.11796132073934598
51	290	0.12267898564646484
51	294	0.1417835140842058
52	515	0.1152780414445425
52	807	0.1055020825369103
53	129	0.10841410218363874
54	60	0.15454460652092855
54	229	0.15511658150140753
54	521	0.12765568285279455
54	525	0.22142842704042748
54	697	0.12174546428739595
54	725	0.10308022645438804
55	268	0.11923751043321758
56	70	0.1244600060725973
56	252	0.16229847738226638
56	523	0.12433713611038644
57	295	0.10769715328039399
58	106	0.11215166299762766
58	426	0.106186264012096
58	486	0.13553056392357715
58	493	0.10441847872340221
58	776	0.11031302547772084
58	822	0.13108686874189893
59	655	0.11148713950975006
60	525	0.15853028796613655
61	244	0.19171267961554703
61	300	0.13553232999053827
61	306	0.12457215375596001
61	312	0.17194438621480965
61	423	0.10430413621467892
61	677	0.14535777805565323
62	66	0.10211443972070505
62	709	0.11143855901107913
64	96	0.10403919218055827
64	398	0.10110873223512627
64	501	0.10472598443376727
64	681	0.14297978429392758
65	215	0.11951286501030241
65	247	0.10303183874181779
65	250	0.10288025379546618
65	692	0.10022402879584852
69	501	0.1390500166880342
69	591	0.12525943149638952
69	720	0.12821220286203186
69	791	0.1066444022630458
71	237	0.19622193000110258
71	595	0.12818510926204701
71	819	0.11781279595141864
71	921	0.1808868670291694
73	124	0.10389500238856751
73	143	0.15263734079604677
73	202	0.11063321646040797
73	747	0.10207211796078394
73	856	0.10677976868624955
74	153	0.10759645938294067
74	549	0.10493058806367885
74	772	0.12718859501344612
74	920	0.10748081800299515
75	740	0.193319428260955
76	78	0.15590487930665287
76	82	0.14176467463628625
76	264	0.16164214834062135
77	205	0.28335523013397296
77	532	0.10300893893147713
77	557	0.12098976533727665
78	82	0.14689115700078328
78	106	0.12476025327412948
78	519	0.10116708587221207
79	299	0.22015677960583852
79	553	0.1117893139122762
79	792	0.11160255666445762
79	793	0.13550839047534044
79	802	0.11512366112931348
79	812	0.1444226785455371
80	82	0.2964957887650875
80	365	0.10901454238992477
80	421	0.1220502367200334
81	83	0.1185694194680545
81	299	0.12654287288380817
81	301	0.11691701665809737
81	327	0.14994118053573252
81	659	0.11927498247494751
81	736	0.1117121981671988
81	793	0.1412133630596862
83	448	0.10031363291529301
83	501	0.1393666261364636
84	86	0.17415126701501044
84	476	0.1218212038826736
87	600	0.11073907798475487
88	104	0.19590672469142908
88	106	0.2100703076789934
88	307	0.10827565675133892
89	315	0.10972269684793363
89	418	0.12852401655266846
90	94	0.15810456871773074
90	102	0.3026652340476885
90	104	0.11980202889215785
90	108	0.24575107473807947
90	970	0.10288529641086692
91	617	0.13598995556794918
91	820	0.10292573923018206
91	989	0.10158758459517231
92	94	0.13242898864074085
92	96	0.33000909286863434
92	454	0.1279580363711034
93	589	0.11905726828276836
93	739	0.11993004081743754
93	778	0.17044502660458025
94	106	0.38677700538956167
94	108	0.15134879889907601
95	235	0.15502216867001156
95	416	0.1100021967100827
95	481	0.1207714266487554
95	739	0.23801039437535196
95	843	0.11962705561017759
98	100	0.1394092899291377
98	106	0.25977244020780393
98	521	0.12769685889936183
98	985	0.11890964259374147
99	269	0.12522007946868424
99	271	0.12535232815890932
99	377	0.12195255651605022
99	893	0.11417752680689287
102	106	0.1185358691695874
102	108	0.20213409389060635
102	273	0.10970419073898209
103	534	0.13183212663755395
105	579	0.10340956036261072
105	661	0.1068336292278437
105	699	0.24914462367870782
105	979	0.10783248366481077
106	766	0.1500404309024645
106	986	0.11893253409860888
107	525	0.11812945464257989
108	833	0.1048818621818865
109	184	0.10143660085755404
109	576	0.10344303905524958
110	336	0.11024742252153685
110	427	0.11099078040782204
111	438	0.15878447403636228
111	747	0.14059212966479237
112	202	0.10532016559445039
112	216	0.12030249732783731
113	153	0.11682221352045744
114	139	0.1020734610079538
114	178	0.10549375935678666
115	617	0.14046019884145866
115	712	0.22565259122863945
115	714	0.1385724415648472
115	979	0.12004811363719313
116	200	0.10297932139172535
117	705	0.1011746805237734
117	758	0.12727621102516878
117	926	0.11220936573280425
117	945	0.12188634489214871
118	380	0.1071859444801776
118	387	0.10046328153059544
119	558	0.1548351641557446
119	606	0.12175190331985536
120	206	0.1095648529264649
121	850	0.11720513826479147
122	836	0.1403529209011694
123	127	0.13843869766447942
123	258	0.10051612196234473
123	818	0.139063735396343
124	126	0.1478624290805255
124	130	0.18172269536116414
124	143	0.17647227166139434
124	233	0.10673713179456762
124	933	0.11633340084965935
125	151	0.10522514808578291
125	639	0.10380302664985157
125	759	0.14607347590569578
126	130	0.19686838032821624
126	196	0.10392303756845789
126	204	0.117082093546316
126	803	0.11995547059096547
126	904	0.11003403023632641
126	972	0.11480870325315642
127	299	0.1457599004210145
127	617	0.10769785014004395
127	730	0.10520692188062958
128	190	0.12306689975459664
128	196	0.13788307744151274
128	367	0.19172823549169324
128	398	0.1058361763934881
128	497	0.11044329125093004
128	601	0.14581219173367227
128	969	0.10250920227237238
128	989	0.1736960794971178
129	251	0.10182425287502157
129	287	0.15983377047034486
129	640	0.20897791868911883
130	186	0.15242953411544988
130	210	0.11249542840232174
130	228	0.1271003582825673
130	745	0.12590669979321448
131	354	0.10360988468855
132	148	0.14705853628953325
132	216	0.11507966600746339
132	313	0.149174284481829
132	394	0.10759892897941067
132	420	0.18952467502732034
132	426	0.10654083350881775
132	436	0.326729672364217
132	438	0.17554615899242104
132	487	0.10182278784935263
132	790	0.10150920702566521
133	134	0.21904416911520141
133	521	0.15397349421689227
133	879	0.1059650341554139
134	164	0.12851188378143663
134	729	0.12255797749541121
135	682	0.11827720272019408
136	143	0.13428693172991868
136	714	0.1003909222916852
138	917	0.1763491674175238
138	968	0.1128473283630896
139	192	0.1036795826767322
139	224	0.10735305937781565
139	649	0.10627639627598154
139	747	0.14330994403312833
139	863	0.11331069602288353
140	188	0.1291397495391109
140	262	0.1580122137649018
140	613	0.10759327454117613
140	917	0.10311864930003053
141	697	0.1126990308778913
142	144	0.10719194754553522
142	193	0.10209907848291178
142	389	0.1288133295990556
142	391	0.11993065276997406
142	393	0.13102762776396398
142	900	0.1288179237580536
142	924	0.10995078884448237
143	198	0.15107675355458464
143	202	0.11373625623281328
143	265	0.12124834486380238
143	873	0.11147922853347839
143	978	0.10323678105847997
144	162	0.1048276621081721
145	264	0.10092587485341833
145	687	0.10681125641761893
145	881	0.1055678853106668
145	961	0.18585987120376357
146	208	0.11681948753374687
146	222	0.15505564217892354
146	989	0.16953472869113068
147	278	0.12408742298152571
147	806	0.12081643564441151
148	787	0.10337908420324919
148	799	0.10641194061173292
149	274	0.11665947322241375
149	457	0.11936716394810054
149	636	0.20734656517634992
149	644	0.12797338518708118
150	168	0.2322972711307968
150	198	0.11315658112426703
150	204	0.1595999893529199
150	438	0.10550995430059341
150	783	0.10792222276185667
151	185	0.10931422608519417
151	391	0.10736853589213095
151	393	0.12751845206130294
151	410	0.13400931749605924
151	412	0.17517121132046534
151	422	0.20600371366298145
151	603	0.13345544187412703
151	871	0.10589034293256873
152	155	0.11422772720391751
152	587	0.13280270769328642
153	348	0.15812518188713443
153	722	0.13663939081054516
154	176	0.1060179012162731
154	572	0.11040455380397392
154	863	0.1098138702743099
155	321	0.10451533379022772
155	404	0.16080513906775484
155	406	0.10165078336679714
155	571	0.10813922853649655
155	573	0.11235797474135957
155	835	0.1389416125514256
156	160	0.16076695804160435
156	180	0.10112969922185604
156	200	0.10222468916916537
156	224	0.13419724975206712
156	924	0.1503095668766952
156	939	0.10390552986472895
157	976	0.10577640310903674
158	197	0.11585356265461963
159	166	0.10325612974226102
161	228	0.12068198798136986
161	623	0.11018878187845503
161	635	0.10482666680229544
161	996	0.10837764084208158
162	808	0.10384513911684724
163	387	0.11818253768113435
163	613	0.10752430930467315
163	811	0.10926054211095579
163	935	0.2736820996485692
164	172	0.13341610741152893
164	190	0.13980495025815398
164	197	0.10393519828198695
164	222	0.11071073647685549
164	541	0.10238200072823433
164	711	0.1478344993607599
164	909	0.12527987557578374
166	667	0.12208867533232631
167	806	0.17157698642927735
168	204	0.23784923125860943
168	216	0.12172015413184294
168	491	0.11877223052152996
169	797	0.10919044649963817
170	191	0.15404806098550552
170	197	0.12956143785972143
170	497	0.12972847838565243
170	758	0.13118153665503576
170	814	0.11010484068357308
170	909	0.10341564062405861
170	987	0.10861737752037513
171	383	0.10344642418274265
171	467	0.12163494303132744
171	945	0.10153556203169836
172	197	0.10061670429797358
172	222	0.15564546538639057
172	233	0.10060426192987122
172	735	0.15437711169437238
172	797	0.11580124359634056
173	652	0.11237872963365768
173	748	0.15604979859653678
173	751	0.12462470736495938
173	875	0.11028571441545908
173	938	0.14285112450607546
174	187	0.10978672838316204
174	547	0.11731556418144257
174	799	0.10331942119570976
174	875	0.11598768485001199
174	980	0.11359822615116431
176	191	0.10262868679800502
176	193	0.12771591553605122
176	379	0.11728252899497481
176	470	0.11019244332213184
176	587	0.11458770430948059
176	605	0.10381757509206492
177	673	0.10449864999139996
178	191	0.1189832576447055
178	370	0.13596475734827151
178	814	0.10709002856261991
178	941	0.12207296340090344
179	441	0.11571698606242198
180	214	0.14112553458328983
180	221	0.15451551438166417
181	273	0.11406389900820484
181	561	0.16362682684364085
181	625	0.12554699458846788
181	899	0.1277343990857942
181	992	0.10630408028701645
182	214	0.10064330015730102
182	659	0.12448745406566694
182	936	0.10021522543575653
183	274	0.11173599504784741
183	282	0.1294188209021459
183	290	0.1073019061378568
183	320	0.16206175595361075
183	594	0.11511136468812638
183	931	0.13106208168253547
184	401	0.15178718967429852
184	443	0.11245335137972758
184	927	0.10080128876844574
185	225	0.11625901614023537
185	557	0.1324981577878562
186	193	0.10350534938279016
186	226	0.11922945664179926
186	590	0.10138584352727513
187	298	0.10336935692901304
187	422	0.11864914091088821
187	675	0.11206680170654432
188	202	0.1639176028109756
188	585	0.10347088589535554
189	248	0.10436050441424567
189	848	0.11260578910841709
189	850	0.13389169712885202
189	880	0.11614640477859182
189	972	0.14185042204863357
189	978	0.10075138802480837
189	994	0.10640995528711249
190	398	0.10884823600435362
191	193	0.13356819493490685
191	413	0.1766728757085051
191	513	0.10009259678796573
191	803	0.11368290702785493
192	200	0.13593517259444565
192	218	0.13175241199539278
192	936	0.1002344546074807
193	255	0.10302490101211702
194	198	0.11375952878517509
195	972	0.1252448286831962
195	974	0.1410504832918405
195	976	0.13178172368782126
196	200	0.11272862125924533
196	202	0.11131770614734184
196	491	0.12931822790621647
196	587	0.12099236639542858
197	666	0.1092200873167646
198	204	0.21938466238068743
198	491	0.11319694039537087
198	736	0.1265180213839595
199	316	0.10118456003281956
199	410	0.13701606154983145
199	900	0.21855361597101836
199	902	0.15431278085005856
199	906	0.10273149960528849
199	943	0.12220648072182597
200	228	0.20215319832331446
200	587	0.15328849267694747
200	907	0.10612426404766503
201	245	0.13788401321702567
201	253	0.15379292313835818
203	282	0.12150339936420569
203	314	0.10350848896949091
203	320	0.118397727648091
203	338	0.11850121483586294
203	345	0.2570471076173079
203	463	0.2135691176253719
203	711	0.13418217381736278
203	810	0.10390846553514062
204	491	0.18977328607499236
205	902	0.16464986476361756
206	220	0.13627543416047902
206	980	0.10152948006831258
207	709	0.1004162731047686
207	964	0.1184966637920813
208	353	0.10206596595393655
210	216	0.10522045556996917
210	569	0.1378279463304744
211	494	0.11853111572837204
212	214	0.2906835857108753
212	393	0.13370964081430425
213	215	0.3075609660743949
213	646	0.16863327233838332
214	389	0.12458506444516164
214	391	0.14818842561627374
215	673	0.10772352806883058
216	262	0.10775853342672125
216	457	0.1287286895420026
216	608	0.24030488534835442
217	300	0.10876338906696016
218	497	0.14149799758646886
218	569	0.10204642588340428
218	751	0.10516660108072338
218	830	0.13195895261085408
218	985	0.1156728804368449
219	597	0.11392227244176267
219	635	0.10780542332746845
220	974	0.1487615653055591
221	439	0.11022652713870794
222	799	0.10128097779098076
223	805	0.10084325486118943
224	747	0.1061148361329919
225	593	0.14216069474568285
225	922	0.10534863922458003
226	719	0.10051434671062748
227	856	0.11297357048286573
228	333	0.10788895533418014
228	811	0.150055306256373
229	517	0.11744982962973549
229	525	0.12445989190253363
230	234	0.10113218281054125
230	306	0.11803087967609478
231	619	0.15960748294577884
232	722	0.1031994651413762
233	714	0.11250742382438216
233	810	0.12046713505171228
233	939	0.10781267876846702
234	244	0.2365106090181834
234	312	0.1308866960437251
235	543	0.12093580456172769
235	870	0.10296098448684025
235	891	0.1117438170075431
237	481	0.12034176310965944
237	595	0.29508605111192837
237	826	0.10320422059478096
238	248	0.12361097567932391
238	254	0.12240177043949912
240	242	0.1137140242042606
240	693	0.12350412963152085
241	579	0.14923825252601694
241	642	0.10383639735613097
241	646	0.14717065244176722
241	803	0.1180495340679345
241	871	0.11330280981300593
241	942	0.12049859261465147
242	248	0.1514212128381645
242	344	0.11873147941037024
242	991	0.13347522193118994
243	810	0.10097451527608857
244	312	0.10693490201176023
244	374	0.10801923513968402
244	677	0.1099906643025251
245	726	0.10094419922207155
245	816	0.11764423347378047
245	862	0.10459630172953957
246	312	0.2016466900640708
246	743	0.14710619989729387
247	791	0.11713596857239945
247	844	0.10141071785108394
247	893	0.11470768779725168
247	895	0.11631170461181829
247	998	0.10045438521608688
248	296	0.10596200030200503
248	745	0.1008311799926976
249	530	0.12090663978977538
250	268	0.10222885226937674
250	296	0.11935944537763261
250	358	0.106519742041029
250	636	0.1019906497558399
251	287	0.10492998625917711
251	786	0.11492925615791032
252	266	0.15080723846827432
252	272	0.11423122209870075
252	844	0.1382254216759689
253	427	0.13161214433697016
253	833	0.12477951940321709
253	852	0.14619377652358945
254	264	0.15882866634933718
254	465	0.10854343005156862
255	599	0.11697540405007793
256	605	0.10128784571533919
256	611	0.10801995018342268
256	974	0.10740301989940289
257	649	0.10575517358956026
257	666	0.12616016892481802
257	675	0.1311001161582669
257	850	0.10524356838833716
257	913	0.13542308931082853
257	930	0.11737408946972129
258	401	0.11862284688790072
259	470	0.10092121381827698
259	546	0.12983536608801277
259	665	0.1029167052947678
259	812	0.12118990137057344
259	814	0.10470048503034046
259	976	0.10181351110762048
260	483	0.11918736429676315
261	464	0.10560226498621554
261	466	0.11460627044484668
262	344	0.14525675085496623
262	422	0.1194731520324673
262	423	0.10588419594243315
262	613	0.11419312069570868
262	735	0.1113808780878118
263	351	0.11925101073575095
263	461	0.10729309362787504
264	266	0.17575764371510993
264	362	0.10649485190739275
264	537	0.13583991963565942
264	723	0.10248989575498661
265	442	0.11265532376163895
266	421	0.10601933850281485
266	677	0.10260216367377963
266	693	0.12709966426025032
267	910	0.10994930302333382
267	962	0.1084328566222352
268	274	0.11486768320915026
268	288	0.14100751606000084
268	334	0.10050692475122944
268	356	0.12324442982538668
268	677	0.1193924082487315
268	889	0.2118726016135566
269	497	0.13513603877292962
269	581	0.1109845246682649
269	705	0.10843321415361035
270	316	0.1284772870161418
270	359	0.13870664051194614
270	373	0.1650539140199982
270	387	0.12393583609123054
270	685	0.1306279117432854
271	273	0.10059663858007344
271	377	0.10550707045119305
271	662	0.1282252090371691
272	348	0.2075574965515744
272	370	0.1427406227339346
272	408	0.10327529019451438
272	725	0.10671550964349678
272	855	0.10391639002438917
274	729	0.14531948878350862
275	402	0.15615610862056392
275	404	0.14195507560287757
275	462	0.14830479080088474
275	657	0.26709626216815036
275	723	0.1024930448151785
275	817	0.10077081552442488
276	397	0.10651991999294265
278	366	0.12190661493362605
278	663	0.1003956464397264
278	693	0.16305395789659996
278	963	0.11539823478805694
281	413	0.10337320163220663
281	797	0.11401485384421399
282	284	0.10912572206631317
282	290	0.11593245368504979
282	729	0.16230160485864922
282	891	0.10808995207090574
282	895	0.13630912020321181
283	991	0.16316633578534517
284	298	0.13901806448360407
284	360	0.2249715595683933
286	294	0.1130714156632351
286	318	0.11463126664365567
286	342	0.1304484483555166
286	991	0.13107884048994095
288	290	0.12853212741650052
288	292	0.23064800791736106
288	296	0.1337031191532517
288	559	0.1004810700141479
288	646	0.10438836449013168
289	650	0.1574419622663792
290	292	0.17064907631570048
290	294	0.19936185752222008
290	298	0.11452757800340031
290	342	0.13458777271321362
290	799	0.12258599713057892
290	978	0.1054698266816091
291	555	0.10452070548059335
291	785	0.14576767808580238
292	316	0.16231010306599097
292	322	0.11013119358079566
292	978	0.10116180905489905
295	600	0.11944597422606484
295	738	0.10523099679687901
296	326	0.10221203807529404
296	719	0.11136767764208946
296	991	0.10144882880986268
297	894	0.11532582287365213
298	316	0.1657478819870726
298	354	0.10711003051554496
298	359	0.11339292242362108
298	605	0.10722562284337213
299	327	0.10377973471815365
299	667	0.10018351252133163
299	784	0.1041402294272373
299	808	0.18222095401945887
299	812	0.10670640307109873
299	830	0.1634752167115749
300	306	0.19313336542497142
300	310	0.20005341276038746
300	323	0.12074782701270437
300	326	0.26437230437775017
300	340	0.10350360346570026
300	342	0.11494657467101942
300	605	0.10212958158409215
300	725	0.1145843023648674
300	963	0.24734741745243627
300	991	0.17621900855754571
300	995	0.11198039514226424
301	802	0.1123909876762484
301	821	0.1172187014537446
301	838	0.10306282807321109
301	869	0.1341658726695275
302	397	0.10375941031595054
302	677	0.14624946652476356
302	843	0.10182085257609261
303	560	0.13798923410079977
303	614	0.1408461425989488
304	314	0.11719033559217498
304	910	0.10875199698037277
304	998	0.11182482081555879
306	487	0.14889545429373344
306	991	0.10665168009906892
308	712	0.11481247661246533
308	717	0.10289417420319072
308	800	0.12192544984106843
309	949	0.10472055611575187
310	314	0.14714992228504614
310	320	0.11625590154215219
310	340	0.10421910443683591
310	369	0.15742803344309525
310	489	0.10373894876938308
310	991	0.19358358522665312
311	895	0.11862363760842816
311	924	0.1349710712152728
312	314	0.1751048657186508
312	316	0.11422540240344982
312	340	0.13584951468350195
312	969	0.11225440735184347
313	420	0.15729252201589164
313	460	0.11062803316189211
313	495	0.12372806404813791
313	754	0.11740772571533352
314	328	0.14893396201946493
314	329	0.1181204213516639
314	358	0.11404560176147525
314	605	0.15499127052387857
315	432	0.10557806958366735
315	442	0.1155061800853113
316	322	0.12268790981753937
316	359	0.13319650318677656
316	685	0.2910561915243081
316	973	0.10717735252143978
316	995	0.2634496806653642
317	835	0.10491320611229155
318	532	0.11837677395474826
318	995	0.15699709207039486
319	457	0.21727215184733187
319	976	0.10843977626218092
319	980	0.10318350915524166
319	984	0.12373703281997353
320	324	0.1031990436581144
320	671	0.1021190590174132
321	502	0.12165990212350516
321	537	0.11832232119210355
321	675	0.11416597570254519
322	324	0.17530445259094235
322	326	0.12351312219170792
322	995	0.11930599865987683
323	340	0.11342208077391047
323	535	0.11683992840516677
323	632	0.110180017583267
323	732	0.10682812636087617
324	359	0.11504865944847377
324	571	0.12541910135754875
325	554	0.3256564220510585
325	602	0.1676043941727712
325	604	0.12392068187827814
326	712	0.10564912784497105
326	995	0.12953860931753924
327	788	0.11222268698676559
327	796	0.11698902729828503
327	812	0.12304655299943001
328	748	0.1402284864388338
328	751	0.10485448963321131
329	348	0.15774851285154215
329	463	0.10207798708270438
329	877	0.1251227358781258
330	963	0.16627823350861343
332	790	0.10867771526026522
332	878	0.11854652373837668
333	811	0.10237829142827193
334	345	0.13392159132207015
334	858	0.12216209115672892
335	650	0.1342598475115178
335	652	0.1349853863982169
335	676	0.12368636632965559
335	844	0.10317525909705694
337	420	0.1375571639835024
337	511	0.12372458966458588
337	770	0.13948491772107335
338	423	0.1340755084277529
338	463	0.16166290350603627
338	958	0.10306368399289753
339	482	0.10310606522287276
340	342	0.11887035063844195
340	344	0.13793103104104745
340	535	0.11708512403248382
341	473	0.16400490966232445
341	619	0.10351824806868576
341	933	0.1296513935702621
342	729	0.10256197217317363
342	917	0.12271026441445443
343	548	0.11370049089519556
343	905	0.12384392784043234
344	360	0.12573897657743824
344	369	0.1493438240996084
344	735	0.13109107745913967
345	353	0.10518485592280559
345	463	0.1192898747398481
345	496	0.13934772335734144
345	608	0.10561037798097539
345	835	0.15717944021383143
345	858	0.18300103658213193
347	857	0.10348422092920988
350	362	0.1056396264777497
351	434	0.1323022177549234
351	532	0.10198732069298548
353	497	0.1510080239017055
353	653	0.13078928432072626
353	751	0.10294307891294438
353	835	0.1008104911933217
355	609	0.10226421626932128
355	897	0.12136894688552272
355	997	0.11031117623417262
356	358	0.12093786343280602
356	374	0.15280094410117567
356	863	0.12205669245450752
357	866	0.1470036461752692
357	883	0.10852724050875445
357	919	0.13818675639134675
357	964	0.11897752166940109
357	989	0.11141578605205965
358	370	0.11516566078972953
358	906	0.11763367684475985
359	385	0.11908772231108591
359	406	0.11923112361468864
359	418	0.12178441224314597
359	682	0.1315642851157652
359	891	0.11812014667819949
359	988	0.12990360978546506
359	995	0.13374402871517577
360	362	0.1143250847522433
360	364	0.10346647944219461
360	540	0.11357090589175221
360	542	0.11903465379814641
360	563	0.13441982318331955
361	391	0.126211370462356
361	402	0.10361870240508496
361	404	0.111817417040689
361	468	0.11417487336756235
361	603	0.12784263966148926
361	688	0.13318100551137807
363	585	0.13238446542699087
364	423	0.10266269658605556
364	563	0.10156670412401743
364	724	0.11168780500765135
365	579	0.12007486776356355
365	632	0.1286455580797358
365	862	0.11272839292450813
365	987	0.11859415681551794
366	374	0.10075149066171903
367	558	0.17970291648793216
367	650	0.12650816746447932
367	984	0.12354562607638683
368	369	0.12470591024202493
368	666	0.15595237102025183
368	675	0.1276303669159395
368	930	0.10796841161187418
370	379	0.10253280870824065
370	605	0.10628708279309318
370	661	0.11583815305648706
370	681	0.10857269942895617
371	789	0.12791765391336368
372	642	0.11521289446763365
372	668	0.1122452150692393
373	418	0.10511413256090733
373	675	0.13637084999065652
374	378	0.1313688916602521
375	408	0.11209143163457953
375	574	0.1032989509474994
376	423	0.10838318314673187
378	423	0.1348585293277046
378	718	0.10109088335075699
379	478	0.1311710255973722
379	791	0.14197383416393686
380	630	0.10711164749523266
381	872	0.1783507343692056
383	406	0.10631370584677777
383	596	0.13903754837475105
384	390	0.11158427566351405
385	406	0.10756011616415785
385	713	0.11865744536601971
385	796	0.12179996245485762
385	995	0.10890629404801472
386	388	0.10494415670271819
386	458	0.16376622630056967
386	944	0.19635996319362234
387	634	0.10091795235926938
387	655	0.12129896958803557
387	918	0.10612414040532933
388	430	0.18671323130942116
389	391	0.3307415145647048
389	393	0.41508234437427793
389	638	0.10811939769355493
389	785	0.1042776575507293
390	392	0.26095540360200864
390	394	0.12164897946463045
390	460	0.1226886793378954
390	616	0.12183720910254965
391	393	0.1862809546329983
391	465	0.12302464790051637
391	790	0.11534142894133811
391	792	0.10094205977667907
391	966	0.1614037928156925
393	820	0.10244985981222442
396	867	0.10781703298203908
397	938	0.10920238916999923
398	452	0.12110513841996616
398	621	0.213763494477137
398	625	0.13870211504487034
398	647	0.10894411552874762
398	688	0.12651056790861825
398	776	0.11141737926727839
398	797	0.1055195645884333
400	406	0.19455618716450587
400	414	0.11924735751965375
400	638	0.10268685724962943
400	647	0.1094300284825097
400	913	0.10397033794161861
401	546	0.10228346607376439
401	712	0.1070438756233781
401	889	0.10644032690245123
402	404	0.164307827298475
402	406	0.104058499371844
404	406	0.17641101661729688
404	470	0.2023487597578154
404	617	0.10207014434586266
404	976	0.12022826447983101
406	410	0.13068686284403838
406	841	0.11652303014680188
406	887	0.10849626418593233
408	867	0.23723646251013536
408	978	0.1012781382389652
410	422	0.12097364460990938
410	443	0.10375352460136544
410	474	0.12755759958535218
410	900	0.10346937405683375
412	478	0.13391938383467258
412	496	0.13841460684604664
413	641	0.11839610392660214
413	859	0.10747736242958257
414	416	0.19376071768492711
414	520	0.10802464613481784
414	647	0.14986919757616993
416	465	0.11396541662806746
416	478	0.11256775709692923
416	647	0.12577534353012432
419	908	0.1552993787915822
419	910	0.1155423795948738
420	422	0.15402569858824547
420	438	0.10389616772914813
420	839	0.10079310659859242
422	465	0.10641838337852107
422	739	0.12491262481492461
422	841	0.1155380481868586
422	990	0.11957260675033217
423	726	0.11956472580267323
424	426	0.15346757077690573
424	655	0.1064765366594401
426	448	0.10718572546181766
426	487	0.11184426174767605
426	808	0.104190822427409
428	796	0.12920383293436657
429	822	0.1055278914507647
429	830	0.112982494936982
430	440	0.14145323556104336
430	464	0.11452173369733949
430	679	0.14038323133628347
430	694	0.10447113851489087
430	864	0.11037811961516376
431	481	0.10572547061115795
431	594	0.1202783119786048
431	853	0.10978460761800998
431	934	0.10274714397781613
431	937	0.13790721825885954
432	461	0.11458085739377878
433	724	0.10671399918436555
433	754	0.10071791796447395
433	879	0.14640942706373333
433	903	0.10180870266461066
434	440	0.10246481820306712
434	893	0.11307200579297888
434	998	0.16936572271461547
436	438	0.20479677299972737
436	468	0.14477244724258712
436	487	0.12457703966256693
437	439	0.21470757349166722
438	468	0.16874123593919663
438	487	0.13859768770720352
438	693	0.1196746844919651
438	927	0.1629023648243765
441	535	0.10970932048099946
441	627	0.1744019667844931
442	867	0.1721811763502442
443	703	0.13180620520620595
444	495	0.10207176222863637
445	449	0.4140053437563295
445	451	0.11824564310543431
446	450	0.14696909486484971
446	776	0.10137282257665044
447	451	0.16809030891709284
447	654	0.10630825248176563
447	710	0.12563027574139385
447	793	0.11645238268142408
448	769	0.1333122944155211
449	460	0.14806673534606818
451	654	0.11344783675827975
451	918	0.13089675460923414
452	679	0.17913523538725507
452	791	0.10565744041446933
455	694	0.11856055956764212
456	679	0.10752850977232684
456	815	0.19355456586452735
457	608	0.11125578299599356
457	954	0.1171717479321545
457	980	0.11009282419893707
457	984	0.11291866793724492
459	960	0.11672891930611504
459	968	0.13192411558776737
459	972	0.11216693917415901
459	978	0.1009808307745103
459	982	0.10172833042048607
459	990	0.14963914553691116
460	462	0.14941772979002246
460	472	0.1486878676990244
460	972	0.13167992705939274
461	495	0.11495894233012043
463	629	0.10282885333579322
463	723	0.10745651052399459
463	725	0.10721254547631494
463	810	0.12533947912121027
464	465	0.10775701489071327
464	466	0.10376639886408659
464	488	0.11248223460405879
464	718	0.11045298159565448
464	797	0.11864489683193444
464	877	0.10427239156188582
464	951	0.12066526392563245
465	488	0.10840056907038875
465	647	0.12218562920958356
465	667	0.10823257239380697
465	678	0.10204923921531867
465	723	0.10265873019106683
466	468	0.10581305968445652
466	603	0.10012484752498738
466	634	0.10084470700699633
466	797	0.1592188967086268
467	596	0.11894741975031656
468	488	0.10345261051370157
468	599	0.1292000319161009
468	603	0.11657957150022076
468	951	0.11265730910308694
469	524	0.13994558416952796
469	706	0.12017320520657929
470	720	0.11512757262525387
470	826	0.11483317487612804
474	797	0.18090267797605214
477	704	0.10132208373475778
477	854	0.17176089709205725
478	647	0.10908148534825919
478	815	0.10857327668007997
478	973	0.10513064126292906
481	497	0.10101017831489868
481	625	0.12307004483669613
481	642	0.1209922164364805
481	761	0.1322528565120268
481	793	0.1528867086709475
481	833	0.12729425541368897
481	962	0.1214590724290225
481	968	0.10731142913985828
481	976	0.1433622495695873
481	982	0.11619945887770963
481	992	0.18147141470180153
483	686	0.10022355811169813
483	844	0.10290056577507953
484	604	0.14678643418116852
485	673	0.1138018762380881
485	895	0.12081088900454921
485	964	0.12036370986268351
486	822	0.1554879520125415
487	927	0.22019257919731328
491	592	0.10114642072956774
491	809	0.11540447249048727
491	873	0.10120369503439317
492	494	0.1640438886189431
494	512	0.11726755914731307
495	603	0.11714537007222257
495	657	0.13312864242784933
496	755	0.14926269902284828
496	821	0.1681444647923236
496	858	0.11472120971759332
497	530	0.1222340855739895
497	569	0.1180547224736513
497	812	0.11743707865747287
497	985	0.10225474622231163
500	709	0.1223070840241743
501	617	0.13099355008110408
501	987	0.11163870303842596
502	573	0.1497230608137025
506	550	0.1307508975991017
508	568	0.11854946681255266
508	662	0.13358119559150447
508	891	0.1157035467476353
509	916	0.1580507393666449
511	802	0.11125359636954468
511	825	0.10709263191291356
514	518	0.11287027639766675
514	520	0.36606781755536416
514	524	0.17294242647962893
514	538	0.1733847239691441
515	517	0.21968312627553135
515	519	0.15709966986152682
515	525	0.24712633654175836
516	518	0.25613772456048384
516	530	0.10012680372246408
516	536	0.10155291764012979
518	520	0.25725543745262464
518	538	0.15918621260867624
518	544	0.13904413492847753
518	875	0.1261979946295792
519	521	0.22249571518562325
519	607	0.10835919279431877
519	725	0.10360011841026277
519	807	0.10242758910054134
519	841	0.14729978578233427
519	883	0.1361006970374963
520	760	0.212370157935949
521	638	0.11576249953343486
521	985	0.10753473722965685
522	542	0.10103701539255062
523	562	0.11277179980317376
523	795	0.1052692583717453
525	921	0.11601763755495677
529	681	0.13157739040612387
529	905	0.12207960704234196
529	947	0.110088939754336
529	959	0.12349966493392392
531	572	0.10264853839833403
535	887	0.10045932048636377
535	992	0.11046954115189783
536	973	0.10420178923775544
537	723	0.15242535551296077
537	850	0.1016272456692898
537	900	0.10675972921437396
537	924	0.12615614388261473
539	933	0.1451012103790181
541	956	0.1261184700533391
541	982	0.11154519079350686
544	556	0.11056340333969462
544	652	0.12762788507564107
545	978	0.13318282293247755
546	905	0.12272269482729944
547	722	0.11930290844014788
548	634	0.13084203426627183
551	583	0.23835555274137676
552	779	0.1880512130371057
553	555	0.15982422407452482
553	757	0.10563588748485009
553	769	0.10303672076505092
554	604	0.11617363260442456
556	715	0.11111749243664898
557	711	0.11507877237434935
558	560	0.2575791532512289
558	586	0.12009903543510182
558	919	0.11593912902121897
559	561	0.11666485448660162
559	899	0.13958481533300657
560	590	0.12891389087931052
560	758	0.11417974145539195
561	899	0.2361024570271732
561	946	0.12078654595637266
563	893	0.11303776158397556
564	566	0.2233820568504911
566	923	0.12240919026058764
568	578	0.14848387727256535
568	989	0.1480102681971327
569	863	0.17617510345647386
570	572	0.21968028555869773
571	573	0.2172329754141809
571	705	0.2890450780924864
571	714	0.10043776708157412
572	863	0.10922569797079162
572	870	0.1184065202176846
572	967	0.10407348479854005
573	575	0.205447213153565
573	635	0.13391246746231777
574	704	0.11142636024120402
574	787	0.11346369570514526
574	909	0.10472872482612879
575	708	0.10609700713148752
575	884	0.1069413041417285
575	927	0.10968142743944963
576	865	0.10788016440486431
577	634	0.10942662737728974
577	704	0.14739181323553374
577	822	0.11454913419533239
578	884	0.10046461052486164
584	586	0.39941097999647485
584	592	0.13612673582718524
584	602	0.11241929583073244
584	610	0.1769857441130017
585	587	0.15016848830157647
585	799	0.12148352305414711
586	602	0.13351964478130035
588	670	0.10174499604053922
589	778	0.11440137046667744
590	779	0.1561048014825282
591	711	0.26039376321828756
592	593	0.11729384529887198
592	732	0.189639909134367
594	630	0.10427108297119701
601	850	0.16822117879042559
602	604	0.12523202063840083
603	647	0.12601884769764995
603	657	0.13723333252377864
603	889	0.1758076936328944
603	909	0.1296356778140935
603	927	0.11272444192013993
604	614	0.11794844653919603
605	663	0.10106105921929806
605	675	0.12647887769439248
605	719	0.11115687860478758
606	745	0.11404252188991858
607	702	0.1186373846950451
607	716	0.10989596985510397
611	904	0.10073300648895027
613	797	0.10082966032857464
614	655	0.120518619720032
614	867	0.10209669166175474
621	627	0.10891885161596009
621	635	0.1293163753850816
621	741	0.10785695791750707
624	644	0.13656608736614584
624	668	0.12128020606854427
625	899	0.14411791890411155
628	642	0.10736073146033538
630	803	0.10576182876203004
630	964	0.10480530966951379
632	978	0.11653372956824994
634	640	0.1567402957172381
634	797	0.11306673683991271
635	961	0.11365946993799059
638	702	0.10786285532994487
638	803	0.10552487694106448
638	961	0.1141706079123435
639	788	0.24349235825184748
639	812	0.12611823553801213
640	847	0.24042985124093738
640	945	0.11736936294217147
644	824	0.10529407777380216
644	865	0.10386405073893405
647	945	0.10171424100205173
648	720	0.10142925014272428
649	704	0.1336579260559839
649	710	0.1297214140938607
649	746	0.11097405103570929
650	652	0.1816245738673101
650	656	0.10538651309387398
650	760	0.17957717794487352
650	770	0.10370033494507679
654	679	0.14591375554285124
655	808	0.10767693290013282
655	865	0.10830882136607445
655	905	0.13309943038308614
655	993	0.11244043899550071
657	679	0.14333697798716166
657	864	0.11125251485911464
658	741	0.12648126786426953
658	803	0.15946285512712383
661	937	0.12212549838466427
662	767	0.11108110801991468
663	671	0.11045155581240988
663	777	0.10667700365524133
663	850	0.10803743884911748
663	967	0.1002957188840971
664	998	0.13228081481539894
665	697	0.11311182772333722
666	763	0.11649388867497375
667	761	0.10979169894787957
669	949	0.24008482495976102
670	899	0.11480685092272705
671	690	0.1248598628390841
672	910	0.11974823499409683
673	947	0.10796196834933369
673	958	0.14748389191177855
675	714	0.13642469516988573
677	719	0.12308190049236152
678	947	0.10074261508692588
681	905	0.13688225257469933
681	996	0.10451600995116367
682	740	0.1027236181391273
683	886	0.10415980442184991
684	688	0.1854674434341338
684	732	0.13950104822545945
684	984	0.11140825213253637
685	916	0.12011822141812703
685	963	0.15510154225058836
685	995	0.30485456740286576
689	807	0.10000080621287129
690	714	0.10269612195210931
692	698	0.10000279744663965
692	958	0.1624388520826981
693	792	0.10912428339041039
694	696	0.18543972116926902
694	732	0.10835493082215936
696	919	0.1314708804449731
698	700	0.1179175482407172
698	702	0.12692577587870765
698	718	0.11713286476436384
698	772	0.10133000600581918
698	861	0.10469979322171935
698	995	0.10307733303431617
700	955	0.10558205940226549
703	864	0.13374229435987353
705	972	0.12524502596376635
707	749	0.10523291752272372
708	714	0.10009595591330533
710	746	0.12061427845519879
710	875	0.14065889347088367
712	714	0.18814248367107667
718	726	0.13794958446767142
722	730	0.10725322238309194
723	855	0.11482853291141856
724	822	0.10643040004227765
728	730	0.1170164405669569
728	873	0.10517354994375658
730	736	0.13286512436337694
733	809	0.10489492537809633
733	815	0.11636516179841351
739	870	0.16691041525067218
739	872	0.12063425833376654
740	834	0.10887298900224572
741	961	0.13793879984869792
741	970	0.1038864054295035
741	976	0.14116482454325047
741	978	0.12532451560461866
745	782	0.18838094074667733
745	869	0.14998386196652952
748	751	0.11659522034963943
750	770	0.14594759889648729
750	774	0.10651461587882952
751	973	0.17524687916351117
754	756	0.35384826696400473
754	760	0.16718230471443488
754	997	0.16592400702312946
755	796	0.10321652191430856
755	808	0.1249830629163232
756	762	0.11945838105458768
759	800	0.11616099219049565
760	997	0.101608203591607
762	764	0.10038122406853255
762	792	0.10555744049334284
763	886	0.11215668633847721
771	928	0.10509051432921668
773	814	0.12942595404292348
773	967	0.10429200055879342
775	914	0.10560233879624141
776	926	0.1573941961802024
777	806	0.10750873900365912
777	924	0.10360661914108125
777	958	0.10405998402745796
778	970	0.12653212255186794
780	782	0.11223961935671022
782	869	0.11606476600703555
785	942	0.12072168871832344
785	949	0.10883718853143398
786	909	0.13711925794411292
787	799	0.1917630641270603
788	796	0.11639800083945977
788	818	0.12093235161886588
789	819	0.11346317327555291
790	836	0.11804990033789144
792	812	0.15482350514888105
792	869	0.11061090178867007
793	990	0.11556424820096277
793	992	0.10288415363715778
795	958	0.1602501896718727
797	822	0.12792869380057287
798	820	0.10624995194220745
799	863	0.12743471284412142
799	910	0.11838950948244957
802	809	0.14586975817322828
804	806	0.31960345317298827
808	822	0.11573724356297471
808	949	0.10479889717262345
809	830	0.11646980899922237
812	814	0.10400354391819837
812	816	0.17254967721727832
812	869	0.14884355774330318
814	820	0.12660992080350025
814	869	0.13057788166543594
814	987	0.11233103579332922
816	824	0.1026064334791183
818	821	0.1150945120831305
818	836	0.1490373044644603
818	909	0.22565846115156452
820	931	0.1292533392914054
820	932	0.11735788365170143
820	987	0.19032877627807876
821	912	0.10036774669892265
828	834	0.18145648568060196
834	836	0.13514797846929388
834	853	0.24316160213167207
834	927	0.10612883604364336
838	937	0.10904566199339893
840	880	0.1082964909078248
840	886	0.13691042276192994
842	876	0.10822109056886017
844	846	0.12220376580493897
845	853	0.11730607846209744
850	852	0.1733513401479514
850	880	0.12255159245301844
852	988	0.11194522084055979
854	876	0.10950397997865598
854	880	0.17032542070780582
854	886	0.14801092059513826
855	872	0.1046188928859462
856	865	0.11397030826484139
858	862	0.10441391596744337
860	862	0.12242786420263534
863	936	0.1319863106830978
864	906	0.20664359062974022
866	868	0.11546539517908322
866	919	0.12456387617869988
867	966	0.13723761375994414
870	872	0.11700856045027878
870	884	0.10099713167801944
871	976	0.10532995038273812
872	884	0.10376558657839183
874	993	0.11130233159724559
875	879	0.1044598086276292
880	882	0.10977460683493727
880	886	0.19628245357217214
888	912	0.10441207371706798
889	947	0.11114338359678824
891	893	0.14612304681825058
891	895	0.1461536519757449
892	894	0.21360597605399018
893	895	0.13435751507418564
904	908	0.12999599293248293
904	972	0.10433041332945711
905	973	0.12773628763382738
906	958	0.1493235688725004
908	910	0.10394573204334212
910	992	0.13505792665529343
914	936	0.10223579335749508
916	967	0.11253189463981382
920	943	0.12020059215102132
923	975	0.14660136836850657
926	941	0.11431513353345678
932	936	0.10076642495439486
932	987	0.1079298616089819
935	967	0.11236457838904362
936	957	0.11802206350694511
940	941	0.10538891742912457
944	948	0.28881095652419864
944	984	0.18315773411618325
948	984	0.1595439325135867
951	953	0.20394015647517194
953	987	0.10173938375996043
954	996	0.14343489676872107
956	974	0.12563021014918385
956	994	0.23411084208465524
958	974	0.17229165737571017
958	990	0.12347693712503655
960	966	0.1027881230796469
960	990	0.15263326948481581
963	991	0.19386169086463717
963	995	0.10711621029526966
968	978	0.12228333128862347
968	982	0.10531604125246878
968	990	0.100061816160371
969	989	0.14531018583491118
973	976	0.12013978295574235
974	982	0.22431397731456923
976	982	0.23082813654351736
976	988	0.11187792479171255
978	982	0.10707953728441937
978	990	0.12469779410335875
980	984	0.10410088584415124
982	984	0.16351213935167797
988	990	0.1261773764641388
990	992	0.12956915024523677
