1	638	0.10992007945362392
5	906	0.10954735247269438
6	70	0.14376989922625127
7	575	0.12107610368204114
7	870	0.10561041444511049
8	549	0.1390578066788256
10	957	0.1406076729657091
13	30	0.162874202270946
14	245	0.1041714347246024
21	854	0.10422501557779545
21	972	0.1147764454180425
22	44	0.1078143818381927
23	134	0.10750431761412943
29	180	0.14139562746610213
29	220	0.10385432194684828
29	937	0.11474874601066322
30	141	0.1356889776748682
30	597	0.10517308130032993
34	36	0.11676898630069359
35	37	0.2269635472960181
36	38	0.15979168004646346
37	211	0.1495673847583739
37	479	0.1562877905918157
42	44	0.14072675105063356
43	79	0.11233526903244109
43	617	0.10414480289009875
43	639	0.1237642290773414
45	393	0.10346035533251216
47	682	0.1090409378303107
52	427	0.11223067637280404
52	805	0.15832584803312316
54	515	0.12896293442824097
54	519	0.10333958228672627
55	719	0.10260418566685428
56	58	0.12378675666086303
58	772	0.11329875624363292
60	260	0.11672285283574334
61	306	0.12841191656739992
61	330	0.16425424676053973
66	70	0.10259683357986459
68	70	0.27403831709850374
71	269	0.2156193456465947
71	340	0.11771604150593175
74	920	0.10544491760316917
76	262	0.10094433883813958
77	976	0.10664027922579059
79	639	0.10336695821852696
83	147	0.1038537202531634
83	693	0.11350019302319832
88	90	0.10078075679444393
88	94	0.10205899163265067
88	96	0.2380233287585231
88	102	0.11586890778547282
88	106	0.20026334317505023
88	108	0.11193222313746325
89	400	0.10707766452487201
90	96	0.23573022997670737
90	100	0.17914100393569826
90	102	0.16714038871741715
93	830	0.10081441434475576
93	834	0.16383907443210738
94	100	0.19953282976435507
94	102	0.12249096819350455
94	108	0.18928920644823138
97	347	0.10346656546344776
97	611	0.10134408895851842
98	102	0.15466714719119892
99	269	0.11310883671572482
102	766	0.10553084441110598
103	125	0.11948049371190367
111	487	0.14010921099445484
112	168	0.16417778507526945
112	204	0.11276082668439388
116	150	0.12136330833871838
119	608	0.1636870699545142
120	144	0.10346987100312585
120	150	0.10179372677045131
122	208	0.10624063928881669
123	127	0.11128781510865357
123	301	0.11410988250683415
123	659	0.13863827540563534
123	733	0.131403924694989
123	822	0.11761471579108279
127	496	0.10900887003242074
128	146	0.14413154612439458
129	163	0.10876068658293786
130	143	0.10130450581335314
130	196	0.1018173164393397
130	667	0.12512769439390561
134	178	0.13230914227421406
134	191	0.11625680610603634
134	406	0.12269727521562646
138	667	0.114921131760269
139	917	0.11140703547205144
140	231	0.11034131214844725
144	174	0.11279498881199647
145	855	0.13437542202872596
146	148	0.13562953660232363
146	150	0.13559236962013696
146	299	0.10452063973873267
146	747	0.10876288718257282
150	843	0.1366431545865641
151	398	0.11508809790306217
152	607	0.10316362733476607
155	406	0.13269569609230475
164	327	0.10401355183445452
166	172	0.11721392686925547
167	819	0.12250462511486497
170	172	0.14024570220090088
173	748	0.1617365305176765
175	442	0.10458633911104259
177	225	0.1339980220854782
178	197	0.34439725776834396
180	587	0.11907401652831492
189	872	0.15410038206256424
191	197	0.2961094271131976
193	197	0.14761530224074726
194	491	0.16494607387308946
195	621	0.11722143520938443
197	585	0.14102737926743053
198	363	0.10891579403155631
199	537	0.10066975549850285
199	902	0.101663304314768
200	202	0.1797238692321519
201	245	0.10078099561838909
202	204	0.11899416648664939
202	587	0.1004610670733103
203	588	0.10295951867729365
210	497	0.10451838923473544
212	214	0.28300849253992316
212	497	0.12473918507256425
217	379	0.10641771257193143
219	962	0.10531002739535206
219	966	0.14875096748906208
219	998	0.12163717409399835
224	799	0.13110225222467126
228	809	0.11320245753126866
231	816	0.10354306609004812
232	316	0.15296037147158068
235	916	0.1349121576881026
236	248	0.11466446641912566
236	743	0.10078589484036575
237	921	0.15360992930147727
239	838	0.10850851209631343
240	323	0.11099337755773674
244	248	0.13763175252461743
245	513	0.12101376475791198
245	872	0.13083273540955992
247	791	0.11843026274420275
250	356	0.12908136702813872
252	633	0.1465500359752363
257	379	0.10769865935729349
262	272	0.1168203411946151
262	373	0.10137802676827103
264	332	0.12278531835835338
266	268	0.14091554463839437
266	296	0.11124583536286045
268	889	0.11696722123145062
268	963	0.10757032655490613
270	729	0.10236160888274648
272	387	0.10467154819163707
272	978	0.11663464456998866
275	657	0.16130924864363486
275	797	0.11088315359304932
278	693	0.24628164731493535
283	288	0.2321176339646568
283	304	0.11535212728034255
286	296	0.13334941662042568
288	298	0.10849588827797152
289	487	0.14398310009234183
290	298	0.10877614387853302
293	337	0.12353075953179864
294	320	0.11346342709229981
297	890	0.2007914522698568
298	314	0.12088877178514713
298	348	0.11019607426166918
299	501	0.11093580453611082
299	733	0.10709370689473434
299	821	0.18000223372614424
299	899	0.11066494662683048
300	306	0.14477476359476596
301	669	0.1041035526746067
301	814	0.16360213433545923
301	821	0.1078918182137663
301	869	0.1271948742624484
313	436	0.1423301542857886
313	488	0.11249026538539152
314	329	0.15295005093914607
314	463	0.10336982365390833
319	988	0.18516303439920995
319	996	0.1047678807639932
321	641	0.1114295683111665
322	328	0.10735260252509421
323	364	0.14293821924613725
323	423	0.12783010005079182
325	584	0.12855495755145557
326	397	0.13222798469884608
327	784	0.10439882487587257
332	368	0.10707527170871527
335	642	0.11342405581005625
335	972	0.15303339927673293
342	879	0.10037971952159717
347	827	0.11667719637870663
348	398	0.10798745728468188
356	675	0.13027322830970808
359	412	0.1294161104990566
361	603	0.11905840067108982
365	632	0.11827388685039364
371	571	0.11456704334070056
374	677	0.11313853206860228
375	716	0.11610412104214057
386	394	0.16858507644701767
387	414	0.11254135730388566
387	716	0.10196326532579375
388	392	0.14755329210917403
393	784	0.11235618157030705
398	647	0.14636630742145457
400	961	0.10254782277694846
404	406	0.19987957474258816
404	481	0.14309511552913093
404	571	0.1113167692072706
404	871	0.13231256674350636
405	407	0.3116575884697989
410	723	0.20349900398992773
411	459	0.12491351301388788
412	495	0.186701979859407
414	424	0.14957419943218214
414	495	0.10044794319482195
419	904	0.10750291564128991
422	495	0.11310297922852204
425	954	0.10154728555351991
426	474	0.12137368072813931
434	547	0.12129220368991848
436	438	0.16176429011809082
436	468	0.1319903164440385
437	439	0.14649571673955702
438	468	0.12036370018738463
439	549	0.10264290154012817
441	459	0.11575872971630274
441	974	0.10657703900663304
443	640	0.118575902472564
444	446	0.12076197481231828
444	448	0.21628261875458246
445	447	0.2183566050614397
446	448	0.17040434907296714
446	450	0.14433730335788736
461	603	0.13058778308450972
463	995	0.14422194844547465
468	484	0.10411282928643423
468	599	0.11288585554690261
472	547	0.16915834564953436
474	482	0.11290837138301772
477	876	0.10223773448289535
477	989	0.1166621790206238
478	841	0.12343286498348928
481	775	0.11128143474966817
481	795	0.11419517114442095
481	964	0.1053931764244192
487	927	0.10741741110527872
492	494	0.12450348169298593
493	957	0.10781028530334473
501	809	0.1028745239412221
503	924	0.1180312105314695
503	941	0.10680431515328
508	935	0.10669935545741592
515	517	0.13798140600659117
515	521	0.12389648770584143
515	525	0.250033907805794
516	518	0.29084614408315085
516	520	0.16471405252917015
516	524	0.17550300025228505
517	521	0.11783993996622107
517	525	0.22481520155992255
520	524	0.22881769946649702
520	875	0.11696423745234971
524	538	0.1636658091803644
533	866	0.10980227564354492
537	776	0.10043020824619373
537	902	0.10536276685998514
537	904	0.11195075567824966
537	924	0.10402524253930878
552	779	0.14418440070654528
556	590	0.12171208671636324
557	749	0.10690697667441548
558	560	0.12207814307772216
568	787	0.1572670718085184
569	673	0.12019000150429596
571	705	0.23501244466226498
573	796	0.1413208985942673
574	704	0.10434757928222707
574	935	0.11303402877105281
575	589	0.10167458332966618
579	636	0.11322373757635563
579	947	0.14087006884093045
592	602	0.1063305408776092
593	875	0.23271029163254608
599	809	0.10271006781093164
604	606	0.2420009808220693
606	942	0.1059645452921497
608	654	0.10052423934775284
610	654	0.10657048953487856
617	785	0.10096138539177782
621	625	0.15587100112916658
621	627	0.19810707399814095
622	626	0.11131609699137134
623	988	0.10101494520840637
624	626	0.10563206908028254
630	867	0.11329635550509344
630	906	0.11427639581736612
632	676	0.12264943468364806
638	803	0.11208213270352323
647	839	0.19984847252285495
649	726	0.16329404729583125
650	654	0.15248375885789742
650	656	0.12363309945419135
652	668	0.13456527862199613
658	662	0.12657284316606535
659	937	0.12429146676332443
669	909	0.12420046368320432
669	949	0.1012978103434105
670	887	0.1237514181487213
677	743	0.10178458740587137
682	690	0.1041775950978525
683	874	0.10049534300982876
683	886	0.1340961851151563
684	688	0.19244278440154747
697	995	0.1036263514668035
710	746	0.10382831542538433
725	727	0.15274234835878717
728	730	0.14083087275568965
739	852	0.14271165535329103
741	990	0.15193974936688925
749	834	0.1194547207013942
754	756	0.14457400832725223
754	760	0.10121107522564682
757	943	0.11114363652632864
758	770	0.10986521526831113
760	917	0.1756859529541747
782	869	0.10204290799867397
784	964	0.1015687894885069
786	909	0.10147558011637357
786	912	0.10949738118749383
787	919	0.11384955789447228
792	809	0.1232512621150764
799	910	0.11916702642735176
802	869	0.1178022497158046
805	807	0.12412383948915716
806	819	0.16955978076949063
812	949	0.11600379926174643
812	987	0.15352443945539612
820	821	0.1001153077558221
822	828	0.1088125086077674
840	876	0.13942786469526441
842	854	0.11768631575008098
864	867	0.14940317514368465
866	868	0.17245996057512222
875	879	0.10019055508973593
880	882	0.11481492083872072
890	892	0.13209033297786146
893	910	0.10174166830743103
895	941	0.11130560628706404
945	970	0.11223131364719652
954	984	0.10750440870046543
956	960	0.14311305927923312
961	978	0.10368002401359189
961	998	0.1210367778420901
966	968	0.11353290561994055
968	972	0.15606009971234897
968	978	0.10630766629982819
974	982	0.15690131178816497
