2	4	0.1998124690054494
17	948	0.10584973621655627
41	419	0.12386836906836254
54	521	0.11850549429124177
61	300	0.10454354337957301
77	902	0.1070589713631008
78	82	0.11709730085250461
87	274	0.10584207560918814
89	406	0.10466453018556802
92	106	0.10159659010501329
94	106	0.124029117682693
96	104	0.11884460021036346
98	106	0.15737974298448085
100	102	0.12346521432031259
100	108	0.1915080630853732
102	108	0.20470634201273752
104	108	0.2794030945985309
104	766	0.10855148653565383
119	606	0.13711464342359952
124	126	0.12826315018612522
129	131	0.1864210733067454
130	200	0.10549390427754038
139	148	0.10413703238800412
146	148	0.11296315124352928
146	862	0.10108631104059942
148	150	0.10017013879950404
172	174	0.10279086254111339
178	191	0.1426858526088703
184	502	0.10358694149030465
198	228	0.11946080682204313
198	491	0.12645890235058196
201	301	0.1145354259657309
202	204	0.14026650489703052
205	902	0.1626606007522069
212	214	0.122259436177891
212	497	0.15777576580026664
230	232	0.10208133700578037
245	822	0.12309498886608099
245	872	0.1076209731755121
251	581	0.10533801688638736
257	259	0.10494250693031223
262	264	0.1292510483450785
268	889	0.12100314205063155
290	292	0.13598624308829013
296	298	0.10044439734715922
297	890	0.1503291601298216
300	963	0.11901876464079356
301	818	0.13299623801066007
316	685	0.15065988048699488
356	877	0.11337175675669883
359	633	0.16964504469864405
369	743	0.15129536577880487
372	674	0.18662160426102845
388	390	0.10515361044061591
397	685	0.10916695060871563
398	478	0.10974184214442799
402	410	0.10455200514349026
402	864	0.1464709243766236
404	406	0.19289667361837784
408	864	0.1356993939853598
414	416	0.1641971333755267
429	800	0.13981449244977204
444	448	0.23325034343979636
444	450	0.1064269887030513
445	447	0.10559315436385672
445	451	0.1358438455320875
446	448	0.14045444413865668
457	960	0.19201064848365607
468	470	0.15055284213815529
468	724	0.10443768645358859
481	795	0.12440274915054095
492	494	0.17411034423084087
515	521	0.15358673508262558
523	962	0.1502833235892887
536	544	0.10441838489955013
565	567	0.10110427465532235
573	705	0.24733288760561567
608	610	0.32328688198625494
626	644	0.1314508774535471
639	788	0.1055296706629632
650	652	0.1888382473519475
669	733	0.11103630166584351
745	782	0.1117909352402649
760	917	0.10433094839620885
785	942	0.12362597941289474
866	868	0.3333139015744423
891	893	0.20528667327010802
891	895	0.13962048945353814
