0	183	0.1389917174515642
0	1010	0.10943321741389932
0	1135	0.10017347050235888
1	665	0.1111111044883728
2	3	0.2222222089767456
2	6	0.25
2	177	0.25
3	118	0.1319444477558136
3	142	0.1388888955116272
3	562	0.1111111044883728
3	568	0.1111111044883728
3	853	0.1111111044883728
3	909	0.1111111044883728
3	1261	0.1111111044883728
4	458	0.11785112317328315
4	536	0.1113404461719846
6	11	0.1111111044883728
6	177	0.25
7	112	0.13636362552642822
7	116	0.13636362552642822
10	11	0.25
14	992	0.36936750321335177
15	18	0.25
15	40	0.25
15	991	0.25
15	997	0.25
15	1008	0.25
15	1011	0.25
17	1001	0.25
18	40	0.25
18	991	0.25
18	997	0.25
18	1008	0.25
18	1011	0.25
19	1004	0.25
21	32	0.25
24	993	0.25
26	471	0.25
27	1061	0.1145833283662796
31	712	0.25
35	1010	0.25
36	995	0.25
37	996	0.25
40	991	0.5
40	997	0.25
40	1008	0.25
40	1011	0.25
44	48	0.1071428507566452
44	1191	0.25
47	49	0.75
48	50	0.5
50	471	0.1071428507566452
50	693	0.1071428507566452
54	877	0.15000000596046448
67	68	0.25
67	1486	0.25
68	80	0.25
68	89	0.25
68	92	0.25
68	122	0.111111119389534
68	203	0.15000000596046448
68	247	0.25
68	250	0.25
68	252	0.25
68	632	0.25
68	637	0.25
68	832	0.1666666567325592
68	1316	0.25
68	1370	0.25
68	1436	0.25
68	1480	0.25
68	1486	0.25
68	1494	0.5
68	1524	0.25
68	1527	0.25
68	1543	0.25
68	1545	0.25
68	1559	0.25
68	1572	0.25
68	1593	0.25
68	1625	0.25
72	76	0.22499999403953552
72	597	0.22499999403953552
72	1318	0.22499999403953552
72	1347	0.25
72	1351	0.22499999403953552
72	1372	0.22499999403953552
72	1373	0.367423451684079
72	1389	0.22499999403953552
72	1457	0.25
73	97	0.25
73	271	0.25
73	328	0.25
73	332	0.25
73	349	0.25
73	353	0.25
73	474	0.25
73	478	0.25
73	480	0.25
73	615	0.25
73	616	0.25
73	620	0.25
73	1365	0.25
73	1441	0.5
73	1451	0.25
73	1468	0.25
73	1479	0.25
73	1495	0.25
73	1506	0.25
73	1544	0.25
73	1582	0.25
73	1627	0.25
74	418	0.5
74	423	0.25
74	1327	0.25
74	1565	0.25
75	86	1.0
75	96	0.25
75	260	1.0
75	419	0.5
75	432	0.5
75	434	0.75
75	594	0.25
75	786	0.25
75	1311	0.25
75	1321	0.5
75	1330	0.25
75	1349	0.5
75	1364	0.5
75	1398	0.25
75	1429	0.25
75	1450	0.25
75	1513	0.5
75	1520	0.5
75	1526	0.5
75	1564	0.5
76	77	0.12121209502220154
76	597	1.0
76	598	0.12121209502220154
76	1318	0.25
76	1322	0.25
76	1347	0.22499999403953552
76	1351	0.25
76	1372	0.25
76	1373	0.4082482904638631
76	1389	0.25
76	1457	0.22499999403953552
76	1471	0.5
76	1509	0.25
77	597	0.12121209502220154
77	598	1.0
77	1323	0.25
77	1458	0.25
77	1471	0.1818181425333023
77	1474	0.5
78	79	0.12371792465856488
78	599	0.75
78	1459	0.25
78	1472	0.1071428656578064
78	1473	0.75
78	1510	0.25
79	600	0.5773502691896258
79	1472	0.5773502691896258
80	122	0.111111119389534
80	203	0.15000000596046448
80	270	0.25
80	391	0.25
80	398	0.25
80	426	0.25
80	429	0.25
80	475	0.25
80	479	0.25
80	584	0.25
80	590	0.25
80	617	0.25
80	621	0.25
80	765	0.25
80	772	0.25
80	832	0.1666666567325592
80	1475	0.2886751345948129
80	1494	0.25
80	1527	0.25
81	227	0.25
81	248	0.35355339059327373
81	254	0.25
81	255	0.25
81	256	0.25
81	1582	0.25
81	1604	0.25
82	257	1.0
82	1460	0.25
82	1535	0.25
82	1629	0.25
83	258	1.0
83	263	0.25
83	274	0.25
83	474	0.25
83	478	0.25
83	616	0.25
83	620	0.25
83	1634	0.25
85	259	1.0
85	268	0.25
85	1541	0.25
85	1637	0.25
86	96	0.25
86	260	1.0
86	419	0.5
86	432	0.5
86	434	0.75
86	594	0.25
86	786	0.25
86	1311	0.25
86	1321	0.5
86	1330	0.25
86	1349	0.5
86	1364	0.5
86	1398	0.25
86	1429	0.25
86	1450	0.25
86	1513	0.5
86	1520	0.5
86	1526	0.5
86	1564	0.5
87	231	0.25
87	235	0.25
87	261	1.0
87	270	0.25
87	1338	0.25
87	1341	0.25
87	1343	0.2886751345948129
87	1348	0.25
87	1362	0.25
87	1392	0.25
87	1567	0.25
87	1600	0.25
87	1636	0.25
87	1649	0.25
88	89	0.13333332538604736
88	92	0.13333332538604736
88	425	0.25
88	1577	0.2886751345948129
89	92	1.0
89	247	0.25
89	632	0.25
89	637	0.25
89	1316	0.25
89	1370	0.25
89	1436	0.25
89	1480	0.25
89	1494	0.25
89	1524	0.25
89	1543	0.25
89	1545	0.25
89	1572	0.25
89	1593	0.25
89	1625	0.25
90	414	0.25
90	427	0.25
90	1308	0.20412414523193154
90	1334	0.25
90	1344	0.25
90	1368	0.25
90	1425	0.25
90	1464	0.25
90	1492	0.25
90	1517	0.25
90	1522	0.25
90	1557	0.25
90	1562	0.25
90	1570	0.25
90	1578	0.20412414523193154
90	1584	0.25
90	1598	0.25
90	1642	0.20412414523193154
90	1650	0.20412414523193154
91	415	0.25
91	428	0.25
91	1309	0.20412414523193154
91	1335	0.25
91	1345	0.25
91	1369	0.25
91	1426	0.25
91	1465	0.25
91	1493	0.25
91	1518	0.25
91	1523	0.25
91	1558	0.25
91	1563	0.25
91	1571	0.25
91	1579	0.25
91	1585	0.25
91	1599	0.25
91	1643	0.20412414523193154
91	1651	0.20412414523193154
92	247	0.25
92	632	0.25
92	637	0.25
92	1316	0.25
92	1370	0.25
92	1436	0.25
92	1480	0.25
92	1494	0.25
92	1524	0.25
92	1543	0.25
92	1545	0.25
92	1572	0.25
92	1593	0.25
92	1625	0.25
93	245	0.25
93	1279	0.25
93	1332	0.25
93	1394	0.25
93	1427	0.25
93	1433	0.25
93	1435	0.25
93	1466	0.25
93	1481	0.25
93	1487	0.25
93	1594	0.25
93	1605	0.25
93	1630	0.25
93	1646	0.25
94	596	0.25
94	1383	0.25
95	1313	0.25
95	1342	0.25
95	1373	0.20412414523193154
95	1374	0.25
95	1380	0.25
95	1528	0.25
96	260	0.25
96	419	0.25
96	432	0.25
96	434	0.25
96	786	0.25
96	1311	0.25
96	1321	0.25
96	1330	0.25
96	1349	0.25
96	1364	0.25
96	1398	0.25
96	1429	0.5
96	1450	0.25
96	1513	0.25
96	1520	0.25
96	1526	0.25
96	1564	0.25
97	222	0.25
97	328	0.25
97	332	0.25
97	349	0.25
97	353	0.25
97	474	0.25
97	478	0.25
97	484	0.25
97	615	0.25
97	616	0.25
97	620	0.25
97	1327	0.25
97	1434	0.25
97	1441	0.25
97	1525	0.2886751345948129
97	1544	0.5
98	1514	0.25
100	105	0.25
100	107	0.35355339059327373
100	1560	0.25
101	266	0.25
101	343	0.25
101	364	0.25
101	482	0.25
101	622	0.25
101	1470	0.25
105	107	0.35355339059327373
105	1560	0.25
107	1560	0.35355339059327373
109	113	0.5
110	114	0.75
110	128	0.5
110	135	0.75
110	461	0.25
110	466	0.25
110	490	0.25
110	495	0.25
110	545	0.25
110	551	0.25
110	583	0.25
110	589	0.25
110	753	0.25
110	757	0.25
111	115	1.0
111	129	0.5
111	136	0.5
112	116	1.0
112	130	0.25
112	137	0.25
112	547	0.25
112	553	0.25
112	1204	0.1285648731381767
114	128	0.5
114	135	0.5
114	461	0.25
114	466	0.25
114	490	0.25
114	495	0.25
114	545	0.25
114	551	0.25
114	583	0.25
114	589	0.25
114	753	0.25
114	757	0.25
115	129	0.5
115	136	0.5
116	130	0.25
116	137	0.25
116	547	0.25
116	553	0.25
116	1204	0.1285648731381767
118	130	0.2291666716337204
118	137	0.2291666716337204
118	142	0.1041666716337204
118	171	0.11666667461395264
118	250	0.11666667461395264
118	252	0.11666667461395264
118	273	0.11666667461395264
118	475	0.11666667461395264
118	479	0.11666667461395264
118	617	0.11666667461395264
118	621	0.11666667461395264
118	1370	0.11666667461395264
118	1432	0.11666667461395264
119	125	0.35355339059327373
119	178	0.25
119	180	0.25
119	546	0.25
119	552	0.25
119	1136	0.25
120	126	0.10294117033481598
120	486	0.111111119389534
120	873	0.13461539149284363
122	189	0.1458333432674408
122	191	0.13636362552642822
122	203	0.11538460850715637
122	614	0.12246824256884949
122	832	0.11538460850715637
122	1214	0.11363635957241058
122	1494	0.111111119389534
122	1527	0.111111119389534
125	143	0.35355339059327373
125	178	0.35355339059327373
125	180	0.35355339059327373
125	546	0.35355339059327373
125	552	0.35355339059327373
125	1136	0.35355339059327373
126	547	0.15196079015731812
126	553	0.15196079015731812
127	134	0.5
127	752	0.1145833432674408
127	756	0.1145833432674408
128	135	0.75
128	461	0.25
128	466	0.25
128	490	0.25
128	495	0.25
128	545	0.25
128	551	0.25
128	583	0.25
128	589	0.25
128	753	0.25
128	757	0.25
129	130	0.14393940567970276
129	136	1.0
129	137	0.14393940567970276
129	1135	0.25
130	136	0.14393940567970276
130	137	1.0
130	142	0.11363635957241058
130	171	0.111111119389534
130	250	0.111111119389534
130	252	0.111111119389534
130	273	0.111111119389534
130	475	0.111111119389534
130	479	0.111111119389534
130	547	0.25
130	553	0.25
130	617	0.111111119389534
130	621	0.111111119389534
130	1204	0.1285648731381767
130	1370	0.111111119389534
130	1432	0.111111119389534
131	138	1.0
131	147	0.25
132	139	1.0
132	148	0.5
133	140	1.0
134	752	0.1145833432674408
134	756	0.1145833432674408
135	461	0.25
135	466	0.25
135	490	0.25
135	495	0.25
135	545	0.25
135	551	0.25
135	583	0.25
135	589	0.25
135	753	0.25
135	757	0.25
136	137	0.14393940567970276
136	1135	0.25
137	142	0.11363635957241058
137	171	0.111111119389534
137	250	0.111111119389534
137	252	0.111111119389534
137	273	0.111111119389534
137	475	0.111111119389534
137	479	0.111111119389534
137	547	0.25
137	553	0.25
137	617	0.111111119389534
137	621	0.111111119389534
137	1204	0.1285648731381767
137	1370	0.111111119389534
137	1432	0.111111119389534
138	147	0.25
139	148	0.5
142	562	0.1666666567325592
142	568	0.1666666567325592
142	853	0.1666666567325592
142	909	0.1666666567325592
142	1261	0.1666666567325592
147	217	0.1145833283662796
147	665	0.1145833283662796
147	672	0.1145833283662796
147	677	0.1145833283662796
147	693	0.1145833283662796
147	956	0.1145833283662796
147	1050	0.1145833283662796
147	1070	0.1145833283662796
151	157	0.3299831659586171
151	164	0.3299831659586171
151	1153	0.1217794834090138
151	1308	0.16037508242217555
151	1642	0.16037508242217555
151	1650	0.16037508242217555
152	156	0.1071428507566452
152	163	0.1071428507566452
153	1197	0.1145833283662796
153	1423	0.1296362460273236
153	1590	0.1296362460273236
154	161	1.0
155	162	1.0
156	163	1.0
157	164	1.0
157	1308	0.12150246624122142
157	1642	0.12150246624122142
157	1650	0.12150246624122142
158	165	0.75
159	330	0.25
159	351	0.25
159	476	0.25
159	618	0.25
159	633	0.25
159	770	0.25
159	1477	0.25
160	331	0.25
160	352	0.25
160	477	0.25
160	619	0.25
160	634	0.25
160	771	0.25
160	1478	0.20412414523193154
164	1308	0.12150246624122142
164	1642	0.12150246624122142
164	1650	0.12150246624122142
170	171	0.5
170	183	0.1632993064521475
170	1497	0.5
170	1498	0.5
171	183	0.1632993064521475
171	250	0.25
171	252	0.25
171	273	0.25
171	475	0.25
171	479	0.25
171	617	0.25
171	621	0.25
171	1370	0.25
171	1432	0.25
171	1497	0.5
171	1498	0.5
174	517	0.1041666567325592
174	525	0.1041666567325592
174	1373	0.13608275537678957
177	179	0.25
177	1137	0.25
178	180	0.25
178	546	0.25
178	552	0.25
178	751	0.35355339059327373
178	760	0.25
178	762	0.25
178	1136	0.25
179	1137	0.25
180	546	0.25
180	552	0.25
180	1136	0.25
182	183	0.27216551075357914
182	184	0.1666666567325592
182	188	0.25
182	1169	0.25
182	1170	0.25
183	184	0.20412414523193154
183	188	0.27216551075357914
183	189	0.20412414523193154
183	1169	0.18144367383571944
183	1170	0.18144367383571944
183	1497	0.1632993064521475
183	1498	0.1632993064521475
184	189	0.25
188	189	0.1666666567325592
188	1169	0.25
188	1170	0.25
189	191	0.125
189	203	0.13461539149284363
189	614	0.11226255425424712
189	831	0.1276720764461704
189	832	0.11538460850715637
189	1214	0.1041666716337204
190	191	0.1111111044883728
190	192	0.13608275537678957
190	1204	0.35355339059327373
191	192	0.3061862178478973
191	203	0.11538460850715637
191	471	0.1111111044883728
191	614	0.14968339993686988
191	693	0.1111111044883728
191	832	0.11538460850715637
191	1214	0.14393937587738037
193	206	0.5
193	832	0.25
193	1346	0.1666666567325592
195	995	0.10277776420116425
200	877	0.14285717904567719
202	463	0.11388890445232391
202	468	0.11388890445232391
202	702	0.11388890445232391
202	831	0.10999438162839761
203	614	0.10362696521636094
203	832	0.23076923191547394
203	1214	0.10256411135196686
203	1494	0.15000000596046448
203	1527	0.15000000596046448
203	1567	0.15000000596046448
204	798	0.1499999463558197
205	1052	0.125
206	270	0.1666666567325592
206	832	0.25
206	1346	0.1666666567325592
209	824	0.2321428507566452
210	275	0.25
211	940	0.125
212	213	0.18711379168477243
212	217	0.2886751345948129
217	665	0.25
217	672	0.25
217	677	0.25
217	693	0.25
217	956	0.25
217	1050	0.25
217	1070	0.25
218	471	0.1145833283662796
218	614	0.10584755164561525
218	693	0.1145833283662796
220	1545	0.25
221	1543	0.25
222	1327	0.25
222	1434	0.25
222	1525	0.2886751345948129
222	1544	0.25
226	254	0.25
226	484	0.25
226	1544	0.25
227	255	0.25
227	256	0.5
227	1611	0.25
230	423	0.25
230	1525	0.2886751345948129
231	235	0.25
231	261	0.25
231	273	0.25
231	424	0.25
231	1338	0.25
231	1341	0.25
231	1343	0.2886751345948129
231	1348	0.25
231	1362	0.25
231	1392	0.25
231	1475	0.2886751345948129
231	1567	0.25
231	1572	0.25
231	1600	0.25
231	1636	0.5
231	1649	0.25
231	1652	0.25
232	536	0.11514692252378916
234	1468	0.25
234	1542	0.35355339059327373
235	261	0.25
235	1338	0.25
235	1341	0.25
235	1343	0.2886751345948129
235	1348	0.25
235	1362	0.25
235	1392	0.25
235	1567	0.25
235	1600	0.25
235	1636	0.25
235	1649	0.25
236	244	0.25
236	944	0.25
236	1121	0.152777761220932
237	239	0.25
240	245	0.1666666567325592
240	1279	0.1666666567325592
240	1332	0.1666666567325592
240	1394	0.1666666567325592
240	1427	0.1666666567325592
240	1433	0.1666666567325592
240	1435	0.1666666567325592
240	1466	0.1666666567325592
240	1481	0.1666666567325592
240	1487	0.1666666567325592
240	1594	0.1666666567325592
240	1605	0.1666666567325592
240	1646	0.1666666567325592
241	1491	0.25
244	893	0.5
244	944	0.25
244	953	0.25
244	1121	0.152777761220932
244	1171	0.152777761220932
244	1337	0.5
245	1279	0.5
245	1332	0.5
245	1394	0.5
245	1427	0.5
245	1433	0.5
245	1435	0.5
245	1466	0.5
245	1481	0.5
245	1487	0.5
245	1594	0.5
245	1605	0.5
245	1630	0.25
245	1646	0.5
247	632	0.25
247	637	0.25
247	1228	0.111111119389534
247	1316	0.25
247	1370	0.25
247	1436	0.25
247	1480	0.25
247	1494	0.25
247	1524	0.25
247	1543	0.25
247	1545	0.25
247	1572	0.25
247	1593	0.25
247	1625	0.25
248	254	0.35355339059327373
248	279	0.35355339059327373
249	251	0.75
250	252	1.0
250	273	0.25
250	475	0.25
250	479	0.25
250	617	0.25
250	621	0.25
250	1370	0.25
250	1432	0.25
250	1559	0.25
252	273	0.25
252	475	0.25
252	479	0.25
252	617	0.25
252	621	0.25
252	1370	0.25
252	1432	0.25
252	1559	0.25
254	274	0.25
254	423	0.25
254	484	0.25
254	616	0.25
254	620	0.25
254	1393	0.25
254	1476	0.25
254	1653	0.25
255	256	0.25
256	1568	0.25
257	1460	0.25
257	1535	0.25
257	1629	0.25
258	263	0.25
258	274	0.25
258	474	0.25
258	478	0.25
258	616	0.25
258	620	0.25
258	1634	0.25
259	268	0.25
259	1541	0.25
259	1637	0.25
260	419	0.5
260	432	0.5
260	434	0.75
260	594	0.25
260	786	0.25
260	1311	0.25
260	1321	0.5
260	1330	0.25
260	1349	0.5
260	1364	0.5
260	1398	0.25
260	1429	0.25
260	1450	0.25
260	1513	0.5
260	1520	0.5
260	1526	0.5
260	1564	0.5
261	270	0.25
261	1338	0.25
261	1341	0.25
261	1343	0.2886751345948129
261	1348	0.25
261	1362	0.25
261	1392	0.25
261	1567	0.25
261	1600	0.25
261	1636	0.25
261	1649	0.25
262	263	0.7071067811865475
262	1596	0.35355339059327373
263	274	0.25
263	328	0.25
263	332	0.25
263	349	0.25
263	353	0.25
263	474	0.25
263	478	0.25
263	616	0.25
263	620	0.25
263	1596	0.25
266	343	0.25
266	364	0.25
266	482	0.25
266	622	0.25
266	1470	0.5
268	625	0.25
268	1541	0.25
268	1637	0.25
268	1653	0.25
270	391	0.25
270	398	0.25
270	426	0.25
270	429	0.25
270	475	0.25
270	479	0.25
270	584	0.25
270	590	0.25
270	617	0.25
270	621	0.25
270	765	0.25
270	772	0.25
270	1475	0.2886751345948129
271	279	0.25
271	1441	0.25
271	1451	0.25
271	1468	0.25
271	1479	0.25
271	1495	0.25
271	1506	0.25
271	1582	0.25
271	1627	0.25
273	424	0.25
273	475	0.25
273	479	0.25
273	617	0.25
273	621	0.25
273	1370	0.25
273	1432	0.25
273	1475	0.2886751345948129
273	1572	0.25
273	1652	0.25
274	423	0.25
274	474	0.25
274	478	0.25
274	616	0.25
274	620	0.25
274	1476	0.25
274	1653	0.25
276	1453	0.25
276	1546	0.25
276	1602	0.25
283	1434	0.25
283	1632	0.25
283	1633	0.25
287	288	0.1041666567325592
288	293	0.5
288	302	0.5
288	309	0.5
288	438	0.25
288	714	0.5
289	294	1.0
289	303	0.5
289	310	0.5
289	458	0.16317847823993054
289	536	0.1360827797102839
289	715	0.5
290	295	1.0
290	304	0.5
290	311	0.5
291	307	0.5
292	308	0.75
292	444	0.25
292	569	0.25
292	660	0.25
293	302	0.5
293	309	1.0
293	438	0.25
293	570	0.25
293	661	0.25
293	714	0.5
294	303	0.5
294	310	0.5
294	458	0.16317847823993054
294	536	0.1360827797102839
294	715	0.5
295	304	0.5
295	311	0.5
300	316	0.6123724356957946
301	318	0.1666666567325592
302	309	0.5
302	438	0.25
302	714	0.5
303	310	1.0
303	715	0.5
303	986	0.25
304	311	1.0
305	312	1.0
306	313	0.23333331942558289
308	444	0.25
308	569	0.25
308	660	0.25
309	438	0.25
309	570	0.25
309	661	0.25
309	714	0.5
310	715	0.5
310	986	0.25
315	1105	0.10897436738014221
321	453	0.25
323	386	0.1145833432674408
327	348	0.9999999999999998
328	332	1.0
328	349	1.0
328	353	1.0
328	474	0.25
328	478	0.25
328	615	0.25
328	616	0.25
328	620	0.25
328	1441	0.25
328	1544	0.25
329	333	1.0
329	341	0.25
329	350	1.0
329	354	1.0
329	362	0.25
329	1307	0.25
329	1336	0.25
329	1356	0.25
330	351	1.0
330	476	0.5
330	618	0.5
330	633	0.25
330	770	0.25
330	1477	0.25
331	352	1.0
331	477	0.5
331	619	0.5
331	634	0.25
331	771	0.25
331	1478	0.20412414523193154
332	349	1.0
332	353	1.0
332	474	0.25
332	478	0.25
332	615	0.25
332	616	0.25
332	620	0.25
332	1441	0.25
332	1544	0.25
333	341	0.25
333	350	1.0
333	354	1.0
333	362	0.25
333	1307	0.25
333	1336	0.25
333	1356	0.25
334	355	1.0
335	356	1.0
336	357	1.0
337	358	1.0
338	359	1.0
339	360	1.0
340	361	1.0
340	418	0.25
340	482	0.25
341	350	0.25
341	354	0.25
341	362	1.0
341	1307	0.25
341	1336	0.25
341	1480	0.25
342	363	1.0
343	364	1.0
343	482	0.25
343	622	0.25
343	1470	0.25
344	365	0.9999999999999998
345	366	1.0
346	367	1.0
347	368	0.9999999999999998
349	353	1.0
349	474	0.25
349	478	0.25
349	615	0.25
349	616	0.25
349	620	0.25
349	1441	0.25
349	1544	0.25
350	354	1.0
350	362	0.25
350	1307	0.25
350	1336	0.25
350	1356	0.25
351	476	0.5
351	618	0.5
351	633	0.25
351	770	0.25
351	1477	0.25
352	477	0.5
352	619	0.5
352	634	0.25
352	771	0.25
352	1478	0.20412414523193154
353	474	0.25
353	478	0.25
353	615	0.25
353	616	0.25
353	620	0.25
353	1441	0.25
353	1544	0.25
354	362	0.25
354	1307	0.25
354	1336	0.25
354	1356	0.25
361	418	0.25
361	482	0.25
362	1307	0.25
362	1336	0.25
362	1480	0.25
364	482	0.25
364	622	0.25
364	1470	0.25
369	1504	0.12626907107951552
370	385	0.25
371	378	1.0
372	379	1.0
372	1059	0.25
373	380	1.0
373	1060	0.25
374	386	0.25
375	381	1.0
375	382	0.5
376	563	0.125
376	565	0.4082482904638631
376	752	0.25
376	756	0.25
377	564	0.25
377	566	0.25
377	753	0.25
377	757	0.25
379	1059	0.25
380	1060	0.25
381	382	0.5
383	388	0.25
386	930	0.10416668653488159
387	735	0.125
389	394	0.25
389	401	0.25
390	393	0.25
390	400	0.25
391	398	1.0
391	426	0.25
391	429	0.25
391	475	0.25
391	479	0.25
391	584	0.25
391	590	0.25
391	617	0.25
391	621	0.25
391	765	0.25
391	772	0.25
391	1475	0.2886751345948129
392	399	1.0
393	400	1.0
394	401	1.0
396	489	0.25
396	494	0.25
396	582	0.25
396	588	0.25
397	490	0.25
397	495	0.25
397	583	0.25
397	589	0.25
397	1592	0.25
398	426	0.25
398	429	0.25
398	475	0.25
398	479	0.25
398	584	0.25
398	590	0.25
398	617	0.25
398	621	0.25
398	765	0.25
398	772	0.25
398	1475	0.2886751345948129
412	416	1.0
413	417	1.0
414	427	0.25
414	1308	0.20412414523193154
414	1334	0.25
414	1344	0.25
414	1368	0.25
414	1425	0.25
414	1464	0.25
414	1492	0.25
414	1517	0.25
414	1522	0.25
414	1557	0.25
414	1562	0.25
414	1570	0.25
414	1578	0.20412414523193154
414	1584	0.25
414	1598	0.25
414	1642	0.20412414523193154
414	1650	0.20412414523193154
415	428	0.25
415	1309	0.20412414523193154
415	1335	0.25
415	1345	0.25
415	1369	0.25
415	1426	0.25
415	1465	0.25
415	1493	0.25
415	1518	0.25
415	1523	0.25
415	1558	0.25
415	1563	0.25
415	1571	0.25
415	1579	0.25
415	1585	0.25
415	1599	0.25
415	1643	0.20412414523193154
415	1651	0.20412414523193154
418	423	0.25
418	1327	0.25
418	1565	0.25
419	432	0.5
419	434	0.5
419	594	0.25
419	786	0.25
419	1311	0.25
419	1321	0.5
419	1330	0.25
419	1349	0.75
419	1364	0.5
419	1398	0.25
419	1429	0.25
419	1450	0.25
419	1513	0.5
419	1520	0.75
419	1526	0.5
419	1564	0.5
421	422	0.1547618806362152
423	1327	0.25
423	1476	0.25
423	1532	0.25
423	1596	0.25
423	1653	0.25
424	1475	0.2886751345948129
424	1572	0.25
424	1652	0.25
425	462	0.1071428507566452
425	467	0.1071428507566452
426	429	1.0
426	475	0.25
426	479	0.25
426	584	0.25
426	590	0.25
426	617	0.25
426	621	0.25
426	765	0.25
426	772	0.25
426	1475	0.2886751345948129
427	1308	0.20412414523193154
427	1334	0.25
427	1344	0.25
427	1368	0.25
427	1425	0.25
427	1464	0.25
427	1492	0.25
427	1517	0.25
427	1522	0.25
427	1557	0.25
427	1562	0.25
427	1570	0.25
427	1578	0.20412414523193154
427	1584	0.25
427	1598	0.25
427	1642	0.20412414523193154
427	1650	0.20412414523193154
428	1309	0.20412414523193154
428	1335	0.25
428	1345	0.25
428	1369	0.25
428	1426	0.25
428	1465	0.25
428	1493	0.25
428	1518	0.25
428	1523	0.25
428	1558	0.25
428	1563	0.25
428	1571	0.25
428	1579	0.25
428	1585	0.25
428	1599	0.25
428	1643	0.20412414523193154
428	1651	0.20412414523193154
429	475	0.25
429	479	0.25
429	584	0.25
429	590	0.25
429	617	0.25
429	621	0.25
429	765	0.25
429	772	0.25
429	1475	0.2886751345948129
432	434	0.5
432	594	0.25
432	786	0.25
432	1311	0.25
432	1321	0.5
432	1330	0.25
432	1349	0.5
432	1364	0.5
432	1398	0.25
432	1429	0.25
432	1450	0.25
432	1513	0.5
432	1520	0.5
432	1526	0.5
432	1564	0.5
434	594	0.25
434	786	0.25
434	1311	0.25
434	1321	0.5
434	1330	0.25
434	1349	0.5
434	1364	0.75
434	1398	0.25
434	1429	0.25
434	1450	0.25
434	1513	0.5
434	1520	0.5
434	1526	0.5
434	1564	0.5
435	439	0.35355339059327373
435	445	0.35355339059327373
435	719	0.35355339059327373
435	1154	0.35355339059327373
435	1170	0.35355339059327373
435	1240	0.35355339059327373
436	446	0.19230768084526062
436	720	0.25
437	443	0.25
438	702	0.25
438	714	0.25
439	445	0.5
439	853	0.25
439	909	0.25
439	926	0.25
439	1154	0.25
439	1170	0.25
439	1240	0.25
440	446	0.75
440	743	0.25
441	447	1.0
442	448	1.0
442	516	0.5
442	524	0.5
444	569	0.25
444	660	0.25
444	771	0.25
444	1309	0.20412414523193154
444	1485	0.20412414523193154
444	1579	0.25
444	1592	0.25
444	1599	0.25
444	1643	0.20412414523193154
444	1651	0.20412414523193154
445	701	0.25
445	709	0.25
445	853	0.25
445	909	0.25
445	926	0.25
445	1154	0.25
445	1170	0.25
445	1240	0.25
445	1577	0.2886751345948129
445	1591	0.2886751345948129
445	1597	0.25
446	743	0.25
446	854	0.25
446	910	0.25
446	927	0.25
448	516	0.5
448	524	0.5
449	456	0.125
449	746	0.25
450	747	0.5
451	683	0.25
452	536	0.1113404461719846
453	454	0.35355339059327373
454	514	0.1359820651999421
454	522	0.1359820651999421
458	536	0.10497277934472812
458	866	0.10803019097382016
460	465	0.5
460	544	0.12878787517547607
460	550	0.12878787517547607
460	1484	0.11664239825177541
461	466	0.75
461	490	0.25
461	495	0.25
461	545	0.25
461	551	0.25
461	583	0.25
461	589	0.25
461	753	0.25
461	757	0.25
462	467	1.0
463	468	1.0
463	865	0.1785714328289032
464	469	1.0
465	544	0.12878787517547607
465	550	0.12878787517547607
466	490	0.25
466	495	0.25
466	545	0.25
466	551	0.25
466	583	0.25
466	589	0.25
466	753	0.25
466	757	0.25
468	865	0.1785714328289032
471	614	0.23094011111712612
471	693	0.25
472	761	0.25
473	1544	0.35355339059327373
474	478	1.0
474	615	0.5
474	616	0.75
474	620	0.75
474	1441	0.25
474	1544	0.25
475	479	1.0
475	584	0.25
475	590	0.25
475	617	0.5
475	621	0.5
475	765	0.25
475	772	0.25
475	1370	0.25
475	1432	0.25
475	1475	0.2886751345948129
475	1527	0.25
476	618	0.75
476	633	0.25
476	770	0.25
476	1477	0.25
477	619	0.75
477	634	0.25
477	771	0.25
477	1478	0.20412414523193154
478	615	0.5
478	616	0.75
478	620	0.75
478	1441	0.25
478	1544	0.25
479	584	0.25
479	590	0.25
479	617	0.5
479	621	0.5
479	765	0.25
479	772	0.25
479	1370	0.25
479	1432	0.25
479	1475	0.2886751345948129
479	1527	0.25
480	1476	0.25
480	1609	0.25
481	905	0.1180555522441864
481	1066	0.25
481	1477	0.25
482	622	0.25
482	1470	0.25
483	1566	0.1736111044883728
486	873	0.1666666567325592
487	626	0.5
487	1450	0.25
488	587	0.14166668057441711
488	1590	0.10803019097382016
489	494	0.5
489	582	0.5
489	588	0.5
490	495	0.75
490	545	0.25
490	551	0.25
490	583	0.5
490	589	0.5
490	753	0.25
490	757	0.25
490	1592	0.25
491	496	1.0
492	497	1.0
492	509	0.10648147761821747
493	498	1.0
493	834	0.25
494	582	0.5
494	588	0.5
494	651	0.18519462212944496
495	545	0.25
495	551	0.25
495	583	0.5
495	589	0.5
495	753	0.25
495	757	0.25
495	1345	0.25
495	1518	0.25
495	1592	0.25
497	509	0.10648147761821747
498	834	0.25
509	511	0.1833239974785617
510	511	0.1094331752670508
513	932	0.25
513	1130	0.25
514	522	0.75
515	523	1.0
515	528	0.1285648731381767
515	1104	0.1818181872367859
515	1118	0.25
515	1267	0.11363635957241058
516	517	0.1093749850988388
516	524	1.0
516	525	0.1093749850988388
517	524	0.1093749850988388
517	525	1.0
517	1313	0.1111111044883728
517	1452	0.1041666567325592
518	526	1.0
518	1313	0.1111111044883728
519	527	0.5
520	522	0.1666666865348816
523	528	0.1285648731381767
523	1104	0.1818181872367859
523	1118	0.25
523	1267	0.11363635957241058
524	525	0.1093749850988388
525	1313	0.1111111044883728
525	1452	0.1041666567325592
526	1313	0.1111111044883728
528	913	0.1607060808860087
528	1104	0.35355339059327373
528	1163	0.35355339059327373
528	1302	0.35355339059327373
534	911	0.25
536	1344	0.1360827797102839
544	550	0.5
545	551	0.75
545	583	0.25
545	589	0.25
545	753	0.25
545	757	0.25
546	552	1.0
546	1136	0.25
547	553	1.0
547	1204	0.1285648731381767
548	554	1.0
549	555	1.0
551	583	0.25
551	589	0.25
551	753	0.25
551	757	0.25
552	1136	0.25
553	1204	0.1285648731381767
560	561	0.35355339059327373
561	567	0.75
562	568	1.0
562	755	0.1071428507566452
562	759	0.1071428507566452
562	853	0.25
562	909	0.25
562	1106	0.1354166567325592
562	1261	0.25
563	565	0.3061862178478973
563	567	0.1180555522441864
563	752	0.125
563	756	0.125
564	566	0.5
564	569	0.5
564	753	0.25
564	757	0.25
565	567	0.1445879321503691
565	752	0.4082482904638631
565	756	0.4082482904638631
566	753	0.25
566	757	0.25
568	755	0.1071428507566452
568	759	0.1071428507566452
568	853	0.25
568	909	0.25
568	1106	0.1354166567325592
568	1261	0.25
569	660	0.25
570	661	0.25
571	572	0.125
572	799	0.125
573	577	0.5
574	578	1.0
575	579	1.0
576	580	0.7071067811865475
576	901	0.1250000298023224
581	585	0.2525907427704613
581	591	0.2525907427704613
582	588	0.5
583	589	0.75
583	753	0.25
583	757	0.25
583	1592	0.25
584	590	1.0
584	617	0.25
584	621	0.25
584	765	0.25
584	772	0.25
584	1475	0.2886751345948129
585	591	1.0
585	609	0.21875
586	592	0.4038461446762085
586	605	0.20192307233810425
586	613	0.20192307233810425
587	593	0.25
587	604	0.25
587	1591	0.10584751723285754
588	603	0.25
589	753	0.25
589	757	0.25
589	1592	0.25
590	617	0.25
590	621	0.25
590	765	0.25
590	772	0.25
590	1475	0.2886751345948129
591	609	0.21875
593	604	0.25
593	612	0.25
594	702	0.10784316062927246
594	1321	0.25
594	1349	0.25
594	1364	0.25
594	1513	0.25
594	1520	0.25
594	1526	0.75
594	1564	0.25
596	1383	0.25
597	598	0.12121209502220154
597	1318	0.25
597	1322	0.25
597	1347	0.22499999403953552
597	1351	0.25
597	1372	0.25
597	1373	0.4082482904638631
597	1389	0.25
597	1457	0.22499999403953552
597	1471	0.5
597	1509	0.25
598	1323	0.25
598	1458	0.25
598	1471	0.1818181425333023
598	1474	0.5
599	600	0.1071428656578064
599	1459	0.25
599	1472	0.1071428656578064
599	1473	0.75
599	1510	0.25
600	1472	0.5
601	608	0.1617647111415863
604	612	0.25
605	613	0.25
614	693	0.23094011111712612
614	832	0.10362696521636094
614	1214	0.12246824256884949
615	616	0.5
615	620	0.5
615	1441	0.25
615	1544	0.25
616	620	1.0
616	1393	0.25
616	1441	0.25
616	1544	0.25
617	621	1.0
617	765	0.25
617	772	0.25
617	1370	0.25
617	1432	0.25
617	1475	0.2886751345948129
618	633	0.25
618	770	0.25
618	1477	0.25
619	634	0.25
619	771	0.25
619	1478	0.20412414523193154
620	1393	0.25
620	1441	0.25
620	1544	0.25
621	765	0.25
621	772	0.25
621	1370	0.25
621	1432	0.25
621	1475	0.2886751345948129
622	1470	0.25
625	1501	0.25
625	1540	0.25
626	1450	0.25
627	1624	0.25
628	763	0.4999999999999999
629	764	0.1666666666666667
630	635	0.75
630	763	0.35355339059327373
630	766	0.75
630	773	0.75
630	1328	0.5
630	1446	0.25
630	1554	0.5
630	1573	0.5
631	636	1.0
631	767	0.5
631	774	0.5
631	1329	0.5
631	1555	0.5
631	1574	0.5
632	637	1.0
632	1316	0.25
632	1370	0.25
632	1436	0.25
632	1480	0.25
632	1494	0.25
632	1524	0.25
632	1543	0.25
632	1545	0.25
632	1572	0.25
632	1593	0.25
632	1625	0.25
633	770	0.25
633	1477	0.25
634	771	0.25
634	1478	0.6123724356957946
635	763	0.35355339059327373
635	766	0.75
635	773	0.75
635	1328	0.5
635	1446	0.25
635	1476	0.25
635	1479	0.25
635	1554	0.5
635	1573	0.5
636	767	0.5
636	774	0.5
636	1329	0.5
636	1555	0.5
636	1574	0.5
637	1316	0.25
637	1370	0.25
637	1436	0.25
637	1480	0.25
637	1494	0.25
637	1524	0.25
637	1543	0.25
637	1545	0.25
637	1572	0.25
637	1593	0.25
637	1625	0.25
638	788	0.25
639	789	0.4999999701976776
640	790	0.25
641	779	0.5
647	784	0.25
647	788	0.25
647	886	0.10185186564922333
650	783	0.25
650	1574	0.125
658	659	0.10555553436279297
658	661	0.75
658	662	0.10555553436279297
659	661	0.10555553436279297
659	662	1.0
661	662	0.10555553436279297
665	672	0.25
665	677	0.25
665	693	0.25
665	956	0.25
665	1050	0.25
665	1070	0.25
668	908	0.25
668	930	0.10416668653488159
670	673	0.125
670	678	0.125
671	676	1.0
672	677	1.0
672	693	0.25
672	956	0.25
672	1050	0.25
672	1070	0.25
673	678	1.0
677	693	0.25
677	956	0.25
677	1050	0.25
677	1070	0.25
679	680	0.10185182094573975
682	686	0.2083333283662796
684	746	0.125
684	1452	0.119047611951828
690	742	0.15740740299224854
692	695	0.25
693	956	0.25
693	1050	0.25
693	1070	0.25
696	697	0.13746437602629774
696	698	0.12371790745218603
696	706	0.12371790745218603
696	739	0.2886751345948129
698	706	1.0
699	707	1.0
699	743	0.25
699	1278	0.10897436738014221
700	702	0.1388888657093048
700	708	1.0
700	904	0.1011904627084732
700	918	0.1011904627084732
700	923	0.1011904627084732
701	709	1.0
701	719	0.25
702	708	0.1388888657093048
702	859	0.1607142835855484
703	710	1.0
703	844	0.11363635957241058
703	1166	0.11363635957241058
703	1259	0.25
704	904	0.2023809254169464
707	743	0.25
707	1278	0.10897436738014221
708	904	0.1011904627084732
708	918	0.1011904627084732
708	923	0.1011904627084732
709	719	0.25
710	844	0.11363635957241058
710	1166	0.11363635957241058
710	1259	0.25
713	732	0.25
720	857	0.25
721	912	0.25
723	988	0.25
724	734	0.25
735	738	0.25
736	1051	0.10692215277215893
743	744	0.11458328366279602
744	746	0.12499997019767761
744	1402	0.109375
747	749	0.25
747	1312	0.10984846949577332
748	749	0.11538460850715637
751	760	0.35355339059327373
751	762	0.35355339059327373
752	756	0.5
753	757	0.75
754	758	1.0
755	759	1.0
755	853	0.1071428507566452
755	909	0.1071428507566452
755	1261	0.1071428507566452
759	853	0.1071428507566452
759	909	0.1071428507566452
759	1261	0.1071428507566452
760	762	0.25
763	766	0.35355339059327373
763	773	0.35355339059327373
763	1328	0.35355339059327373
763	1554	0.35355339059327373
763	1573	0.35355339059327373
764	767	0.2886751345948129
764	774	0.2886751345948129
765	772	0.75
765	1475	0.2886751345948129
766	773	1.0
766	1328	0.5
766	1446	0.25
766	1554	0.5
766	1573	0.5
767	774	1.0
767	1329	0.5
767	1555	0.5
767	1574	0.5
768	775	1.0
769	776	0.5
770	1477	0.25
771	1309	0.20412414523193154
771	1478	0.20412414523193154
771	1485	0.20412414523193154
771	1579	0.25
771	1592	0.25
771	1599	0.25
771	1643	0.20412414523193154
771	1651	0.20412414523193154
772	1307	0.25
772	1310	0.25
772	1333	0.25
772	1338	0.25
772	1343	0.2886751345948129
772	1367	0.25
772	1424	0.2886751345948129
772	1463	0.25
772	1475	0.2886751345948129
772	1483	0.25
772	1486	0.25
772	1491	0.25
772	1516	0.35355339059327373
772	1521	0.25
772	1556	0.25
772	1561	0.25
772	1569	0.2886751345948129
772	1583	0.2886751345948129
772	1641	0.25
772	1644	0.25
772	1649	0.25
772	1652	0.25
773	1328	0.5
773	1446	0.25
773	1554	0.5
773	1573	0.5
774	1329	0.5
774	1555	0.5
774	1574	0.5
783	784	0.5
783	1574	0.125
784	788	0.25
786	1311	0.25
786	1321	0.25
786	1330	0.5
786	1349	0.25
786	1364	0.25
786	1398	0.25
786	1429	0.25
786	1450	0.25
786	1513	0.25
786	1520	0.25
786	1526	0.25
786	1564	0.25
796	800	0.25
796	809	0.25
796	817	0.13636362552642822
796	819	0.13636362552642822
796	825	0.13636362552642822
799	810	0.25
800	809	0.5
800	817	0.13636362552642822
800	819	0.13636362552642822
800	825	0.13636362552642822
808	821	0.1262626200914383
809	817	0.13636362552642822
809	819	0.13636362552642822
809	825	0.13636362552642822
811	823	0.2321428507566452
812	875	0.25
812	885	0.25
814	1126	0.11538460850715637
817	819	0.25
817	825	0.25
818	858	0.10000000894069672
819	825	0.25
831	1212	0.10803021204724442
831	1484	0.1069167216147837
832	1214	0.10256411135196686
832	1494	0.1666666567325592
832	1527	0.1666666567325592
833	1389	0.15713483089771088
835	838	0.25
839	1373	0.12852260635588367
840	841	0.25
840	1271	0.25
843	1151	0.11785112317328315
844	1166	0.25
848	925	0.11363635957241058
849	1406	0.25
853	909	0.75
853	926	0.25
853	1261	0.25
854	910	0.25
854	927	0.25
854	1584	0.12179484963417053
865	866	0.125
875	885	0.25
880	881	0.13333332538604736
880	882	0.2666666507720947
881	882	0.26923078298568726
891	942	0.25
893	953	0.25
893	1171	0.152777761220932
893	1337	0.5
895	898	0.25
895	949	0.5
895	951	0.25
897	952	0.25
898	949	0.25
898	951	0.25
899	900	0.14742299107489562
899	901	0.2357022463465663
899	929	0.11785112317328315
899	987	0.11785112317328315
900	902	0.11102889130324388
900	927	0.11102889130324388
900	930	0.12028132902301052
900	986	0.11102889130324388
901	929	0.25
901	987	0.25
903	919	0.25
903	922	0.5
903	964	0.25
903	1261	0.25
904	918	0.25
904	923	0.25
905	1066	0.1180555522441864
906	909	0.25
909	926	0.25
909	1261	0.25
910	927	0.25
913	938	0.11363635957241058
913	1104	0.11363635957241058
913	1163	0.11363635957241058
913	1302	0.22727271914482117
918	923	0.25
918	959	0.25
919	922	0.25
919	960	0.1547618806362152
921	1415	0.25
922	960	0.1547618806362152
922	964	0.25
922	1261	0.25
923	1193	0.25
923	1256	0.25
927	986	0.25
928	989	0.25
929	987	0.25
931	938	0.25
931	1190	0.25
931	1203	0.35355339059327373
931	1236	0.25
931	1243	0.25
931	1253	0.35355339059327373
931	1409	0.25
932	1201	0.25
935	1099	0.25
935	1269	0.25
935	1405	0.25
935	1410	0.25
936	981	0.5
938	1190	0.25
938	1203	0.35355339059327373
938	1236	0.25
938	1243	0.25
938	1253	0.35355339059327373
938	1409	0.25
942	954	0.109375
943	1316	0.1666666567325592
943	1317	0.1666666567325592
943	1432	0.1666666567325592
943	1559	0.1666666567325592
944	1121	0.152777761220932
944	1575	0.25
949	951	0.25
953	1337	0.25
956	1050	0.25
956	1070	0.25
963	1484	0.1275775907699572
964	1261	0.25
980	1093	0.25
980	1159	0.25
980	1182	0.25
980	1195	0.25
980	1248	0.25
980	1249	0.25
980	1251	0.25
980	1302	0.25
980	1306	0.25
984	1200	0.25
984	1274	0.25
991	997	0.25
991	1008	0.25
991	1011	0.25
992	994	0.2083333283662796
994	1015	0.1130952537059784
997	1008	0.25
997	1011	0.5
998	1002	0.25
1003	1061	0.1145833283662796
1007	1068	0.16204529699744238
1008	1011	0.25
1025	1027	0.25
1025	1029	0.25
1026	1028	0.25
1026	1030	0.25
1027	1029	0.25
1028	1030	0.25
1031	1218	0.1666666567325592
1036	1484	0.11907240182963051
1040	1041	0.7071067811865475
1040	1108	0.1285648731381767
1040	1159	0.1285648731381767
1040	1238	0.1285648731381767
1041	1042	0.25
1041	1151	0.35355339059327373
1041	1152	0.1195652186870575
1041	1648	0.11111113429069519
1042	1152	0.1195652186870575
1043	1044	0.75
1043	1115	0.25
1044	1074	0.11363635957241058
1044	1115	0.25
1048	1104	0.25
1048	1114	0.25
1049	1588	0.25
1050	1070	0.25
1052	1058	0.25
1053	1059	0.25
1069	1083	0.1285648731381767
1070	1125	0.25
1071	1180	0.25
1071	1224	0.1607060808860087
1071	1225	0.25
1072	1180	0.25
1074	1230	0.11363635957241058
1074	1232	0.11363635957241058
1080	1152	0.1195652186870575
1086	1087	0.75
1086	1201	0.25
1087	1201	0.25
1090	1094	0.25
1090	1096	0.25
1090	1100	0.25
1091	1099	0.25
1091	1110	0.5
1093	1097	0.25
1093	1099	0.25
1093	1159	0.25
1093	1182	0.25
1093	1195	0.25
1093	1248	0.25
1093	1249	0.25
1093	1251	0.25
1093	1302	0.25
1093	1306	0.25
1094	1096	0.25
1094	1100	0.25
1094	1421	0.11666667461395264
1096	1098	0.25
1096	1100	0.25
1097	1099	0.25
1098	1100	0.25
1099	1269	0.25
1099	1405	0.25
1099	1410	0.25
1104	1114	0.25
1104	1163	0.25
1104	1201	0.25
1104	1302	0.25
1104	1409	0.25
1108	1159	0.25
1108	1238	0.25
1111	1113	0.5
1114	1405	0.25
1115	1280	0.25
1118	1267	0.11363635957241058
1120	1239	0.1130952388048172
1123	1560	0.25
1127	1404	0.25
1151	1152	0.16909075385534172
1154	1170	0.25
1154	1191	0.25
1154	1240	0.25
1158	1175	0.15000000596046448
1159	1182	0.25
1159	1195	0.25
1159	1238	0.25
1159	1248	0.25
1159	1249	0.25
1159	1251	0.25
1159	1302	0.25
1159	1306	0.25
1163	1302	0.25
1168	1192	0.11363635957241058
1168	1227	0.11363635957241058
1168	1234	0.11363635957241058
1168	1248	0.11363635957241058
1168	1249	0.11363635957241058
1169	1170	0.5
1169	1233	0.25
1170	1240	0.25
1171	1337	0.152777761220932
1172	1185	0.1607060808860087
1172	1226	0.25
1182	1195	0.25
1182	1248	0.25
1182	1249	0.25
1182	1251	0.25
1182	1302	0.25
1182	1306	0.25
1185	1226	0.1607060808860087
1186	1187	0.35355339059327373
1189	1197	0.25
1189	1229	0.25
1190	1203	0.35355339059327373
1190	1236	0.25
1190	1243	0.25
1190	1253	0.35355339059327373
1190	1409	0.25
1191	1192	0.11666664481163025
1191	1240	0.5
1192	1227	0.25
1193	1256	0.25
1194	1250	0.5
1195	1196	0.25
1195	1248	0.25
1195	1249	0.25
1195	1251	0.25
1195	1302	0.25
1195	1306	0.25
1197	1229	0.25
1200	1238	0.25
1200	1242	0.25
1200	1274	0.25
1201	1409	0.25
1202	1227	0.25
1202	1252	0.5
1202	1269	0.25
1202	1306	0.25
1203	1236	0.35355339059327373
1203	1243	0.35355339059327373
1203	1253	0.9999999999999998
1203	1409	0.35355339059327373
1205	1220	0.25
1213	1223	0.2142857164144516
1216	1217	0.1111111044883728
1217	1219	0.1111111044883728
1224	1225	0.3214121617720174
1224	1235	0.10101524843424271
1230	1232	0.5
1230	1238	0.25
1233	1234	0.17499996721744537
1234	1248	0.25
1234	1249	0.25
1236	1243	0.25
1236	1253	0.35355339059327373
1236	1409	0.25
1243	1253	0.35355339059327373
1243	1409	0.25
1244	1245	0.2222222089767456
1246	1410	0.25
1248	1249	0.5
1248	1251	0.25
1248	1302	0.25
1248	1306	0.25
1249	1251	0.25
1249	1302	0.25
1249	1306	0.25
1249	1409	0.25
1251	1302	0.25
1251	1306	0.5
1252	1269	0.25
1252	1306	0.25
1253	1409	0.35355339059327373
1258	1259	0.11363635957241058
1263	1264	0.13333332538604736
1266	1280	0.25
1269	1286	0.25
1269	1306	0.25
1269	1405	0.25
1269	1410	0.25
1274	1275	0.11666664481163025
1277	1287	0.25
1279	1332	0.5
1279	1394	0.5
1279	1427	0.5
1279	1433	0.5
1279	1435	0.5
1279	1466	0.5
1279	1481	0.5
1279	1487	0.5
1279	1594	0.5
1279	1605	0.5
1279	1630	0.25
1279	1646	0.5
1289	1298	0.25
1289	1416	0.1428571343421936
1290	1291	0.1458333432674408
1294	1376	0.1818181872367859
1302	1306	0.25
1307	1310	0.75
1307	1316	0.25
1307	1333	0.5
1307	1336	0.25
1307	1338	0.25
1307	1343	0.5773502691896258
1307	1367	0.5
1307	1424	0.5773502691896258
1307	1463	0.5
1307	1483	0.25
1307	1486	0.25
1307	1491	0.5
1307	1516	0.7071067811865475
1307	1521	0.5
1307	1556	0.5
1307	1561	0.5
1307	1569	0.5773502691896258
1307	1577	0.15396006260716483
1307	1583	0.5773502691896258
1307	1597	0.13333332538604736
1307	1641	0.5
1307	1644	0.5
1307	1649	0.5
1307	1652	0.5
1308	1334	0.8164965809277261
1308	1339	0.1632993064521475
1308	1344	0.8164965809277261
1308	1368	0.8164965809277261
1308	1425	0.8164965809277261
1308	1464	0.8164965809277261
1308	1484	0.10000002384185794
1308	1492	0.8164965809277261
1308	1517	0.8164965809277261
1308	1522	0.8164965809277261
1308	1557	0.8164965809277261
1308	1562	0.8164965809277261
1308	1570	0.8164965809277261
1308	1578	0.5000000000000001
1308	1584	0.8164965809277261
1308	1598	0.6123724356957946
1308	1642	1.0000000000000002
1308	1650	1.0000000000000002
1309	1335	0.6123724356957946
1309	1340	0.4082482904638631
1309	1345	0.6123724356957946
1309	1361	0.12247447983911061
1309	1369	0.6123724356957946
1309	1426	0.6123724356957946
1309	1465	0.6123724356957946
1309	1485	0.8333333333333336
1309	1493	0.6123724356957946
1309	1518	0.6123724356957946
1309	1523	0.6123724356957946
1309	1558	0.6123724356957946
1309	1563	0.6123724356957946
1309	1571	0.6123724356957946
1309	1579	0.4082482904638631
1309	1585	0.6123724356957946
1309	1592	0.20412414523193154
1309	1599	0.4082482904638631
1309	1643	1.0000000000000002
1309	1651	1.0000000000000002
1310	1316	0.25
1310	1333	0.5
1310	1338	0.25
1310	1343	0.5773502691896258
1310	1367	0.5
1310	1424	0.5773502691896258
1310	1463	0.5
1310	1483	0.25
1310	1486	0.25
1310	1491	0.5
1310	1516	0.7071067811865475
1310	1521	0.5
1310	1556	0.5
1310	1561	0.5
1310	1569	0.5773502691896258
1310	1577	0.15396006260716483
1310	1583	0.5773502691896258
1310	1597	0.13333332538604736
1310	1641	0.5
1310	1644	0.5
1310	1649	0.5
1310	1652	0.5
1311	1321	0.25
1311	1330	0.25
1311	1349	0.25
1311	1364	0.25
1311	1398	0.25
1311	1429	0.25
1311	1450	0.25
1311	1513	0.25
1311	1520	0.25
1311	1526	0.25
1311	1564	0.25
1313	1342	0.25
1313	1373	0.20412414523193154
1313	1374	0.25
1313	1528	0.25
1316	1317	0.25
1316	1336	0.25
1316	1370	0.25
1316	1377	0.25
1316	1432	0.25
1316	1436	0.25
1316	1480	0.25
1316	1494	0.25
1316	1524	0.25
1316	1543	0.25
1316	1545	0.25
1316	1559	0.25
1316	1572	0.25
1316	1593	0.25
1316	1625	0.25
1317	1336	0.25
1317	1432	0.25
1317	1559	0.25
1318	1347	0.22499999403953552
1318	1351	0.25
1318	1372	0.25
1318	1373	0.4082482904638631
1318	1389	0.25
1318	1457	0.22499999403953552
1321	1330	0.25
1321	1349	0.5
1321	1364	0.5
1321	1398	0.25
1321	1429	0.25
1321	1450	0.25
1321	1513	0.5
1321	1520	0.5
1321	1526	0.5
1321	1564	0.5
1322	1323	0.12121209502220154
1323	1458	0.25
1327	1434	0.25
1327	1525	0.2886751345948129
1327	1544	0.25
1328	1446	0.25
1328	1554	0.5
1328	1573	0.5
1329	1555	0.5
1329	1574	0.5
1330	1349	0.25
1330	1364	0.25
1330	1398	0.25
1330	1429	0.25
1330	1450	0.25
1330	1513	0.25
1330	1520	0.25
1330	1526	0.25
1330	1564	0.25
1332	1394	0.5
1332	1427	0.5
1332	1433	0.5
1332	1435	0.5
1332	1466	0.5
1332	1481	0.5
1332	1487	0.5
1332	1594	0.5
1332	1605	0.5
1332	1630	0.25
1332	1646	0.5
1333	1338	0.25
1333	1343	0.5773502691896258
1333	1367	0.5
1333	1424	0.5773502691896258
1333	1463	0.5
1333	1483	0.25
1333	1486	0.25
1333	1491	0.5
1333	1516	0.7071067811865475
1333	1521	0.5
1333	1556	0.5
1333	1561	0.5
1333	1569	0.5773502691896258
1333	1577	0.15396006260716483
1333	1583	0.5773502691896258
1333	1597	0.13333332538604736
1333	1641	0.5
1333	1644	0.5
1333	1649	0.5
1333	1652	0.5
1334	1339	0.14999999105930328
1334	1344	0.75
1334	1368	0.75
1334	1425	0.75
1334	1464	0.75
1334	1492	0.75
1334	1517	0.75
1334	1522	0.75
1334	1557	0.75
1334	1562	0.75
1334	1570	0.75
1334	1578	0.4082482904638631
1334	1584	0.75
1334	1598	0.5
1334	1642	0.8164965809277261
1334	1650	0.8164965809277261
1335	1340	0.25
1335	1345	0.5
1335	1369	0.5
1335	1426	0.5
1335	1465	0.5
1335	1485	0.4082482904638631
1335	1493	0.5
1335	1518	0.5
1335	1523	0.5
1335	1558	0.5
1335	1563	0.5
1335	1571	0.5
1335	1579	0.25
1335	1585	0.5
1335	1599	0.25
1335	1643	0.6123724356957946
1335	1651	0.6123724356957946
1336	1377	0.25
1338	1341	0.5
1338	1343	0.5773502691896258
1338	1348	0.25
1338	1362	0.25
1338	1367	0.25
1338	1392	0.25
1338	1424	0.2886751345948129
1338	1463	0.25
1338	1483	0.25
1338	1486	0.25
1338	1491	0.25
1338	1516	0.35355339059327373
1338	1521	0.25
1338	1556	0.25
1338	1561	0.25
1338	1567	0.25
1338	1569	0.2886751345948129
1338	1583	0.2886751345948129
1338	1600	0.25
1338	1636	0.25
1338	1641	0.25
1338	1644	0.25
1338	1649	0.5
1338	1652	0.25
1339	1344	0.14999999105930328
1339	1368	0.14999999105930328
1339	1425	0.14999999105930328
1339	1464	0.14999999105930328
1339	1492	0.14999999105930328
1339	1517	0.14999999105930328
1339	1522	0.14999999105930328
1339	1557	0.14999999105930328
1339	1562	0.14999999105930328
1339	1570	0.14999999105930328
1339	1584	0.14999999105930328
1339	1642	0.1632993064521475
1339	1650	0.1632993064521475
1340	1345	0.25
1340	1369	0.25
1340	1426	0.25
1340	1465	0.25
1340	1485	0.4082482904638631
1340	1493	0.25
1340	1518	0.25
1340	1523	0.25
1340	1558	0.25
1340	1563	0.25
1340	1571	0.25
1340	1585	0.25
1340	1643	0.4082482904638631
1340	1651	0.4082482904638631
1341	1343	0.2886751345948129
1341	1348	0.25
1341	1362	0.25
1341	1392	0.25
1341	1486	0.25
1341	1567	0.25
1341	1600	0.25
1341	1636	0.25
1341	1649	0.25
1342	1373	0.20412414523193154
1342	1374	0.5
1342	1528	0.5
1343	1348	0.2886751345948129
1343	1362	0.2886751345948129
1343	1367	0.5773502691896258
1343	1392	0.2886751345948129
1343	1424	0.6666666666666669
1343	1463	0.5773502691896258
1343	1483	0.2886751345948129
1343	1486	0.2886751345948129
1343	1491	0.5773502691896258
1343	1516	0.816496580927726
1343	1521	0.5773502691896258
1343	1556	0.5773502691896258
1343	1561	0.5773502691896258
1343	1567	0.2886751345948129
1343	1569	0.6666666666666669
1343	1577	0.17777776718139654
1343	1583	0.6666666666666669
1343	1597	0.15396006260716483
1343	1600	0.2886751345948129
1343	1636	0.2886751345948129
1343	1641	0.5773502691896258
1343	1644	0.5773502691896258
1343	1649	0.8660254037844388
1343	1652	0.5773502691896258
1344	1368	0.75
1344	1425	0.75
1344	1464	0.75
1344	1492	0.75
1344	1517	0.75
1344	1522	0.75
1344	1557	0.75
1344	1562	0.75
1344	1570	0.75
1344	1578	0.4082482904638631
1344	1584	0.75
1344	1598	0.5
1344	1642	0.8164965809277261
1344	1650	0.8164965809277261
1345	1369	0.5
1345	1426	0.5
1345	1465	0.5
1345	1485	0.4082482904638631
1345	1493	0.5
1345	1518	0.75
1345	1523	0.5
1345	1558	0.5
1345	1563	0.5
1345	1571	0.5
1345	1579	0.25
1345	1585	0.5
1345	1599	0.25
1345	1643	0.6123724356957946
1345	1651	0.6123724356957946
1347	1351	0.22499999403953552
1347	1372	0.22499999403953552
1347	1373	0.367423451684079
1347	1389	0.22499999403953552
1347	1457	0.25
1348	1362	0.25
1348	1392	0.25
1348	1567	0.25
1348	1600	0.25
1348	1636	0.25
1348	1649	0.25
1349	1364	0.5
1349	1398	0.25
1349	1429	0.25
1349	1450	0.25
1349	1513	0.5
1349	1520	0.5
1349	1526	0.5
1349	1564	0.5
1351	1372	0.25
1351	1373	0.4082482904638631
1351	1389	0.25
1351	1457	0.22499999403953552
1358	1488	0.2142857164144516
1361	1484	0.1190724018296305
1361	1485	0.12247447983911061
1361	1643	0.12247447983911061
1361	1651	0.12247447983911061
1362	1392	0.25
1362	1567	0.25
1362	1600	0.25
1362	1636	0.25
1362	1649	0.25
1363	1479	0.25
1363	1495	0.25
1363	1532	0.25
1364	1398	0.25
1364	1429	0.25
1364	1450	0.25
1364	1513	0.5
1364	1520	0.5
1364	1526	0.5
1364	1564	0.5
1365	1540	0.25
1367	1424	0.5773502691896258
1367	1463	0.5
1367	1483	0.25
1367	1486	0.25
1367	1491	0.5
1367	1516	0.7071067811865475
1367	1521	0.5
1367	1556	0.5
1367	1561	0.5
1367	1569	0.5773502691896258
1367	1577	0.15396006260716483
1367	1583	0.5773502691896258
1367	1597	0.13333332538604736
1367	1641	0.5
1367	1644	0.5
1367	1649	0.5
1367	1652	0.5
1368	1425	0.75
1368	1464	0.75
1368	1492	1.0
1368	1517	0.75
1368	1522	1.0
1368	1557	0.75
1368	1562	0.75
1368	1570	1.0
1368	1578	0.4082482904638631
1368	1584	0.75
1368	1598	0.5
1368	1642	0.8164965809277261
1368	1650	0.8164965809277261
1369	1426	0.5
1369	1465	0.5
1369	1485	0.4082482904638631
1369	1493	1.0
1369	1518	0.5
1369	1523	1.0
1369	1558	0.5
1369	1563	0.5
1369	1571	1.0
1369	1579	0.25
1369	1585	0.5
1369	1592	0.5
1369	1599	0.25
1369	1643	0.6123724356957946
1369	1651	0.6123724356957946
1370	1432	0.25
1370	1436	0.25
1370	1480	0.5
1370	1494	0.5
1370	1524	0.5
1370	1543	0.25
1370	1545	0.25
1370	1572	0.5
1370	1593	0.5
1370	1625	0.25
1372	1373	0.4082482904638631
1372	1389	0.25
1372	1457	0.22499999403953552
1373	1374	0.20412414523193154
1373	1389	0.4082482904638631
1373	1457	0.367423451684079
1373	1528	0.20412414523193154
1374	1528	0.5
1379	1438	0.25
1381	1505	0.5
1383	1489	0.25
1389	1457	0.22499999403953552
1389	1500	0.25
1392	1567	0.25
1392	1600	0.25
1392	1636	0.25
1392	1649	0.25
1393	1453	0.25
1393	1550	0.25
1393	1634	0.25
1394	1427	0.5
1394	1433	0.5
1394	1435	0.5
1394	1466	0.5
1394	1481	0.5
1394	1487	0.5
1394	1594	0.5
1394	1605	0.5
1394	1630	0.25
1394	1646	0.5
1395	1632	0.25
1395	1633	0.25
1395	1637	0.25
1397	1631	0.25
1398	1429	0.25
1398	1450	0.25
1398	1513	0.25
1398	1520	0.25
1398	1526	0.25
1398	1564	0.25
1405	1410	0.25
1423	1466	0.11785112317328315
1423	1590	0.4999999999999999
1424	1463	0.5773502691896258
1424	1467	0.2886751345948129
1424	1483	0.2886751345948129
1424	1486	0.2886751345948129
1424	1491	0.5773502691896258
1424	1516	0.816496580927726
1424	1521	0.5773502691896258
1424	1556	0.5773502691896258
1424	1561	0.5773502691896258
1424	1569	0.6666666666666669
1424	1577	0.17777776718139654
1424	1583	0.6666666666666669
1424	1591	0.17777776718139654
1424	1597	0.15396006260716483
1424	1641	0.5773502691896258
1424	1644	0.5773502691896258
1424	1649	0.5773502691896258
1424	1652	0.5773502691896258
1425	1464	1.0
1425	1492	0.75
1425	1517	0.75
1425	1522	0.75
1425	1557	0.75
1425	1562	0.75
1425	1570	0.75
1425	1578	0.4082482904638631
1425	1584	0.75
1425	1598	0.5
1425	1642	0.8164965809277261
1425	1650	0.8164965809277261
1426	1465	1.0
1426	1485	0.4082482904638631
1426	1493	0.5
1426	1518	0.5
1426	1523	0.5
1426	1558	0.5
1426	1563	0.5
1426	1571	0.5
1426	1579	0.5
1426	1585	0.5
1426	1599	0.25
1426	1643	0.6123724356957946
1426	1651	0.6123724356957946
1427	1433	0.5
1427	1435	0.5
1427	1466	0.5
1427	1481	0.5
1427	1487	0.5
1427	1594	0.5
1427	1605	0.5
1427	1630	0.25
1427	1646	0.5
1428	1436	0.25
1429	1450	0.25
1429	1513	0.25
1429	1520	0.25
1429	1526	0.25
1429	1564	0.25
1432	1559	0.25
1433	1435	0.5
1433	1466	0.5
1433	1481	0.5
1433	1487	0.5
1433	1594	0.5
1433	1605	0.5
1433	1630	0.25
1433	1646	0.5
1434	1525	0.2886751345948129
1434	1544	0.25
1434	1632	0.25
1434	1633	0.25
1435	1466	0.5
1435	1481	0.5
1435	1487	0.5
1435	1594	0.5
1435	1605	0.5
1435	1630	0.25
1435	1646	0.5
1436	1480	0.25
1436	1494	0.25
1436	1524	0.25
1436	1543	0.25
1436	1545	0.25
1436	1572	0.25
1436	1593	0.25
1436	1625	0.25
1440	1443	0.25
1440	1469	0.5
1441	1451	0.25
1441	1468	0.25
1441	1479	0.25
1441	1495	0.25
1441	1506	0.25
1441	1544	0.25
1441	1582	0.25
1441	1627	0.25
1442	1568	0.35355339059327373
1443	1469	0.25
1443	1595	0.25
1446	1554	0.25
1446	1573	0.25
1450	1513	0.25
1450	1520	0.25
1450	1526	0.25
1450	1564	0.25
1451	1468	0.25
1451	1479	0.25
1451	1495	0.25
1451	1506	0.25
1451	1582	0.25
1451	1627	0.25
1453	1546	0.25
1453	1550	0.25
1453	1602	0.25
1453	1634	0.25
1458	1474	0.25
1459	1473	0.25
1460	1535	0.25
1460	1629	0.25
1462	1482	0.9999999999999998
1463	1467	0.25
1463	1483	0.75
1463	1486	0.25
1463	1491	0.5
1463	1516	0.7071067811865475
1463	1521	0.5
1463	1556	0.5
1463	1561	0.5
1463	1569	0.5773502691896258
1463	1577	0.15396006260716483
1463	1583	0.5773502691896258
1463	1597	0.13333332538604736
1463	1641	0.5
1463	1644	0.5
1463	1649	0.5
1463	1652	0.5
1464	1492	0.75
1464	1517	0.75
1464	1522	0.75
1464	1557	0.75
1464	1562	0.75
1464	1570	0.75
1464	1578	0.4082482904638631
1464	1584	0.75
1464	1598	0.5
1464	1642	0.8164965809277261
1464	1650	0.8164965809277261
1465	1485	0.4082482904638631
1465	1493	0.5
1465	1518	0.5
1465	1523	0.5
1465	1558	0.5
1465	1563	0.5
1465	1571	0.5
1465	1579	0.5
1465	1585	0.5
1465	1599	0.25
1465	1643	0.6123724356957946
1465	1651	0.6123724356957946
1466	1481	0.75
1466	1487	0.75
1466	1590	0.11785112317328315
1466	1594	0.5
1466	1605	0.5
1466	1630	0.25
1466	1646	0.5
1467	1483	0.25
1468	1479	0.25
1468	1495	0.25
1468	1506	0.25
1468	1542	0.35355339059327373
1468	1582	0.25
1468	1627	0.25
1471	1474	0.12121209502220154
1471	1509	0.25
1472	1473	0.1071428656578064
1473	1510	0.25
1475	1572	0.2886751345948129
1475	1652	0.2886751345948129
1476	1479	0.25
1476	1609	0.25
1476	1653	0.25
1477	1478	0.10206208478271293
1479	1495	0.5
1479	1506	0.25
1479	1532	0.25
1479	1582	0.25
1479	1627	0.25
1480	1494	0.5
1480	1524	0.5
1480	1543	0.25
1480	1545	0.25
1480	1572	0.5
1480	1593	0.5
1480	1625	0.25
1481	1487	0.75
1481	1594	0.5
1481	1605	0.5
1481	1630	0.25
1481	1646	0.5
1483	1486	0.5
1483	1491	0.25
1483	1516	0.35355339059327373
1483	1521	0.25
1483	1556	0.25
1483	1561	0.25
1483	1569	0.2886751345948129
1483	1583	0.2886751345948129
1483	1641	0.25
1483	1644	0.25
1483	1649	0.25
1483	1652	0.25
1484	1642	0.10000002384185794
1484	1650	0.10000002384185794
1485	1493	0.4082482904638631
1485	1518	0.4082482904638631
1485	1523	0.4082482904638631
1485	1558	0.4082482904638631
1485	1563	0.4082482904638631
1485	1571	0.4082482904638631
1485	1579	0.20412414523193154
1485	1585	0.4082482904638631
1485	1592	0.20412414523193154
1485	1599	0.20412414523193154
1485	1643	0.8333333333333336
1485	1651	0.8333333333333336
1486	1491	0.25
1486	1516	0.35355339059327373
1486	1521	0.25
1486	1556	0.25
1486	1561	0.25
1486	1569	0.2886751345948129
1486	1583	0.2886751345948129
1486	1641	0.25
1486	1644	0.25
1486	1649	0.25
1486	1652	0.25
1487	1594	0.5
1487	1605	0.5
1487	1630	0.25
1487	1646	0.5
1490	1601	0.35355339059327373
1491	1516	0.7071067811865475
1491	1521	0.5
1491	1556	0.5
1491	1561	0.5
1491	1569	0.5773502691896258
1491	1577	0.15396006260716483
1491	1583	0.5773502691896258
1491	1597	0.13333332538604736
1491	1641	0.5
1491	1644	0.5
1491	1649	0.5
1491	1652	0.5
1492	1517	0.75
1492	1522	1.0
1492	1557	0.75
1492	1562	0.75
1492	1570	1.0
1492	1578	0.4082482904638631
1492	1584	0.75
1492	1598	0.5
1492	1642	0.8164965809277261
1492	1650	0.8164965809277261
1493	1518	0.5
1493	1523	1.0
1493	1558	0.5
1493	1563	0.5
1493	1571	1.0
1493	1579	0.25
1493	1585	0.5
1493	1592	0.5
1493	1599	0.25
1493	1643	0.6123724356957946
1493	1651	0.6123724356957946
1494	1524	0.5
1494	1527	0.25
1494	1543	0.25
1494	1545	0.25
1494	1572	0.5
1494	1593	0.5
1494	1625	0.25
1495	1506	0.25
1495	1532	0.25
1495	1582	0.25
1495	1627	0.25
1497	1498	0.5
1497	1649	0.25
1498	1524	0.5
1501	1540	0.25
1501	1546	0.5
1501	1565	0.5
1501	1602	0.5
1502	1547	0.5
1502	1566	0.5
1502	1603	0.5
1506	1582	0.25
1506	1627	0.25
1513	1520	0.5
1513	1526	0.5
1513	1564	0.5
1514	1515	0.5
1516	1521	0.7071067811865475
1516	1556	0.7071067811865475
1516	1561	0.7071067811865475
1516	1569	0.816496580927726
1516	1577	0.2177324086028633
1516	1583	0.816496580927726
1516	1591	0.10886620430143165
1516	1597	0.18856179707725304
1516	1641	0.7071067811865475
1516	1644	0.7071067811865475
1516	1649	0.7071067811865475
1516	1652	0.7071067811865475
1517	1522	0.75
1517	1557	0.75
1517	1562	0.75
1517	1570	0.75
1517	1578	0.4082482904638631
1517	1584	0.75
1517	1598	0.5
1517	1642	0.8164965809277261
1517	1650	0.8164965809277261
1518	1523	0.5
1518	1558	0.5
1518	1563	0.5
1518	1571	0.5
1518	1579	0.25
1518	1585	0.5
1518	1599	0.25
1518	1643	0.6123724356957946
1518	1651	0.6123724356957946
1519	1567	0.25
1520	1526	0.5
1520	1564	0.5
1521	1556	0.5
1521	1561	0.5
1521	1569	0.5773502691896258
1521	1577	0.15396006260716483
1521	1583	0.5773502691896258
1521	1597	0.13333332538604736
1521	1641	0.5
1521	1644	0.5
1521	1649	0.5
1521	1652	0.5
1522	1557	0.75
1522	1562	0.75
1522	1570	1.0
1522	1578	0.4082482904638631
1522	1584	0.75
1522	1598	0.5
1522	1642	0.8164965809277261
1522	1650	0.8164965809277261
1523	1558	0.5
1523	1563	0.5
1523	1571	1.0
1523	1579	0.25
1523	1585	0.5
1523	1592	0.5
1523	1599	0.25
1523	1643	0.6123724356957946
1523	1651	0.6123724356957946
1524	1543	0.25
1524	1545	0.25
1524	1572	0.5
1524	1593	0.5
1524	1625	0.25
1525	1544	0.2886751345948129
1526	1564	0.5
1529	1538	0.2291666716337204
1532	1596	0.25
1534	1628	0.4583333432674408
1535	1629	0.25
1541	1637	0.25
1543	1545	0.25
1543	1572	0.25
1543	1593	0.25
1543	1625	0.25
1545	1572	0.25
1545	1593	0.25
1545	1625	0.25
1546	1565	0.5
1546	1602	0.75
1547	1566	0.5
1547	1603	0.5
1548	1596	0.25
1549	1566	0.125
1550	1634	0.25
1554	1573	0.5
1555	1574	0.5
1556	1561	0.5
1556	1569	0.5773502691896258
1556	1577	0.15396006260716483
1556	1583	0.5773502691896258
1556	1597	0.13333332538604736
1556	1641	0.5
1556	1644	0.5
1556	1649	0.5
1556	1652	0.5
1557	1562	0.75
1557	1570	0.75
1557	1578	0.4082482904638631
1557	1584	0.75
1557	1598	0.5
1557	1642	0.8164965809277261
1557	1650	0.8164965809277261
1558	1563	0.5
1558	1571	0.5
1558	1579	0.25
1558	1585	0.5
1558	1599	0.25
1558	1643	0.6123724356957946
1558	1651	0.6123724356957946
1561	1569	0.5773502691896258
1561	1577	0.15396006260716483
1561	1583	0.5773502691896258
1561	1597	0.13333332538604736
1561	1641	0.5
1561	1644	0.5
1561	1649	0.5
1561	1652	0.5
1562	1570	0.75
1562	1578	0.4082482904638631
1562	1584	0.75
1562	1598	0.5
1562	1642	0.8164965809277261
1562	1650	0.8164965809277261
1563	1571	0.5
1563	1579	0.25
1563	1585	0.5
1563	1599	0.25
1563	1643	0.6123724356957946
1563	1651	0.6123724356957946
1565	1602	0.5
1566	1603	0.5
1567	1600	0.25
1567	1636	0.25
1567	1649	0.25
1569	1577	0.17777776718139654
1569	1583	0.6666666666666669
1569	1597	0.15396006260716483
1569	1641	0.5773502691896258
1569	1644	0.5773502691896258
1569	1649	0.5773502691896258
1569	1652	0.5773502691896258
1570	1578	0.4082482904638631
1570	1584	0.75
1570	1598	0.5
1570	1642	0.8164965809277261
1570	1650	0.8164965809277261
1571	1579	0.25
1571	1585	0.5
1571	1592	0.5
1571	1599	0.25
1571	1643	0.6123724356957946
1571	1651	0.6123724356957946
1572	1593	0.5
1572	1625	0.25
1572	1652	0.25
1577	1583	0.17777776718139654
1577	1591	0.3333333333333334
1577	1597	0.5773502691896258
1577	1641	0.15396006260716483
1577	1644	0.15396006260716483
1577	1649	0.15396006260716483
1577	1652	0.15396006260716483
1578	1584	0.4082482904638631
1578	1598	0.4082482904638631
1578	1642	0.5000000000000001
1578	1650	0.5000000000000001
1579	1585	0.25
1579	1592	0.25
1579	1599	0.5
1579	1643	0.4082482904638631
1579	1651	0.4082482904638631
1580	1586	0.25
1580	1608	0.25
1582	1604	0.25
1582	1627	0.25
1583	1597	0.15396006260716483
1583	1641	0.5773502691896258
1583	1644	0.5773502691896258
1583	1649	0.5773502691896258
1583	1652	0.5773502691896258
1584	1598	0.5
1584	1642	0.8164965809277261
1584	1650	0.8164965809277261
1585	1599	0.25
1585	1643	0.6123724356957946
1585	1651	0.6123724356957946
1586	1600	0.25
1591	1597	0.2886751345948129
1592	1599	0.25
1592	1643	0.20412414523193154
1592	1651	0.20412414523193154
1593	1625	0.5
1594	1605	0.5
1594	1630	0.25
1594	1646	0.5
1597	1641	0.13333332538604736
1597	1644	0.13333332538604736
1597	1649	0.13333332538604736
1597	1652	0.13333332538604736
1598	1642	0.6123724356957946
1598	1650	0.6123724356957946
1599	1643	0.4082482904638631
1599	1651	0.4082482904638631
1600	1636	0.25
1600	1649	0.25
1605	1630	0.25
1605	1646	0.5
1606	1607	0.7071067811865475
1607	1611	0.25
1607	1619	0.25
1609	1610	0.5
1609	1622	0.25
1609	1623	0.25
1609	1637	0.25
1609	1653	0.25
1610	1622	0.25
1610	1623	0.25
1610	1637	0.25
1610	1653	0.25
1611	1619	0.25
1612	1618	0.13461539149284363
1621	1622	0.5
1622	1623	0.5
1630	1646	0.25
1632	1633	0.75
1636	1649	0.25
1637	1653	0.25
1641	1644	0.5
1641	1649	0.5
1641	1652	0.5
1642	1650	1.0000000000000002
1643	1651	1.0000000000000002
1644	1649	0.5
1644	1652	0.5
1649	1652	0.5
