0	1	0.17022939311471202
1	665	0.22222220897674555
2	6	0.4999999999999999
3	909	0.22222220897674555
4	50	0.16666665673255918
4	289	0.14102560281753537
4	294	0.14102560281753537
4	458	0.2357022463465663
4	471	0.16666665673255918
4	614	0.11111110448837277
4	693	0.16666665673255918
4	755	0.16666665673255918
4	759	0.16666665673255918
4	909	0.16666665673255918
4	910	0.14102560281753537
4	1301	0.10185182094573972
7	87	0.199999988079071
7	261	0.199999988079071
7	270	0.199999988079071
11	475	0.199999988079071
11	479	0.199999988079071
14	992	0.4523809552192687
18	40	0.4999999999999999
18	991	0.4999999999999999
18	1008	0.4999999999999999
18	1010	0.11666664481163022
18	1011	0.4999999999999999
19	1004	0.4999999999999999
21	32	0.4999999999999999
24	993	0.4999999999999999
31	89	0.13333332538604734
31	92	0.13333332538604734
31	1214	0.18181818723678586
36	223	0.11111116409301755
36	995	0.4999999999999999
36	1055	0.14285713434219358
40	991	0.4999999999999999
40	1008	0.4999999999999999
40	1010	0.11666664481163022
40	1011	0.4999999999999999
44	535	0.10416665673255918
46	1636	0.1277777552604675
47	49	0.9999999999999998
48	50	0.4999999999999999
50	471	0.21428570151329035
50	614	0.14285713434219358
50	693	0.21428570151329035
50	1048	0.13095238804817197
50	1114	0.13095238804817197
52	118	0.11805555224418637
52	147	0.10185182094573972
52	171	0.1277777552604675
52	273	0.1277777552604675
52	956	0.12037038803100583
52	1050	0.12037038803100583
52	1172	0.13636365532875058
52	1226	0.13636365532875058
52	1370	0.1277777552604675
52	1432	0.1277777552604675
52	1645	0.12878790497779843
62	183	0.13356458518963
62	189	0.15000000596046445
62	1135	0.10555559396743772
66	1038	0.10185182094573972
68	80	0.4999999999999999
68	122	0.22222223877906794
68	189	0.199999988079071
68	191	0.199999988079071
68	203	0.3000000119209289
68	471	0.13333332538604734
68	614	0.1555555462837219
68	693	0.13333332538604734
68	781	0.10555556416511533
68	831	0.10213761901008782
68	832	0.33333331346511835
68	1494	0.4999999999999999
68	1527	0.4999999999999999
70	106	0.11842101812362668
72	237	0.10833337903022763
72	668	0.10833331942558286
72	839	0.1416666507720947
72	908	0.10833331942558286
72	1016	0.116666704416275
72	1167	0.10000002384185788
72	1203	0.10606600031924271
72	1253	0.10606600031924271
72	1318	0.44999998807907093
72	1347	0.4999999999999999
72	1351	0.44999998807907093
72	1372	0.44999998807907093
72	1373	0.6363960862091533
72	1389	0.44999998807907093
72	1448	0.11363637447357175
72	1457	0.4999999999999999
72	1566	0.10416662693023679
72	1574	0.10416665673255918
73	480	0.4999999999999999
74	418	0.4999999999999999
74	1327	0.4999999999999999
75	86	0.9999999999999998
75	96	0.4999999999999999
75	260	0.9999999999999998
75	419	0.4999999999999999
75	432	0.4999999999999999
75	434	0.4999999999999999
75	786	0.4999999999999999
75	1311	0.4999999999999999
75	1321	0.4999999999999999
75	1330	0.4999999999999999
75	1349	0.4999999999999999
75	1364	0.4999999999999999
75	1398	0.4999999999999999
75	1429	0.4999999999999999
75	1450	0.4999999999999999
75	1513	0.4999999999999999
75	1520	0.4999999999999999
75	1526	0.4999999999999999
75	1564	0.4999999999999999
76	597	0.9999999999999998
76	1322	0.4999999999999999
76	1471	0.4999999999999999
77	598	0.9999999999999998
77	1323	0.4999999999999999
77	1458	0.4999999999999999
77	1474	0.4999999999999999
77	1509	0.12121209502220151
78	599	0.9999999999999998
78	1459	0.4999999999999999
78	1473	0.9999999999999998
79	600	0.4999999999999999
79	1472	0.4999999999999999
80	122	0.22222223877906794
80	189	0.199999988079071
80	191	0.199999988079071
80	203	0.3000000119209289
80	270	0.4999999999999999
80	391	0.4999999999999999
80	398	0.4999999999999999
80	426	0.4999999999999999
80	429	0.4999999999999999
80	471	0.13333332538604734
80	475	0.4999999999999999
80	479	0.4999999999999999
80	584	0.4999999999999999
80	590	0.4999999999999999
80	614	0.1555555462837219
80	617	0.4999999999999999
80	621	0.4999999999999999
80	693	0.13333332538604734
80	765	0.4999999999999999
80	772	0.4999999999999999
80	781	0.10555556416511533
80	831	0.10213761901008782
80	832	0.33333331346511835
80	1475	0.4999999999999999
80	1494	0.4999999999999999
80	1527	0.4999999999999999
81	1582	0.4999999999999999
81	1604	0.4999999999999999
82	257	0.9999999999999998
82	1460	0.4999999999999999
82	1535	0.4999999999999999
82	1629	0.4999999999999999
83	258	0.9999999999999998
83	263	0.4999999999999999
83	274	0.4999999999999999
83	474	0.4999999999999999
83	478	0.4999999999999999
83	616	0.4999999999999999
83	620	0.4999999999999999
83	1634	0.4999999999999999
85	259	0.9999999999999998
85	268	0.4999999999999999
85	1541	0.4999999999999999
86	96	0.4999999999999999
86	260	0.9999999999999998
86	419	0.4999999999999999
86	432	0.4999999999999999
86	434	0.4999999999999999
86	786	0.4999999999999999
86	1311	0.4999999999999999
86	1321	0.4999999999999999
86	1330	0.4999999999999999
86	1349	0.4999999999999999
86	1364	0.4999999999999999
86	1398	0.4999999999999999
86	1429	0.4999999999999999
86	1450	0.4999999999999999
86	1513	0.4999999999999999
86	1520	0.4999999999999999
86	1526	0.4999999999999999
86	1564	0.4999999999999999
87	235	0.4999999999999999
87	261	0.9999999999999998
87	270	0.4999999999999999
87	1315	0.13333332538604734
87	1343	0.4999999999999999
87	1362	0.4999999999999999
87	1567	0.4999999999999999
88	89	0.13333332538604734
88	92	0.13333332538604734
88	247	0.13333332538604734
88	425	0.4999999999999999
88	632	0.13333332538604734
88	637	0.13333332538604734
88	1370	0.13333332538604734
88	1480	0.13333332538604734
88	1494	0.13333332538604734
88	1524	0.13333332538604734
88	1543	0.13333332538604734
88	1545	0.13333332538604734
88	1572	0.13333332538604734
88	1593	0.13333332538604734
88	1625	0.13333332538604734
89	92	0.9999999999999998
89	247	0.4999999999999999
89	425	0.13333332538604734
89	632	0.4999999999999999
89	637	0.4999999999999999
89	1214	0.17777779698371884
89	1370	0.4999999999999999
89	1480	0.4999999999999999
89	1494	0.4999999999999999
89	1524	0.4999999999999999
89	1543	0.4999999999999999
89	1545	0.4999999999999999
89	1572	0.4999999999999999
89	1593	0.4999999999999999
89	1625	0.4999999999999999
90	414	0.4999999999999999
90	427	0.4999999999999999
90	1308	0.4999999999999999
90	1334	0.4999999999999999
90	1344	0.4999999999999999
90	1368	0.4999999999999999
90	1425	0.4999999999999999
90	1464	0.4999999999999999
90	1492	0.4999999999999999
90	1517	0.4999999999999999
90	1522	0.4999999999999999
90	1557	0.4999999999999999
90	1562	0.4999999999999999
90	1570	0.4999999999999999
90	1578	0.4999999999999999
90	1584	0.4999999999999999
90	1598	0.4999999999999999
90	1642	0.4999999999999999
90	1650	0.4999999999999999
91	415	0.4999999999999999
91	428	0.4999999999999999
91	1309	0.4999999999999999
91	1335	0.4999999999999999
91	1345	0.4999999999999999
91	1369	0.4999999999999999
91	1426	0.4999999999999999
91	1465	0.4999999999999999
91	1493	0.4999999999999999
91	1518	0.4999999999999999
91	1523	0.4999999999999999
91	1558	0.4999999999999999
91	1563	0.4999999999999999
91	1571	0.4999999999999999
91	1579	0.4999999999999999
91	1585	0.4999999999999999
91	1599	0.4999999999999999
91	1643	0.4999999999999999
91	1651	0.4999999999999999
92	247	0.4999999999999999
92	425	0.13333332538604734
92	632	0.4999999999999999
92	637	0.4999999999999999
92	1214	0.17777779698371884
92	1370	0.4999999999999999
92	1480	0.4999999999999999
92	1494	0.4999999999999999
92	1524	0.4999999999999999
92	1543	0.4999999999999999
92	1545	0.4999999999999999
92	1572	0.4999999999999999
92	1593	0.4999999999999999
92	1625	0.4999999999999999
93	240	0.16666665673255918
93	245	0.4999999999999999
93	1279	0.4999999999999999
93	1332	0.4999999999999999
93	1394	0.4999999999999999
93	1427	0.4999999999999999
93	1433	0.4999999999999999
93	1435	0.4999999999999999
93	1466	0.4999999999999999
93	1481	0.4999999999999999
93	1487	0.4999999999999999
93	1594	0.4999999999999999
93	1605	0.4999999999999999
93	1630	0.4999999999999999
93	1646	0.4999999999999999
95	1380	0.4999999999999999
96	260	0.4999999999999999
96	419	0.4999999999999999
96	432	0.4999999999999999
96	434	0.4999999999999999
96	786	0.4999999999999999
96	1311	0.4999999999999999
96	1321	0.4999999999999999
96	1330	0.4999999999999999
96	1349	0.4999999999999999
96	1364	0.4999999999999999
96	1398	0.4999999999999999
96	1429	0.4999999999999999
96	1450	0.4999999999999999
96	1513	0.4999999999999999
96	1520	0.4999999999999999
96	1526	0.4999999999999999
96	1564	0.4999999999999999
97	222	0.4999999999999999
97	1327	0.4999999999999999
97	1434	0.4999999999999999
97	1525	0.4999999999999999
97	1544	0.4999999999999999
98	740	0.13888886570930478
98	1040	0.11785118639355592
100	105	0.4999999999999999
100	107	0.7071067811865475
100	1560	0.4999999999999999
101	266	0.4999999999999999
101	343	0.4999999999999999
101	364	0.4999999999999999
101	482	0.4999999999999999
101	622	0.4999999999999999
101	1470	0.4999999999999999
102	1329	0.10416665673255918
103	885	0.11111110448837277
105	107	0.7071067811865475
105	1560	0.4999999999999999
107	1560	0.7071067811865475
109	113	0.4999999999999999
109	134	0.12499999999999997
110	114	0.9999999999999998
110	128	0.4999999999999999
110	135	0.4999999999999999
110	461	0.4999999999999999
110	466	0.4999999999999999
110	490	0.4999999999999999
110	495	0.4999999999999999
110	545	0.4999999999999999
110	551	0.4999999999999999
110	583	0.4999999999999999
110	589	0.4999999999999999
110	753	0.4999999999999999
110	757	0.4999999999999999
111	115	0.9999999999999998
111	129	0.4999999999999999
111	136	0.4999999999999999
112	116	0.9999999999999998
112	130	0.4999999999999999
112	137	0.4999999999999999
112	547	0.4999999999999999
112	553	0.4999999999999999
112	1204	0.2571297462763534
114	128	0.4999999999999999
114	135	0.4999999999999999
114	461	0.4999999999999999
114	466	0.4999999999999999
114	490	0.4999999999999999
114	495	0.4999999999999999
114	545	0.4999999999999999
114	551	0.4999999999999999
114	583	0.4999999999999999
114	589	0.4999999999999999
114	753	0.4999999999999999
114	757	0.4999999999999999
115	129	0.4999999999999999
115	136	0.4999999999999999
116	130	0.4999999999999999
116	137	0.4999999999999999
116	547	0.4999999999999999
116	553	0.4999999999999999
116	1204	0.2571297462763534
118	129	0.13194444775581357
118	136	0.13194444775581357
118	171	0.23333334922790522
118	273	0.23333334922790522
118	549	0.15972223877906797
118	555	0.15972223877906797
118	956	0.16666665673255918
118	1050	0.16666665673255918
118	1370	0.23333334922790522
118	1432	0.23333334922790522
122	189	0.29166668653488154
122	191	0.2727272510528564
122	203	0.2307692170143127
122	458	0.10713741535523816
122	471	0.18181818723678586
122	614	0.21212121844291681
122	693	0.18181818723678586
122	781	0.15972223877906797
122	831	0.13927864417649444
122	832	0.2307692170143127
122	1494	0.22222223877906794
122	1527	0.22222223877906794
125	143	0.7071067811865475
127	134	0.4999999999999999
127	376	0.11458334326744077
127	565	0.16204531807086664
127	752	0.11458334326744077
127	756	0.11458334326744077
127	1484	0.15624999999999997
128	135	0.9999999999999998
128	461	0.4999999999999999
128	466	0.4999999999999999
128	490	0.4999999999999999
128	495	0.4999999999999999
128	545	0.4999999999999999
128	551	0.4999999999999999
128	583	0.4999999999999999
128	589	0.4999999999999999
128	753	0.4999999999999999
128	757	0.4999999999999999
129	136	0.9999999999999998
129	549	0.1583333313465118
129	555	0.1583333313465118
129	1185	0.11785114424670741
130	137	0.9999999999999998
130	547	0.4999999999999999
130	553	0.4999999999999999
130	1204	0.2571297462763534
131	138	0.9999999999999998
131	147	0.4999999999999999
132	139	0.9999999999999998
132	148	0.4999999999999999
133	140	0.9999999999999998
134	376	0.11458334326744077
134	565	0.16204531807086664
134	752	0.11458334326744077
134	756	0.11458334326744077
134	1484	0.15624999999999997
135	461	0.4999999999999999
135	466	0.4999999999999999
135	490	0.4999999999999999
135	495	0.4999999999999999
135	545	0.4999999999999999
135	551	0.4999999999999999
135	583	0.4999999999999999
135	589	0.4999999999999999
135	753	0.4999999999999999
135	757	0.4999999999999999
136	549	0.1583333313465118
136	555	0.1583333313465118
136	1185	0.11785114424670741
137	547	0.4999999999999999
137	553	0.4999999999999999
137	1204	0.2571297462763534
138	147	0.4999999999999999
139	148	0.4999999999999999
146	935	0.16666668653488156
146	1269	0.16666668653488156
146	1405	0.16666668653488156
146	1410	0.16666668653488156
147	956	0.22916665673255915
147	1050	0.22916665673255915
149	1507	0.13095235824584958
152	156	0.21428570151329035
152	163	0.21428570151329035
154	161	0.9999999999999998
155	162	0.9999999999999998
156	163	0.9999999999999998
157	164	0.9999999999999998
157	1578	0.14880952239036557
157	1598	0.14880952239036557
158	165	0.9999999999999998
158	290	0.16666668653488156
158	295	0.16666668653488156
159	330	0.4999999999999999
159	351	0.4999999999999999
159	476	0.4999999999999999
159	537	0.10416665673255918
159	618	0.4999999999999999
159	633	0.4999999999999999
159	674	0.12499999999999997
159	770	0.4999999999999999
159	1339	0.15476188063621518
159	1477	0.4999999999999999
160	331	0.4999999999999999
160	352	0.4999999999999999
160	477	0.4999999999999999
160	619	0.4999999999999999
160	634	0.4999999999999999
160	771	0.4999999999999999
160	1478	0.4999999999999999
164	1578	0.14880952239036557
164	1598	0.14880952239036557
165	290	0.16666668653488156
165	295	0.16666668653488156
166	167	0.15000000596046445
170	182	0.13333332538604734
170	183	0.2828426956158796
170	188	0.13333332538604734
170	189	0.199999988079071
170	1497	0.4999999999999999
171	273	0.4999999999999999
171	549	0.10555553436279294
171	555	0.10555553436279294
171	956	0.13333332538604734
171	1050	0.13333332538604734
171	1370	0.4999999999999999
171	1432	0.4999999999999999
171	1498	0.4999999999999999
177	179	0.4999999999999999
182	183	0.31426966179542176
182	188	0.4999999999999999
182	189	0.16666665673255918
182	1192	0.11666664481163022
182	1497	0.13333332538604734
183	188	0.31426966179542176
183	189	0.35355339059327373
183	1135	0.15320644958855598
183	1192	0.11785114424670741
183	1497	0.2828426956158796
185	1104	0.11666664481163022
188	189	0.16666665673255918
188	1192	0.11666664481163022
188	1497	0.13333332538604734
189	191	0.24999999999999994
189	203	0.2692307829856872
189	458	0.1374929664987849
189	471	0.16666665673255918
189	614	0.19444444775581354
189	651	0.11785114424670741
189	693	0.16666665673255918
189	831	0.1276720764461704
189	832	0.2307692170143127
189	1135	0.14583334326744077
189	1494	0.199999988079071
189	1497	0.199999988079071
189	1527	0.199999988079071
191	203	0.2307692170143127
191	218	0.10185182094573972
191	471	0.22222220897674555
191	614	0.2592592537403106
191	693	0.22222220897674555
191	781	0.11805558204650876
191	832	0.2307692170143127
191	1494	0.199999988079071
191	1527	0.199999988079071
193	206	0.4999999999999999
193	1346	0.33333331346511835
195	995	0.20555552840232844
195	1122	0.11111110448837277
195	1203	0.10213761901008782
195	1253	0.10213761901008782
202	458	0.1414213478079398
202	831	0.10999438162839761
202	865	0.12222221493721006
203	471	0.15384614467620847
203	614	0.17948716878890988
203	693	0.15384614467620847
203	781	0.10897439718246457
203	832	0.46153846383094776
203	1494	0.3000000119209289
203	1527	0.3000000119209289
206	926	0.15384614467620847
206	1346	0.33333331346511835
209	824	0.4642857015132903
209	1282	0.11904761195182798
209	1349	0.11764702200889585
210	275	0.4999999999999999
210	1349	0.10784316062927243
212	217	0.4999999999999999
214	1222	0.1363636255264282
218	471	0.22916665673255915
218	614	0.1833333373069763
218	693	0.22916665673255915
222	1327	0.4999999999999999
222	1434	0.4999999999999999
222	1525	0.4999999999999999
222	1544	0.4999999999999999
223	1055	0.10119050741195676
226	484	0.4999999999999999
227	256	0.9999999999999998
231	1636	0.4999999999999999
232	407	0.11538460850715634
232	436	0.1089743375778198
232	440	0.11538460850715634
232	446	0.11538460850715634
235	261	0.4999999999999999
235	1315	0.13333332538604734
235	1343	0.4999999999999999
235	1362	0.4999999999999999
235	1567	0.4999999999999999
237	239	0.4999999999999999
237	1000	0.10714286565780637
237	1167	0.1296296119689941
237	1203	0.1178511020998589
237	1253	0.1178511020998589
237	1549	0.11904761195182798
237	1566	0.10416665673255918
240	245	0.16666665673255918
240	1279	0.16666665673255918
240	1332	0.16666665673255918
240	1394	0.16666665673255918
240	1427	0.16666665673255918
240	1433	0.16666665673255918
240	1435	0.16666665673255918
240	1466	0.16666665673255918
240	1481	0.16666665673255918
240	1487	0.16666665673255918
240	1594	0.16666665673255918
240	1605	0.16666665673255918
240	1630	0.16666665673255918
240	1646	0.16666665673255918
241	1491	0.4999999999999999
244	893	0.9999999999999998
244	953	0.4999999999999999
244	1171	0.30555552244186396
244	1337	0.4999999999999999
245	713	0.13194441795349118
245	732	0.13194441795349118
245	1279	0.4999999999999999
245	1332	0.4999999999999999
245	1394	0.4999999999999999
245	1427	0.4999999999999999
245	1433	0.4999999999999999
245	1435	0.4999999999999999
245	1466	0.4999999999999999
245	1481	0.4999999999999999
245	1487	0.4999999999999999
245	1594	0.4999999999999999
245	1595	0.16666665673255918
245	1605	0.4999999999999999
245	1630	0.4999999999999999
245	1646	0.4999999999999999
247	425	0.13333332538604734
247	632	0.4999999999999999
247	637	0.4999999999999999
247	1370	0.4999999999999999
247	1480	0.4999999999999999
247	1494	0.4999999999999999
247	1524	0.4999999999999999
247	1543	0.4999999999999999
247	1545	0.4999999999999999
247	1572	0.4999999999999999
247	1593	0.4999999999999999
247	1625	0.4999999999999999
249	251	0.9999999999999998
250	252	0.9999999999999998
254	616	0.4999999999999999
254	620	0.4999999999999999
254	1393	0.4999999999999999
257	1460	0.4999999999999999
257	1535	0.4999999999999999
257	1629	0.4999999999999999
258	263	0.4999999999999999
258	274	0.4999999999999999
258	474	0.4999999999999999
258	478	0.4999999999999999
258	616	0.4999999999999999
258	620	0.4999999999999999
258	1634	0.4999999999999999
259	268	0.4999999999999999
259	1541	0.4999999999999999
260	419	0.4999999999999999
260	432	0.4999999999999999
260	434	0.4999999999999999
260	786	0.4999999999999999
260	1311	0.4999999999999999
260	1321	0.4999999999999999
260	1330	0.4999999999999999
260	1349	0.4999999999999999
260	1364	0.4999999999999999
260	1398	0.4999999999999999
260	1429	0.4999999999999999
260	1450	0.4999999999999999
260	1513	0.4999999999999999
260	1520	0.4999999999999999
260	1526	0.4999999999999999
260	1564	0.4999999999999999
261	270	0.4999999999999999
261	1315	0.13333332538604734
261	1343	0.4999999999999999
261	1362	0.4999999999999999
261	1567	0.4999999999999999
263	274	0.4999999999999999
263	474	0.4999999999999999
263	478	0.4999999999999999
263	616	0.4999999999999999
263	620	0.4999999999999999
263	1596	0.4999999999999999
266	343	0.4999999999999999
266	364	0.4999999999999999
266	482	0.4999999999999999
266	622	0.4999999999999999
266	1470	0.4999999999999999
268	1541	0.4999999999999999
268	1653	0.4999999999999999
269	805	0.13541668653488156
269	813	0.12499999999999997
269	1100	0.10185182094573972
270	391	0.4999999999999999
270	398	0.4999999999999999
270	426	0.4999999999999999
270	429	0.4999999999999999
270	475	0.4999999999999999
270	479	0.4999999999999999
270	584	0.4999999999999999
270	590	0.4999999999999999
270	617	0.4999999999999999
270	621	0.4999999999999999
270	765	0.4999999999999999
270	772	0.4999999999999999
270	1475	0.4999999999999999
271	1441	0.4999999999999999
271	1451	0.4999999999999999
271	1468	0.4999999999999999
271	1479	0.4999999999999999
271	1495	0.4999999999999999
271	1506	0.4999999999999999
271	1582	0.4999999999999999
271	1627	0.4999999999999999
273	549	0.10555553436279294
273	555	0.10555553436279294
273	956	0.13333332538604734
273	1050	0.13333332538604734
273	1370	0.4999999999999999
273	1432	0.4999999999999999
274	474	0.4999999999999999
274	478	0.4999999999999999
274	616	0.4999999999999999
274	620	0.4999999999999999
275	1349	0.10784316062927243
278	1043	0.1833333373069763
278	1115	0.1833333373069763
278	1430	0.10833331942558286
282	668	0.11111113429069516
282	908	0.11111113429069516
282	1268	0.11666667461395261
288	293	0.4999999999999999
288	302	0.4999999999999999
288	309	0.4999999999999999
288	714	0.4999999999999999
289	294	0.9999999999999998
289	303	0.4999999999999999
289	310	0.4999999999999999
289	458	0.32635695647986107
289	536	0.16666668653488156
289	651	0.1178511020998589
289	715	0.4999999999999999
289	1427	0.1474359333515167
290	295	0.9999999999999998
290	304	0.4999999999999999
290	311	0.4999999999999999
291	293	0.10416665673255918
291	307	0.4999999999999999
291	309	0.10416665673255918
292	308	0.9999999999999998
292	444	0.4999999999999999
293	302	0.4999999999999999
293	307	0.10416665673255918
293	309	0.9999999999999998
293	565	0.1276720342993219
293	704	0.13888886570930478
293	714	0.4999999999999999
294	303	0.4999999999999999
294	310	0.4999999999999999
294	458	0.32635695647986107
294	536	0.16666668653488156
294	651	0.1178511020998589
294	715	0.4999999999999999
294	1427	0.1474359333515167
295	304	0.4999999999999999
295	311	0.4999999999999999
300	316	0.4999999999999999
302	309	0.4999999999999999
302	714	0.4999999999999999
303	310	0.9999999999999998
303	715	0.4999999999999999
304	311	0.9999999999999998
305	312	0.9999999999999998
305	1289	0.12037035822868344
306	313	0.23333331942558283
307	309	0.10416665673255918
308	444	0.4999999999999999
309	565	0.1276720342993219
309	704	0.13888886570930478
309	714	0.4999999999999999
310	715	0.4999999999999999
312	1289	0.12037035822868344
313	808	0.10227271914482114
315	453	0.19230768084526056
315	995	0.1474359333515167
315	1167	0.10256412625312802
315	1386	0.1346153914928436
315	1452	0.1346153914928436
315	1538	0.12820512056350705
320	668	0.12878787517547605
320	718	0.13194444775581357
320	930	0.1060606241226196
320	969	0.10256406664848325
320	1181	0.11309519410133359
320	1278	0.11363637447357175
323	386	0.11458334326744077
323	995	0.12878787517547605
323	1190	0.12499999999999997
323	1452	0.18749999999999994
327	348	1.0
328	332	0.9999999999999998
328	349	0.9999999999999998
328	353	0.9999999999999998
329	333	0.9999999999999998
329	341	0.4999999999999999
329	350	0.9999999999999998
329	354	0.9999999999999998
329	362	0.4999999999999999
329	1336	0.4999999999999999
330	351	0.9999999999999998
330	476	0.4999999999999999
330	537	0.10416665673255918
330	618	0.4999999999999999
330	633	0.4999999999999999
330	674	0.12499999999999997
330	770	0.4999999999999999
330	1339	0.15476188063621518
330	1477	0.4999999999999999
331	352	0.9999999999999998
331	477	0.9999999999999998
331	619	0.9999999999999998
331	634	0.4999999999999999
331	771	0.4999999999999999
331	1478	0.4999999999999999
332	349	0.9999999999999998
332	353	0.9999999999999998
333	341	0.4999999999999999
333	350	0.9999999999999998
333	354	0.9999999999999998
333	362	0.4999999999999999
333	1336	0.4999999999999999
334	355	0.9999999999999998
335	356	0.9999999999999998
336	357	0.9999999999999998
337	358	0.9999999999999998
338	359	0.9999999999999998
339	360	0.9999999999999998
340	361	0.9999999999999998
341	350	0.4999999999999999
341	354	0.4999999999999999
341	362	0.9999999999999998
341	560	0.14927806827940107
341	1336	0.4999999999999999
342	363	0.9999999999999998
343	364	0.9999999999999998
343	482	0.4999999999999999
343	622	0.4999999999999999
343	1470	0.4999999999999999
344	365	1.0
345	366	0.9999999999999998
346	367	0.9999999999999998
347	368	1.0
349	353	0.9999999999999998
350	354	0.9999999999999998
350	362	0.4999999999999999
350	1336	0.4999999999999999
351	476	0.4999999999999999
351	537	0.10416665673255918
351	618	0.4999999999999999
351	633	0.4999999999999999
351	674	0.12499999999999997
351	770	0.4999999999999999
351	1339	0.15476188063621518
351	1477	0.4999999999999999
352	477	0.9999999999999998
352	619	0.9999999999999998
352	634	0.4999999999999999
352	771	0.4999999999999999
352	1478	0.4999999999999999
354	362	0.4999999999999999
354	1336	0.4999999999999999
362	560	0.14927806827940107
362	1336	0.4999999999999999
364	482	0.4999999999999999
364	622	0.4999999999999999
364	1470	0.4999999999999999
369	1504	0.25253814215903103
371	378	0.9999999999999998
372	379	0.9999999999999998
373	380	0.9999999999999998
374	386	0.4999999999999999
375	381	0.9999999999999998
375	382	0.4999999999999999
376	565	0.7071067811865475
376	752	0.4999999999999999
376	756	0.4999999999999999
377	564	0.4999999999999999
377	566	0.4999999999999999
377	753	0.4999999999999999
377	757	0.4999999999999999
381	382	0.4999999999999999
383	388	0.4999999999999999
386	930	0.10416668653488156
389	394	0.4999999999999999
389	401	0.4999999999999999
390	393	0.4999999999999999
390	400	0.4999999999999999
391	398	0.9999999999999998
391	426	0.4999999999999999
391	429	0.4999999999999999
391	475	0.4999999999999999
391	479	0.4999999999999999
391	584	0.4999999999999999
391	590	0.4999999999999999
391	617	0.4999999999999999
391	621	0.4999999999999999
391	765	0.4999999999999999
391	772	0.4999999999999999
391	1475	0.4999999999999999
392	399	0.9999999999999998
393	400	0.9999999999999998
394	401	0.9999999999999998
396	489	0.4999999999999999
396	494	0.4999999999999999
396	582	0.4999999999999999
396	588	0.4999999999999999
396	1339	0.13095235824584958
397	490	0.4999999999999999
397	495	0.4999999999999999
397	583	0.4999999999999999
397	589	0.4999999999999999
397	1592	0.4999999999999999
398	426	0.4999999999999999
398	429	0.4999999999999999
398	475	0.4999999999999999
398	479	0.4999999999999999
398	584	0.4999999999999999
398	590	0.4999999999999999
398	617	0.4999999999999999
398	621	0.4999999999999999
398	765	0.4999999999999999
398	772	0.4999999999999999
398	1475	0.4999999999999999
404	1418	0.13690474629402158
407	440	0.19230768084526056
407	446	0.19230768084526056
412	416	0.9999999999999998
412	842	0.199999988079071
413	417	0.9999999999999998
414	427	0.4999999999999999
414	1308	0.4999999999999999
414	1334	0.4999999999999999
414	1344	0.4999999999999999
414	1368	0.4999999999999999
414	1425	0.4999999999999999
414	1464	0.4999999999999999
414	1492	0.4999999999999999
414	1517	0.4999999999999999
414	1522	0.4999999999999999
414	1557	0.4999999999999999
414	1562	0.4999999999999999
414	1570	0.4999999999999999
414	1578	0.4999999999999999
414	1584	0.4999999999999999
414	1598	0.4999999999999999
414	1642	0.4999999999999999
414	1650	0.4999999999999999
415	428	0.4999999999999999
415	1309	0.4999999999999999
415	1335	0.4999999999999999
415	1345	0.4999999999999999
415	1369	0.4999999999999999
415	1426	0.4999999999999999
415	1465	0.4999999999999999
415	1493	0.4999999999999999
415	1518	0.4999999999999999
415	1523	0.4999999999999999
415	1558	0.4999999999999999
415	1563	0.4999999999999999
415	1571	0.4999999999999999
415	1579	0.4999999999999999
415	1585	0.4999999999999999
415	1599	0.4999999999999999
415	1643	0.4999999999999999
415	1651	0.4999999999999999
416	842	0.199999988079071
418	1327	0.4999999999999999
419	432	0.4999999999999999
419	434	0.4999999999999999
419	786	0.4999999999999999
419	1311	0.4999999999999999
419	1321	0.4999999999999999
419	1330	0.4999999999999999
419	1349	0.4999999999999999
419	1364	0.4999999999999999
419	1398	0.4999999999999999
419	1429	0.4999999999999999
419	1450	0.4999999999999999
419	1513	0.4999999999999999
419	1520	0.4999999999999999
419	1526	0.4999999999999999
419	1564	0.4999999999999999
423	1532	0.4999999999999999
423	1596	0.4999999999999999
425	632	0.13333332538604734
425	637	0.13333332538604734
425	1370	0.13333332538604734
425	1480	0.13333332538604734
425	1494	0.13333332538604734
425	1524	0.13333332538604734
425	1543	0.13333332538604734
425	1545	0.13333332538604734
425	1572	0.13333332538604734
425	1593	0.13333332538604734
425	1625	0.13333332538604734
426	429	0.9999999999999998
426	475	0.4999999999999999
426	479	0.4999999999999999
426	584	0.4999999999999999
426	590	0.4999999999999999
426	617	0.4999999999999999
426	621	0.4999999999999999
426	765	0.4999999999999999
426	772	0.4999999999999999
426	1475	0.4999999999999999
427	1308	0.4999999999999999
427	1334	0.4999999999999999
427	1344	0.4999999999999999
427	1368	0.4999999999999999
427	1425	0.4999999999999999
427	1464	0.4999999999999999
427	1492	0.4999999999999999
427	1517	0.4999999999999999
427	1522	0.4999999999999999
427	1557	0.4999999999999999
427	1562	0.4999999999999999
427	1570	0.4999999999999999
427	1578	0.4999999999999999
427	1584	0.4999999999999999
427	1598	0.4999999999999999
427	1642	0.4999999999999999
427	1650	0.4999999999999999
428	1309	0.4999999999999999
428	1335	0.4999999999999999
428	1345	0.4999999999999999
428	1369	0.4999999999999999
428	1426	0.4999999999999999
428	1465	0.4999999999999999
428	1493	0.4999999999999999
428	1518	0.4999999999999999
428	1523	0.4999999999999999
428	1558	0.4999999999999999
428	1563	0.4999999999999999
428	1571	0.4999999999999999
428	1579	0.4999999999999999
428	1585	0.4999999999999999
428	1599	0.4999999999999999
428	1643	0.4999999999999999
428	1651	0.4999999999999999
429	475	0.4999999999999999
429	479	0.4999999999999999
429	584	0.4999999999999999
429	590	0.4999999999999999
429	617	0.4999999999999999
429	621	0.4999999999999999
429	765	0.4999999999999999
429	772	0.4999999999999999
429	1475	0.4999999999999999
432	434	0.4999999999999999
432	786	0.4999999999999999
432	1311	0.4999999999999999
432	1321	0.4999999999999999
432	1330	0.4999999999999999
432	1349	0.4999999999999999
432	1364	0.4999999999999999
432	1398	0.4999999999999999
432	1429	0.4999999999999999
432	1450	0.4999999999999999
432	1513	0.4999999999999999
432	1520	0.4999999999999999
432	1526	0.4999999999999999
432	1564	0.4999999999999999
434	786	0.4999999999999999
434	1311	0.4999999999999999
434	1321	0.4999999999999999
434	1330	0.4999999999999999
434	1349	0.4999999999999999
434	1364	0.4999999999999999
434	1398	0.4999999999999999
434	1421	0.11764705181121823
434	1429	0.4999999999999999
434	1450	0.4999999999999999
434	1513	0.4999999999999999
434	1520	0.4999999999999999
434	1526	0.4999999999999999
434	1564	0.4999999999999999
435	439	0.7071067811865475
435	445	0.7071067811865475
435	1154	0.7071067811865475
435	1170	0.7071067811865475
435	1240	0.7071067811865475
436	440	0.19230768084526056
436	446	0.19230768084526056
437	443	0.4999999999999999
438	702	0.4999999999999999
439	445	0.4999999999999999
439	1154	0.4999999999999999
439	1170	0.4999999999999999
439	1240	0.4999999999999999
440	446	0.9999999999999998
441	447	0.9999999999999998
442	448	0.9999999999999998
442	516	0.4999999999999999
442	524	0.4999999999999999
442	684	0.11458331346511838
443	704	0.12037035822868344
445	1154	0.4999999999999999
445	1170	0.4999999999999999
445	1240	0.4999999999999999
448	516	0.4999999999999999
448	524	0.4999999999999999
448	684	0.11458331346511838
449	456	0.24999999999999994
449	746	0.4999999999999999
450	747	0.4999999999999999
453	650	0.17857143282890317
453	668	0.18055555224418637
453	783	0.17857143282890317
453	908	0.18055555224418637
453	1538	0.11805555224418637
454	514	0.2719641303998842
454	522	0.2719641303998842
454	698	0.14310494581855596
454	706	0.14310494581855596
454	1185	0.1666666865348816
454	1460	0.11785114424670741
458	494	0.1178511020998589
458	536	0.1285648731381767
458	651	0.16666662693023682
458	865	0.14310498796540447
458	1149	0.10803025419409293
458	1427	0.1276720342993219
460	465	0.4999999999999999
460	520	0.13095235824584958
460	544	0.12878787517547605
460	550	0.12878787517547605
461	466	0.9999999999999998
461	490	0.4999999999999999
461	495	0.4999999999999999
461	545	0.4999999999999999
461	551	0.4999999999999999
461	583	0.4999999999999999
461	589	0.4999999999999999
461	753	0.4999999999999999
461	757	0.4999999999999999
462	467	0.9999999999999998
463	468	0.9999999999999998
464	469	0.9999999999999998
465	520	0.13095235824584958
465	544	0.12878787517547605
465	550	0.12878787517547605
466	490	0.4999999999999999
466	495	0.4999999999999999
466	545	0.4999999999999999
466	551	0.4999999999999999
466	583	0.4999999999999999
466	589	0.4999999999999999
466	753	0.4999999999999999
466	757	0.4999999999999999
471	614	0.40000000596046437
471	693	0.4999999999999999
471	832	0.15384614467620847
471	1048	0.11666664481163022
471	1114	0.11666664481163022
471	1475	0.13333332538604734
471	1494	0.13333332538604734
471	1527	0.13333332538604734
472	761	0.4999999999999999
473	1544	0.7071067811865475
474	478	0.9999999999999998
474	616	0.4999999999999999
474	620	0.4999999999999999
475	479	0.9999999999999998
475	584	0.4999999999999999
475	590	0.4999999999999999
475	617	0.4999999999999999
475	621	0.4999999999999999
475	765	0.4999999999999999
475	772	0.4999999999999999
475	1475	0.4999999999999999
476	537	0.10416665673255918
476	618	0.9999999999999998
476	633	0.4999999999999999
476	674	0.12499999999999997
476	770	0.4999999999999999
476	1339	0.15476188063621518
476	1477	0.4999999999999999
477	619	0.9999999999999998
477	634	0.4999999999999999
477	771	0.4999999999999999
477	1478	0.4999999999999999
478	616	0.4999999999999999
478	620	0.4999999999999999
479	584	0.4999999999999999
479	590	0.4999999999999999
479	617	0.4999999999999999
479	621	0.4999999999999999
479	765	0.4999999999999999
479	772	0.4999999999999999
479	1475	0.4999999999999999
482	622	0.4999999999999999
482	1470	0.4999999999999999
483	649	0.13235291838645932
487	626	0.4999999999999999
488	587	0.1416666805744171
488	604	0.1416666805744171
489	494	0.4999999999999999
489	582	0.4999999999999999
489	588	0.4999999999999999
489	1339	0.13095235824584958
490	495	0.9999999999999998
490	545	0.4999999999999999
490	551	0.4999999999999999
490	583	0.9999999999999998
490	589	0.9999999999999998
490	753	0.4999999999999999
490	757	0.4999999999999999
490	1592	0.4999999999999999
491	496	0.9999999999999998
492	497	0.9999999999999998
493	498	0.9999999999999998
494	582	0.4999999999999999
494	588	0.4999999999999999
494	651	0.3703892442588899
494	1339	0.13095235824584958
495	545	0.4999999999999999
495	551	0.4999999999999999
495	583	0.9999999999999998
495	589	0.9999999999999998
495	753	0.4999999999999999
495	757	0.4999999999999999
495	1592	0.4999999999999999
510	511	0.2188663505341016
514	522	0.9999999999999998
514	659	0.13333332538604734
514	662	0.13333332538604734
514	698	0.11904758214950559
514	706	0.11904758214950559
514	805	0.10256412625312802
514	1605	0.1474359333515167
515	523	0.9999999999999998
515	1048	0.18181818723678586
515	1114	0.18181818723678586
515	1118	0.4999999999999999
515	1267	0.2272727191448211
516	517	0.21874997019767756
516	524	0.9999999999999998
516	525	0.21874997019767756
516	684	0.11458331346511838
517	524	0.21874997019767756
517	525	0.9999999999999998
517	699	0.16666668653488156
517	707	0.16666668653488156
518	526	0.9999999999999998
518	1313	0.11111110448837277
519	527	0.4999999999999999
520	565	0.11785114424670741
520	704	0.11904761195182798
522	659	0.13333332538604734
522	662	0.13333332538604734
522	698	0.11904758214950559
522	706	0.11904758214950559
522	805	0.10256412625312802
522	1605	0.1474359333515167
523	1048	0.18181818723678586
523	1114	0.18181818723678586
523	1118	0.4999999999999999
523	1267	0.2272727191448211
524	525	0.21874997019767756
524	684	0.11458331346511838
525	699	0.16666668653488156
525	707	0.16666668653488156
526	1313	0.11111110448837277
534	647	0.17857143282890317
534	713	0.11904764175415036
534	732	0.11904764175415036
534	784	0.17857143282890317
534	788	0.17857143282890317
534	905	0.18055555224418637
534	911	0.4999999999999999
537	618	0.10416665673255918
537	633	0.10416665673255918
537	770	0.10416665673255918
537	1477	0.10416665673255918
544	550	0.4999999999999999
544	565	0.10713741535523816
545	551	0.9999999999999998
545	583	0.4999999999999999
545	589	0.4999999999999999
545	753	0.4999999999999999
545	757	0.4999999999999999
546	552	0.9999999999999998
547	553	0.9999999999999998
547	1204	0.2571297462763534
548	554	0.9999999999999998
549	555	0.9999999999999998
549	671	0.11111113429069516
549	676	0.11111113429069516
549	935	0.18518516421318051
549	955	0.1018518507480621
549	956	0.12037035822868344
549	1050	0.12037035822868344
549	1269	0.18518516421318051
549	1370	0.10555553436279294
549	1405	0.18518516421318051
549	1410	0.18518516421318051
549	1432	0.10555553436279294
550	565	0.10713741535523816
551	583	0.4999999999999999
551	589	0.4999999999999999
551	753	0.4999999999999999
551	757	0.4999999999999999
553	1204	0.2571297462763534
555	671	0.11111113429069516
555	676	0.11111113429069516
555	935	0.18518516421318051
555	955	0.1018518507480621
555	956	0.12037035822868344
555	1050	0.12037035822868344
555	1269	0.18518516421318051
555	1370	0.10555553436279294
555	1405	0.18518516421318051
555	1410	0.18518516421318051
555	1432	0.10555553436279294
561	567	0.9999999999999998
562	568	0.9999999999999998
563	692	0.15277776122093198
563	695	0.15277776122093198
563	1167	0.1574074029922485
564	566	0.4999999999999999
564	569	0.4999999999999999
564	753	0.4999999999999999
564	757	0.4999999999999999
565	752	0.7071067811865475
565	756	0.7071067811865475
565	1484	0.1374929664987849
566	753	0.4999999999999999
566	757	0.4999999999999999
571	572	0.24999999999999994
573	577	0.4999999999999999
574	578	0.9999999999999998
575	579	0.9999999999999998
576	580	0.7071067811865475
581	585	0.4374999999999999
581	591	0.4374999999999999
582	588	0.4999999999999999
582	1339	0.13095235824584958
583	589	0.9999999999999998
583	753	0.4999999999999999
583	757	0.4999999999999999
583	1592	0.4999999999999999
584	590	0.9999999999999998
584	617	0.4999999999999999
584	621	0.4999999999999999
584	765	0.4999999999999999
584	772	0.4999999999999999
584	1475	0.4999999999999999
585	591	0.9999999999999998
586	592	0.4038461446762084
587	593	0.4999999999999999
587	604	0.4999999999999999
588	603	0.4999999999999999
588	1339	0.13095235824584958
589	753	0.4999999999999999
589	757	0.4999999999999999
589	1592	0.4999999999999999
590	617	0.4999999999999999
590	621	0.4999999999999999
590	765	0.4999999999999999
590	772	0.4999999999999999
590	1475	0.4999999999999999
594	1526	0.4999999999999999
597	1322	0.4999999999999999
597	1471	0.4999999999999999
598	1323	0.4999999999999999
598	1458	0.4999999999999999
598	1474	0.4999999999999999
598	1509	0.12121209502220151
599	1459	0.4999999999999999
599	1473	0.9999999999999998
600	1472	0.4999999999999999
601	608	0.32352942228317255
609	1262	0.16666668653488156
614	693	0.40000000596046437
614	781	0.10416665673255918
614	832	0.17948716878890988
614	1048	0.14999997615814206
614	1114	0.14999997615814206
614	1494	0.1555555462837219
614	1527	0.1555555462837219
616	620	0.9999999999999998
616	1393	0.4999999999999999
617	621	0.9999999999999998
617	765	0.4999999999999999
617	772	0.4999999999999999
617	1475	0.4999999999999999
618	633	0.4999999999999999
618	674	0.12499999999999997
618	770	0.4999999999999999
618	1339	0.15476188063621518
618	1477	0.4999999999999999
619	634	0.4999999999999999
619	771	0.4999999999999999
619	1478	0.4999999999999999
620	1393	0.4999999999999999
621	765	0.4999999999999999
621	772	0.4999999999999999
621	1475	0.4999999999999999
622	1470	0.4999999999999999
627	1624	0.4999999999999999
629	764	0.24999999999999994
630	635	0.9999999999999998
630	766	0.9999999999999998
630	773	0.9999999999999998
630	1328	0.4999999999999999
630	1446	0.4999999999999999
630	1554	0.4999999999999999
630	1573	0.4999999999999999
631	636	0.9999999999999998
631	767	0.4999999999999999
631	774	0.4999999999999999
631	1019	0.10416665673255918
631	1329	0.4999999999999999
631	1555	0.4999999999999999
631	1574	0.4999999999999999
632	637	0.9999999999999998
632	1370	0.4999999999999999
632	1480	0.4999999999999999
632	1494	0.4999999999999999
632	1524	0.4999999999999999
632	1543	0.4999999999999999
632	1545	0.4999999999999999
632	1572	0.4999999999999999
632	1593	0.4999999999999999
632	1625	0.4999999999999999
633	674	0.12499999999999997
633	770	0.4999999999999999
633	1339	0.15476188063621518
633	1477	0.4999999999999999
634	771	0.4999999999999999
634	1478	0.4999999999999999
635	766	0.9999999999999998
635	773	0.9999999999999998
635	1328	0.4999999999999999
635	1446	0.4999999999999999
635	1554	0.4999999999999999
635	1573	0.4999999999999999
636	767	0.4999999999999999
636	774	0.4999999999999999
636	1019	0.10416665673255918
636	1329	0.4999999999999999
636	1555	0.4999999999999999
636	1574	0.4999999999999999
637	1370	0.4999999999999999
637	1480	0.4999999999999999
637	1494	0.4999999999999999
637	1524	0.4999999999999999
637	1543	0.4999999999999999
637	1545	0.4999999999999999
637	1572	0.4999999999999999
637	1593	0.4999999999999999
637	1625	0.4999999999999999
639	789	0.33333331346511835
641	779	0.4999999999999999
647	768	0.11805555224418637
647	775	0.11805555224418637
647	784	0.4999999999999999
647	788	0.4999999999999999
647	905	0.10714286565780637
647	911	0.17857143282890317
650	668	0.10714286565780637
650	783	0.4999999999999999
650	908	0.10714286565780637
650	1574	0.24999999999999994
651	831	0.11111116409301758
651	1427	0.1276720342993219
658	661	0.9999999999999998
659	662	0.9999999999999998
667	1626	0.10185182094573972
668	783	0.10714286565780637
668	908	0.4999999999999999
668	930	0.10416668653488156
668	1167	0.16666665673255918
668	1448	0.1363636255264282
670	673	0.24999999999999994
670	678	0.24999999999999994
671	676	0.9999999999999998
671	698	0.10714286565780637
671	706	0.10714286565780637
671	1172	0.11805558204650876
671	1185	0.1276720342993219
671	1226	0.11805558204650876
671	1460	0.19444444775581354
672	677	0.9999999999999998
672	842	0.199999988079071
673	678	0.9999999999999998
674	770	0.12499999999999997
674	1477	0.12499999999999997
674	1484	0.12499997019767758
676	698	0.10714286565780637
676	706	0.10714286565780637
676	1172	0.11805558204650876
676	1185	0.1276720342993219
676	1226	0.11805558204650876
676	1460	0.19444444775581354
677	842	0.199999988079071
682	686	0.4166666567325591
682	724	0.13095235824584958
686	724	0.13095235824584958
692	695	0.4999999999999999
692	1167	0.12037035822868344
692	1363	0.10000000149011609
692	1546	0.10000000149011609
692	1602	0.10000000149011609
693	832	0.15384614467620847
693	1048	0.11666664481163022
693	1114	0.11666664481163022
693	1494	0.13333332538604734
693	1527	0.13333332538604734
695	1167	0.12037035822868344
695	1546	0.10000000149011609
695	1602	0.10000000149011609
696	698	0.21428570151329035
696	706	0.21428570151329035
697	739	0.11904764175415036
698	706	0.9999999999999998
698	1460	0.13095238804817197
698	1645	0.10119047760963437
699	707	0.9999999999999998
699	747	0.11538460850715634
700	708	0.9999999999999998
700	918	0.20238092541694636
700	1423	0.10101524843424271
700	1590	0.10101524843424271
701	709	0.9999999999999998
701	719	0.4999999999999999
701	1271	0.11666664481163022
703	710	0.9999999999999998
703	843	0.16666665673255918
703	844	0.2272727191448211
703	1259	0.4999999999999999
706	1460	0.13095238804817197
706	1645	0.10119047760963437
707	747	0.11538460850715634
708	918	0.20238092541694636
708	1423	0.10101524843424271
708	1590	0.10101524843424271
709	719	0.4999999999999999
709	1271	0.11666664481163022
710	843	0.16666665673255918
710	844	0.2272727191448211
710	1259	0.4999999999999999
713	732	0.4999999999999999
713	905	0.11904764175415036
713	911	0.11904764175415036
718	1278	0.14583334326744077
719	1271	0.11666664481163022
721	912	0.4999999999999999
724	990	0.11904764175415036
727	954	0.11458331346511838
732	905	0.11904764175415036
732	911	0.11904764175415036
732	1332	0.13194441795349118
740	1040	0.12570782257132018
741	744	0.16666668653488156
743	744	0.11458328366279599
744	746	0.12499997019767758
747	1312	0.21969693899154658
751	760	0.7071067811865475
751	762	0.7071067811865475
752	756	0.4999999999999999
753	757	0.9999999999999998
754	758	0.9999999999999998
755	759	0.9999999999999998
755	909	0.21428570151329035
759	909	0.21428570151329035
760	762	0.4999999999999999
765	772	0.9999999999999998
765	1475	0.4999999999999999
766	773	0.9999999999999998
766	1328	0.4999999999999999
766	1446	0.4999999999999999
766	1554	0.4999999999999999
766	1573	0.4999999999999999
767	774	0.9999999999999998
767	1019	0.10416665673255918
767	1329	0.4999999999999999
767	1555	0.4999999999999999
767	1574	0.4999999999999999
768	775	0.9999999999999998
769	776	0.4999999999999999
770	1339	0.15476188063621518
770	1477	0.4999999999999999
771	1478	0.4999999999999999
772	1475	0.4999999999999999
773	1328	0.4999999999999999
773	1446	0.4999999999999999
773	1554	0.4999999999999999
773	1573	0.4999999999999999
774	1019	0.10416665673255918
774	1329	0.4999999999999999
774	1555	0.4999999999999999
774	1574	0.4999999999999999
781	832	0.10897439718246457
781	1494	0.10555556416511533
781	1527	0.10555556416511533
783	784	0.4999999999999999
783	794	0.17708331346511838
783	908	0.10714286565780637
783	1574	0.24999999999999994
784	788	0.4999999999999999
784	794	0.17708331346511838
784	905	0.10714286565780637
784	911	0.17857143282890317
786	1311	0.4999999999999999
786	1321	0.4999999999999999
786	1330	0.4999999999999999
786	1349	0.4999999999999999
786	1364	0.4999999999999999
786	1398	0.4999999999999999
786	1429	0.4999999999999999
786	1450	0.4999999999999999
786	1513	0.4999999999999999
786	1520	0.4999999999999999
786	1526	0.4999999999999999
786	1564	0.4999999999999999
788	905	0.10714286565780637
788	911	0.17857143282890317
794	795	0.11785114424670741
796	800	0.4999999999999999
796	809	0.4999999999999999
796	817	0.2727272510528564
796	819	0.2727272510528564
796	825	0.2727272510528564
800	809	0.4999999999999999
800	817	0.2727272510528564
800	819	0.2727272510528564
800	825	0.2727272510528564
805	1100	0.1574074029922485
805	1185	0.17677669529663687
805	1221	0.10416668653488156
809	817	0.2727272510528564
809	819	0.2727272510528564
809	825	0.2727272510528564
812	875	0.4999999999999999
812	885	0.4999999999999999
817	819	0.4999999999999999
817	825	0.4999999999999999
818	858	0.20000001788139338
819	825	0.4999999999999999
819	918	0.10416665673255918
831	865	0.1178511020998589
831	1427	0.1374930086456334
831	1494	0.10213761901008782
831	1527	0.10213761901008782
832	1494	0.33333331346511835
832	1527	0.33333331346511835
835	838	0.4999999999999999
839	1318	0.1574074029922485
839	1347	0.1416666507720947
839	1351	0.1574074029922485
839	1358	0.12499999999999997
839	1372	0.1574074029922485
839	1373	0.22260768412956516
839	1388	0.10416668653488156
839	1389	0.1574074029922485
839	1457	0.1416666507720947
840	1271	0.4999999999999999
843	844	0.1851851940155029
845	1402	0.11111110448837277
848	925	0.2272727191448211
850	1266	0.18181818723678586
853	909	0.4999999999999999
853	1583	0.13333332538604734
854	885	0.10555553436279294
875	885	0.4999999999999999
875	898	0.11111110448837277
880	881	0.26666665077209467
890	1268	0.1583333611488342
891	942	0.4999999999999999
893	953	0.4999999999999999
893	1171	0.30555552244186396
893	1337	0.4999999999999999
894	947	0.13888886570930478
895	898	0.4999999999999999
895	949	0.4999999999999999
895	951	0.4999999999999999
897	952	0.4999999999999999
898	949	0.4999999999999999
898	951	0.4999999999999999
900	930	0.10416668653488156
901	902	0.13333332538604734
902	1146	0.10256412625312802
903	922	0.4999999999999999
903	1251	0.11666664481163022
903	1261	0.4999999999999999
905	911	0.18055555224418637
905	1066	0.23611110448837275
908	1167	0.16666665673255918
908	1448	0.1363636255264282
910	988	0.19230768084526056
912	1178	0.18181818723678586
913	1163	0.2272727191448211
913	1284	0.1363636255264282
913	1302	0.2272727191448211
919	960	0.15476188063621518
921	1415	0.4999999999999999
922	1251	0.11666664481163022
922	1261	0.4999999999999999
923	1193	0.4999999999999999
923	1256	0.4999999999999999
924	1228	0.11538460850715634
925	932	0.18181818723678586
925	1201	0.18181818723678586
926	1262	0.15476188063621518
927	929	0.13333332538604734
927	988	0.19230768084526056
927	1382	0.11538460850715634
928	989	0.4999999999999999
932	957	0.18181818723678586
932	1201	0.4999999999999999
935	955	0.13095238804817197
935	956	0.11666664481163022
935	1050	0.11666664481163022
935	1172	0.18181818723678586
935	1226	0.18181818723678586
935	1269	0.4999999999999999
935	1405	0.4999999999999999
935	1410	0.4999999999999999
936	981	0.4999999999999999
938	1000	0.11666664481163022
938	1190	0.4999999999999999
938	1203	0.7071067811865475
938	1236	0.4999999999999999
938	1253	0.7071067811865475
938	1409	0.4999999999999999
944	1575	0.4999999999999999
947	1479	0.16666667163372037
949	951	0.4999999999999999
954	1149	0.14583334326744077
955	1269	0.13095238804817197
955	1405	0.13095238804817197
955	1410	0.13095238804817197
956	1050	0.4999999999999999
956	1269	0.11666664481163022
956	1370	0.13333332538604734
956	1405	0.11666664481163022
956	1410	0.11666664481163022
956	1432	0.13333332538604734
971	1361	0.14999997615814206
980	1066	0.15277776122093198
980	1153	0.15384614467620847
980	1159	0.4999999999999999
980	1182	0.4999999999999999
980	1195	0.4999999999999999
980	1249	0.4999999999999999
980	1251	0.4999999999999999
980	1302	0.4999999999999999
980	1306	0.4999999999999999
986	987	0.13333332538604734
991	1008	0.4999999999999999
991	1010	0.11666664481163022
991	1011	0.4999999999999999
994	1015	0.22619050741195673
995	1167	0.14393940567970273
995	1566	0.11111116409301755
997	1011	0.4999999999999999
998	1002	0.4999999999999999
999	1006	0.13541665673255918
1000	1190	0.11666664481163022
1000	1203	0.16499155136917218
1000	1236	0.11666664481163022
1000	1253	0.16499155136917218
1000	1360	0.1833333373069763
1000	1409	0.11666664481163022
1008	1010	0.11666664481163022
1008	1011	0.4999999999999999
1010	1011	0.11666664481163022
1016	1167	0.16666665673255918
1019	1329	0.10416665673255918
1019	1555	0.10416665673255918
1019	1574	0.10416665673255918
1025	1027	0.4999999999999999
1025	1029	0.4999999999999999
1026	1028	0.4999999999999999
1026	1030	0.4999999999999999
1027	1029	0.4999999999999999
1028	1030	0.4999999999999999
1035	1153	0.11666667461395261
1040	1108	0.2571297462763534
1040	1159	0.2571297462763534
1040	1277	0.10713741535523816
1041	1042	0.4999999999999999
1041	1648	0.11111113429069516
1042	1648	0.11111113429069516
1043	1044	0.4999999999999999
1043	1115	0.4999999999999999
1043	1191	0.11666664481163022
1044	1191	0.11666664481163022
1046	1346	0.10555553436279294
1047	1094	0.1018518507480621
1047	1096	0.1018518507480621
1047	1100	0.1018518507480621
1048	1114	0.4999999999999999
1048	1118	0.18181818723678586
1050	1269	0.11666664481163022
1050	1370	0.13333332538604734
1050	1405	0.11666664481163022
1050	1410	0.11666664481163022
1050	1432	0.13333332538604734
1052	1058	0.4999999999999999
1053	1059	0.4999999999999999
1058	1064	0.13095235824584958
1064	1476	0.16666667163372037
1066	1159	0.15277776122093198
1066	1182	0.15277776122093198
1066	1195	0.15277776122093198
1066	1249	0.15277776122093198
1066	1251	0.15277776122093198
1066	1274	0.15277776122093198
1066	1302	0.15277776122093198
1066	1306	0.15277776122093198
1066	1351	0.1851851940155029
1070	1125	0.4999999999999999
1071	1192	0.18181818723678586
1071	1225	0.4999999999999999
1074	1079	0.11363637447357175
1075	1303	0.14285713434219358
1079	1213	0.10833331942558286
1080	1152	0.23913043737411493
1080	1296	0.18181818723678586
1086	1087	0.4999999999999999
1086	1201	0.4999999999999999
1086	1282	0.18181818723678586
1087	1201	0.4999999999999999
1087	1282	0.18181818723678586
1092	1138	0.12037038803100583
1093	1097	0.4999999999999999
1093	1099	0.4999999999999999
1094	1096	0.4999999999999999
1094	1100	0.4999999999999999
1094	1421	0.11666667461395261
1096	1100	0.4999999999999999
1097	1099	0.4999999999999999
1107	1549	0.17857143282890317
1108	1159	0.4999999999999999
1114	1118	0.18181818723678586
1114	1405	0.4999999999999999
1115	1280	0.4999999999999999
1118	1267	0.2272727191448211
1122	1448	0.15277776122093198
1122	1452	0.11111107468605039
1128	1153	0.10897439718246457
1153	1159	0.15384614467620847
1153	1182	0.15384614467620847
1153	1195	0.15384614467620847
1153	1196	0.15384614467620847
1153	1249	0.15384614467620847
1153	1251	0.15384614467620847
1153	1302	0.15384614467620847
1153	1306	0.15384614467620847
1154	1170	0.4999999999999999
1154	1196	0.11666664481163022
1154	1240	0.4999999999999999
1159	1182	0.4999999999999999
1159	1195	0.4999999999999999
1159	1249	0.4999999999999999
1159	1251	0.4999999999999999
1159	1302	0.4999999999999999
1159	1306	0.4999999999999999
1162	1171	0.13888886570930478
1163	1284	0.18181818723678586
1163	1302	0.4999999999999999
1167	1386	0.10256412625312802
1168	1248	0.2272727191448211
1169	1170	0.4999999999999999
1169	1233	0.4999999999999999
1169	1248	0.11666664481163022
1170	1240	0.4999999999999999
1171	1337	0.30555552244186396
1172	1185	0.3214121617720174
1172	1226	0.4999999999999999
1172	1269	0.18181818723678586
1172	1405	0.18181818723678586
1172	1410	0.18181818723678586
1172	1460	0.12878790497779843
1173	1244	0.1742424368858337
1173	1574	0.14583334326744077
1182	1195	0.4999999999999999
1182	1249	0.4999999999999999
1182	1251	0.4999999999999999
1182	1302	0.4999999999999999
1182	1306	0.4999999999999999
1185	1221	0.1374929664987849
1185	1226	0.3214121617720174
1185	1460	0.17677669529663687
1188	1190	0.18181818723678586
1189	1197	0.4999999999999999
1189	1229	0.4999999999999999
1190	1203	0.7071067811865475
1190	1236	0.4999999999999999
1190	1253	0.7071067811865475
1190	1409	0.4999999999999999
1191	1240	0.4999999999999999
1192	1225	0.18181818723678586
1193	1256	0.4999999999999999
1194	1250	0.4999999999999999
1195	1249	0.4999999999999999
1195	1251	0.4999999999999999
1195	1302	0.4999999999999999
1195	1306	0.4999999999999999
1197	1229	0.4999999999999999
1200	1238	0.4999999999999999
1201	1282	0.18181818723678586
1202	1227	0.4999999999999999
1202	1252	0.4999999999999999
1203	1236	0.7071067811865475
1203	1253	1.0
1203	1409	0.7071067811865475
1216	1217	0.22222220897674555
1221	1645	0.12878787517547605
1224	1235	0.10101524843424271
1226	1269	0.18181818723678586
1226	1405	0.18181818723678586
1226	1410	0.18181818723678586
1226	1460	0.12878790497779843
1230	1238	0.4999999999999999
1233	1234	0.11666664481163022
1233	1248	0.11666664481163022
1236	1253	0.7071067811865475
1236	1409	0.4999999999999999
1244	1245	0.22222220897674555
1249	1251	0.4999999999999999
1249	1302	0.4999999999999999
1249	1306	0.4999999999999999
1251	1261	0.11666664481163022
1251	1302	0.4999999999999999
1251	1306	0.4999999999999999
1253	1409	0.7071067811865475
1269	1405	0.4999999999999999
1269	1410	0.4999999999999999
1277	1287	0.4999999999999999
1279	1332	0.4999999999999999
1279	1394	0.4999999999999999
1279	1427	0.4999999999999999
1279	1433	0.4999999999999999
1279	1435	0.4999999999999999
1279	1466	0.4999999999999999
1279	1481	0.4999999999999999
1279	1487	0.4999999999999999
1279	1594	0.4999999999999999
1279	1605	0.4999999999999999
1279	1630	0.4999999999999999
1279	1646	0.4999999999999999
1282	1349	0.11764705181121823
1283	1419	0.1607142388820648
1289	1416	0.28571426868438715
1294	1376	0.18181818723678586
1302	1306	0.4999999999999999
1307	1310	0.4999999999999999
1307	1316	0.4999999999999999
1307	1333	0.4999999999999999
1307	1343	0.4999999999999999
1307	1367	0.4999999999999999
1307	1424	0.4999999999999999
1307	1463	0.4999999999999999
1307	1491	0.4999999999999999
1307	1516	0.7071067811865475
1307	1521	0.4999999999999999
1307	1556	0.4999999999999999
1307	1561	0.4999999999999999
1307	1569	0.4999999999999999
1307	1577	0.13333332538604734
1307	1583	0.4999999999999999
1307	1597	0.13333332538604734
1307	1641	0.4999999999999999
1307	1649	0.4999999999999999
1308	1334	0.9999999999999998
1308	1339	0.199999988079071
1308	1344	0.9999999999999998
1308	1368	0.9999999999999998
1308	1425	0.9999999999999998
1308	1464	0.9999999999999998
1308	1484	0.10000002384185788
1308	1492	0.9999999999999998
1308	1517	0.9999999999999998
1308	1522	0.9999999999999998
1308	1557	0.9999999999999998
1308	1562	0.9999999999999998
1308	1570	0.9999999999999998
1308	1578	0.4999999999999999
1308	1584	0.9999999999999998
1308	1598	0.4999999999999999
1308	1642	0.9999999999999998
1308	1650	0.9999999999999998
1309	1335	0.4999999999999999
1309	1345	0.4999999999999999
1309	1369	0.4999999999999999
1309	1426	0.4999999999999999
1309	1465	0.4999999999999999
1309	1485	0.4999999999999999
1309	1493	0.4999999999999999
1309	1518	0.4999999999999999
1309	1523	0.4999999999999999
1309	1558	0.4999999999999999
1309	1563	0.4999999999999999
1309	1571	0.4999999999999999
1309	1579	0.4999999999999999
1309	1585	0.4999999999999999
1309	1599	0.4999999999999999
1309	1643	0.9999999999999998
1309	1651	0.9999999999999998
1310	1316	0.4999999999999999
1310	1486	0.4999999999999999
1310	1644	0.4999999999999999
1310	1652	0.4999999999999999
1311	1321	0.4999999999999999
1311	1330	0.4999999999999999
1311	1349	0.4999999999999999
1311	1364	0.4999999999999999
1311	1398	0.4999999999999999
1311	1429	0.4999999999999999
1311	1450	0.4999999999999999
1311	1513	0.4999999999999999
1311	1520	0.4999999999999999
1311	1526	0.4999999999999999
1311	1564	0.4999999999999999
1315	1343	0.13333332538604734
1315	1362	0.13333332538604734
1315	1567	0.13333332538604734
1317	1336	0.4999999999999999
1318	1347	0.44999998807907093
1318	1351	0.4999999999999999
1318	1372	0.4999999999999999
1318	1373	0.7071067811865475
1318	1389	0.4999999999999999
1318	1457	0.44999998807907093
1321	1330	0.4999999999999999
1321	1349	0.4999999999999999
1321	1364	0.4999999999999999
1321	1398	0.4999999999999999
1321	1429	0.4999999999999999
1321	1450	0.4999999999999999
1321	1513	0.4999999999999999
1321	1520	0.4999999999999999
1321	1526	0.4999999999999999
1321	1564	0.4999999999999999
1322	1458	0.12121209502220151
1325	1331	0.10416662693023679
1327	1434	0.4999999999999999
1327	1525	0.4999999999999999
1327	1544	0.4999999999999999
1328	1446	0.4999999999999999
1328	1554	0.4999999999999999
1328	1573	0.4999999999999999
1329	1555	0.4999999999999999
1329	1574	0.4999999999999999
1330	1349	0.4999999999999999
1330	1364	0.4999999999999999
1330	1398	0.4999999999999999
1330	1429	0.4999999999999999
1330	1450	0.4999999999999999
1330	1513	0.4999999999999999
1330	1520	0.4999999999999999
1330	1526	0.4999999999999999
1330	1564	0.4999999999999999
1332	1394	0.4999999999999999
1332	1427	0.4999999999999999
1332	1433	0.4999999999999999
1332	1435	0.4999999999999999
1332	1466	0.4999999999999999
1332	1481	0.4999999999999999
1332	1487	0.4999999999999999
1332	1594	0.4999999999999999
1332	1605	0.4999999999999999
1332	1630	0.4999999999999999
1332	1646	0.4999999999999999
1333	1343	0.4999999999999999
1333	1367	0.4999999999999999
1333	1424	0.4999999999999999
1333	1463	0.4999999999999999
1333	1491	0.4999999999999999
1333	1516	0.7071067811865475
1333	1521	0.4999999999999999
1333	1556	0.4999999999999999
1333	1561	0.4999999999999999
1333	1569	0.4999999999999999
1333	1577	0.13333332538604734
1333	1583	0.4999999999999999
1333	1597	0.13333332538604734
1333	1641	0.4999999999999999
1333	1649	0.4999999999999999
1334	1339	0.199999988079071
1334	1344	0.9999999999999998
1334	1368	0.9999999999999998
1334	1425	0.9999999999999998
1334	1464	0.9999999999999998
1334	1484	0.10000002384185788
1334	1492	0.9999999999999998
1334	1517	0.9999999999999998
1334	1522	0.9999999999999998
1334	1557	0.9999999999999998
1334	1562	0.9999999999999998
1334	1570	0.9999999999999998
1334	1578	0.4999999999999999
1334	1584	0.9999999999999998
1334	1598	0.4999999999999999
1334	1642	0.9999999999999998
1334	1650	0.9999999999999998
1335	1345	0.4999999999999999
1335	1369	0.4999999999999999
1335	1426	0.4999999999999999
1335	1465	0.4999999999999999
1335	1493	0.4999999999999999
1335	1518	0.4999999999999999
1335	1523	0.4999999999999999
1335	1558	0.4999999999999999
1335	1563	0.4999999999999999
1335	1571	0.4999999999999999
1335	1579	0.4999999999999999
1335	1585	0.4999999999999999
1335	1599	0.4999999999999999
1335	1643	0.4999999999999999
1335	1651	0.4999999999999999
1338	1341	0.4999999999999999
1339	1344	0.199999988079071
1339	1368	0.199999988079071
1339	1425	0.199999988079071
1339	1464	0.199999988079071
1339	1477	0.15476188063621518
1339	1492	0.199999988079071
1339	1517	0.199999988079071
1339	1522	0.199999988079071
1339	1557	0.199999988079071
1339	1562	0.199999988079071
1339	1570	0.199999988079071
1339	1584	0.199999988079071
1339	1642	0.199999988079071
1339	1650	0.199999988079071
1341	1486	0.4999999999999999
1342	1374	0.4999999999999999
1342	1528	0.4999999999999999
1343	1362	0.4999999999999999
1343	1367	0.4999999999999999
1343	1424	0.4999999999999999
1343	1463	0.4999999999999999
1343	1491	0.4999999999999999
1343	1516	0.7071067811865475
1343	1521	0.4999999999999999
1343	1556	0.4999999999999999
1343	1561	0.4999999999999999
1343	1567	0.4999999999999999
1343	1569	0.4999999999999999
1343	1577	0.13333332538604734
1343	1583	0.4999999999999999
1343	1597	0.13333332538604734
1343	1641	0.4999999999999999
1343	1649	0.4999999999999999
1344	1368	0.9999999999999998
1344	1425	0.9999999999999998
1344	1464	0.9999999999999998
1344	1484	0.10000002384185788
1344	1492	0.9999999999999998
1344	1517	0.9999999999999998
1344	1522	0.9999999999999998
1344	1557	0.9999999999999998
1344	1562	0.9999999999999998
1344	1570	0.9999999999999998
1344	1578	0.4999999999999999
1344	1584	0.9999999999999998
1344	1598	0.4999999999999999
1344	1642	0.9999999999999998
1344	1650	0.9999999999999998
1345	1369	0.4999999999999999
1345	1426	0.4999999999999999
1345	1465	0.4999999999999999
1345	1493	0.4999999999999999
1345	1518	0.4999999999999999
1345	1523	0.4999999999999999
1345	1558	0.4999999999999999
1345	1563	0.4999999999999999
1345	1571	0.4999999999999999
1345	1579	0.4999999999999999
1345	1585	0.4999999999999999
1345	1599	0.4999999999999999
1345	1643	0.4999999999999999
1345	1651	0.4999999999999999
1347	1351	0.44999998807907093
1347	1372	0.44999998807907093
1347	1373	0.6363960862091533
1347	1389	0.44999998807907093
1347	1457	0.4999999999999999
1349	1364	0.4999999999999999
1349	1398	0.4999999999999999
1349	1429	0.4999999999999999
1349	1450	0.4999999999999999
1349	1513	0.4999999999999999
1349	1520	0.4999999999999999
1349	1526	0.4999999999999999
1349	1564	0.4999999999999999
1351	1372	0.4999999999999999
1351	1373	0.7071067811865475
1351	1389	0.4999999999999999
1351	1457	0.44999998807907093
1358	1373	0.13094570646370857
1362	1567	0.4999999999999999
1364	1398	0.4999999999999999
1364	1429	0.4999999999999999
1364	1450	0.4999999999999999
1364	1513	0.4999999999999999
1364	1520	0.4999999999999999
1364	1526	0.4999999999999999
1364	1564	0.4999999999999999
1365	1540	0.4999999999999999
1367	1424	0.4999999999999999
1367	1463	0.4999999999999999
1367	1491	0.4999999999999999
1367	1516	0.7071067811865475
1367	1521	0.4999999999999999
1367	1556	0.4999999999999999
1367	1561	0.4999999999999999
1367	1569	0.4999999999999999
1367	1577	0.13333332538604734
1367	1583	0.4999999999999999
1367	1597	0.13333332538604734
1367	1641	0.4999999999999999
1367	1649	0.4999999999999999
1368	1425	0.9999999999999998
1368	1464	0.9999999999999998
1368	1484	0.10000002384185788
1368	1492	0.9999999999999998
1368	1517	0.9999999999999998
1368	1522	0.9999999999999998
1368	1557	0.9999999999999998
1368	1562	0.9999999999999998
1368	1570	0.9999999999999998
1368	1578	0.4999999999999999
1368	1584	0.9999999999999998
1368	1598	0.4999999999999999
1368	1642	0.9999999999999998
1368	1650	0.9999999999999998
1369	1426	0.4999999999999999
1369	1465	0.4999999999999999
1369	1493	0.9999999999999998
1369	1518	0.4999999999999999
1369	1523	0.9999999999999998
1369	1558	0.4999999999999999
1369	1563	0.4999999999999999
1369	1571	0.9999999999999998
1369	1579	0.4999999999999999
1369	1585	0.4999999999999999
1369	1592	0.4999999999999999
1369	1599	0.4999999999999999
1369	1643	0.4999999999999999
1369	1651	0.4999999999999999
1370	1432	0.4999999999999999
1370	1480	0.4999999999999999
1370	1494	0.4999999999999999
1370	1524	0.4999999999999999
1370	1543	0.4999999999999999
1370	1545	0.4999999999999999
1370	1572	0.4999999999999999
1370	1593	0.4999999999999999
1370	1625	0.4999999999999999
1372	1373	0.7071067811865475
1372	1389	0.4999999999999999
1372	1457	0.44999998807907093
1373	1389	0.7071067811865475
1373	1457	0.6363960862091533
1374	1528	0.4999999999999999
1379	1438	0.4999999999999999
1379	1509	0.12121209502220151
1381	1505	0.4999999999999999
1386	1566	0.10897439718246457
1389	1457	0.44999998807907093
1389	1500	0.4999999999999999
1393	1453	0.4999999999999999
1393	1550	0.4999999999999999
1394	1427	0.4999999999999999
1394	1433	0.4999999999999999
1394	1435	0.4999999999999999
1394	1466	0.4999999999999999
1394	1481	0.4999999999999999
1394	1487	0.4999999999999999
1394	1594	0.4999999999999999
1394	1605	0.4999999999999999
1394	1630	0.4999999999999999
1394	1646	0.4999999999999999
1398	1429	0.4999999999999999
1398	1450	0.4999999999999999
1398	1513	0.4999999999999999
1398	1520	0.4999999999999999
1398	1526	0.4999999999999999
1398	1564	0.4999999999999999
1405	1410	0.4999999999999999
1423	1590	1.0
1424	1463	0.4999999999999999
1424	1491	0.4999999999999999
1424	1516	0.7071067811865475
1424	1521	0.4999999999999999
1424	1556	0.4999999999999999
1424	1561	0.4999999999999999
1424	1569	0.4999999999999999
1424	1577	0.13333332538604734
1424	1583	0.4999999999999999
1424	1591	0.13333332538604734
1424	1597	0.13333332538604734
1424	1641	0.4999999999999999
1424	1649	0.4999999999999999
1425	1464	0.9999999999999998
1425	1484	0.10000002384185788
1425	1492	0.9999999999999998
1425	1517	0.9999999999999998
1425	1522	0.9999999999999998
1425	1557	0.9999999999999998
1425	1562	0.9999999999999998
1425	1570	0.9999999999999998
1425	1578	0.4999999999999999
1425	1584	0.9999999999999998
1425	1598	0.4999999999999999
1425	1642	0.9999999999999998
1425	1650	0.9999999999999998
1426	1465	0.9999999999999998
1426	1493	0.4999999999999999
1426	1518	0.4999999999999999
1426	1523	0.4999999999999999
1426	1558	0.4999999999999999
1426	1563	0.4999999999999999
1426	1571	0.4999999999999999
1426	1579	0.4999999999999999
1426	1585	0.4999999999999999
1426	1599	0.4999999999999999
1426	1643	0.4999999999999999
1426	1651	0.4999999999999999
1427	1433	0.4999999999999999
1427	1435	0.4999999999999999
1427	1466	0.4999999999999999
1427	1481	0.4999999999999999
1427	1487	0.4999999999999999
1427	1594	0.4999999999999999
1427	1605	0.4999999999999999
1427	1630	0.4999999999999999
1427	1646	0.4999999999999999
1429	1450	0.4999999999999999
1429	1513	0.4999999999999999
1429	1520	0.4999999999999999
1429	1526	0.4999999999999999
1429	1564	0.4999999999999999
1433	1435	0.4999999999999999
1433	1466	0.4999999999999999
1433	1481	0.4999999999999999
1433	1487	0.4999999999999999
1433	1594	0.4999999999999999
1433	1605	0.4999999999999999
1433	1630	0.4999999999999999
1433	1646	0.4999999999999999
1434	1525	0.4999999999999999
1434	1544	0.4999999999999999
1435	1466	0.4999999999999999
1435	1481	0.4999999999999999
1435	1487	0.4999999999999999
1435	1594	0.4999999999999999
1435	1605	0.4999999999999999
1435	1630	0.4999999999999999
1435	1646	0.4999999999999999
1438	1509	0.12121209502220151
1440	1443	0.4999999999999999
1440	1469	0.4999999999999999
1441	1451	0.4999999999999999
1441	1468	0.4999999999999999
1441	1479	0.4999999999999999
1441	1495	0.4999999999999999
1441	1506	0.4999999999999999
1441	1582	0.4999999999999999
1441	1627	0.4999999999999999
1443	1469	0.4999999999999999
1446	1554	0.4999999999999999
1446	1573	0.4999999999999999
1448	1452	0.18181818723678586
1450	1513	0.4999999999999999
1450	1520	0.4999999999999999
1450	1526	0.4999999999999999
1450	1564	0.4999999999999999
1451	1468	0.4999999999999999
1451	1479	0.4999999999999999
1451	1495	0.4999999999999999
1451	1506	0.4999999999999999
1451	1582	0.4999999999999999
1451	1627	0.4999999999999999
1453	1550	0.4999999999999999
1458	1474	0.4999999999999999
1458	1509	0.12121209502220151
1459	1473	0.4999999999999999
1460	1535	0.4999999999999999
1460	1629	0.4999999999999999
1461	1605	0.16666665673255918
1462	1482	1.0
1463	1483	0.4999999999999999
1463	1491	0.4999999999999999
1463	1516	0.7071067811865475
1463	1521	0.4999999999999999
1463	1556	0.4999999999999999
1463	1561	0.4999999999999999
1463	1569	0.4999999999999999
1463	1577	0.13333332538604734
1463	1583	0.4999999999999999
1463	1597	0.13333332538604734
1463	1641	0.4999999999999999
1463	1649	0.4999999999999999
1464	1484	0.10000002384185788
1464	1492	0.9999999999999998
1464	1517	0.9999999999999998
1464	1522	0.9999999999999998
1464	1557	0.9999999999999998
1464	1562	0.9999999999999998
1464	1570	0.9999999999999998
1464	1578	0.4999999999999999
1464	1584	0.9999999999999998
1464	1598	0.4999999999999999
1464	1642	0.9999999999999998
1464	1650	0.9999999999999998
1465	1493	0.4999999999999999
1465	1518	0.4999999999999999
1465	1523	0.4999999999999999
1465	1558	0.4999999999999999
1465	1563	0.4999999999999999
1465	1571	0.4999999999999999
1465	1579	0.4999999999999999
1465	1585	0.4999999999999999
1465	1599	0.4999999999999999
1465	1643	0.4999999999999999
1465	1651	0.4999999999999999
1466	1481	0.9999999999999998
1466	1487	0.9999999999999998
1466	1594	0.4999999999999999
1466	1605	0.4999999999999999
1466	1630	0.4999999999999999
1466	1646	0.4999999999999999
1468	1479	0.4999999999999999
1468	1495	0.4999999999999999
1468	1506	0.4999999999999999
1468	1582	0.4999999999999999
1468	1627	0.4999999999999999
1472	1510	0.10714286565780637
1474	1509	0.12121209502220151
1476	1609	0.4999999999999999
1479	1495	0.4999999999999999
1479	1506	0.4999999999999999
1479	1582	0.4999999999999999
1479	1627	0.4999999999999999
1480	1494	0.4999999999999999
1480	1524	0.4999999999999999
1480	1543	0.4999999999999999
1480	1545	0.4999999999999999
1480	1572	0.4999999999999999
1480	1593	0.4999999999999999
1480	1625	0.4999999999999999
1481	1487	0.9999999999999998
1481	1594	0.4999999999999999
1481	1605	0.4999999999999999
1481	1630	0.4999999999999999
1481	1646	0.4999999999999999
1484	1492	0.10000002384185788
1484	1517	0.10000002384185788
1484	1522	0.10000002384185788
1484	1557	0.10000002384185788
1484	1562	0.10000002384185788
1484	1570	0.10000002384185788
1484	1584	0.10000002384185788
1484	1642	0.10000002384185788
1484	1650	0.10000002384185788
1485	1643	0.4999999999999999
1485	1651	0.4999999999999999
1486	1644	0.4999999999999999
1486	1652	0.4999999999999999
1487	1594	0.4999999999999999
1487	1605	0.4999999999999999
1487	1630	0.4999999999999999
1487	1646	0.4999999999999999
1491	1516	0.7071067811865475
1491	1521	0.4999999999999999
1491	1556	0.4999999999999999
1491	1561	0.4999999999999999
1491	1569	0.4999999999999999
1491	1577	0.13333332538604734
1491	1583	0.4999999999999999
1491	1597	0.13333332538604734
1491	1641	0.4999999999999999
1491	1649	0.4999999999999999
1492	1517	0.9999999999999998
1492	1522	0.9999999999999998
1492	1557	0.9999999999999998
1492	1562	0.9999999999999998
1492	1570	0.9999999999999998
1492	1578	0.4999999999999999
1492	1584	0.9999999999999998
1492	1598	0.4999999999999999
1492	1642	0.9999999999999998
1492	1650	0.9999999999999998
1493	1518	0.4999999999999999
1493	1523	0.9999999999999998
1493	1558	0.4999999999999999
1493	1563	0.4999999999999999
1493	1571	0.9999999999999998
1493	1579	0.4999999999999999
1493	1585	0.4999999999999999
1493	1592	0.4999999999999999
1493	1599	0.4999999999999999
1493	1643	0.4999999999999999
1493	1651	0.4999999999999999
1494	1524	0.4999999999999999
1494	1527	0.4999999999999999
1494	1543	0.4999999999999999
1494	1545	0.4999999999999999
1494	1572	0.4999999999999999
1494	1593	0.4999999999999999
1494	1625	0.4999999999999999
1495	1506	0.4999999999999999
1495	1582	0.4999999999999999
1495	1627	0.4999999999999999
1497	1649	0.4999999999999999
1498	1524	0.4999999999999999
1501	1546	0.4999999999999999
1501	1565	0.4999999999999999
1501	1602	0.4999999999999999
1502	1547	0.4999999999999999
1502	1566	0.4999999999999999
1502	1603	0.4999999999999999
1506	1582	0.4999999999999999
1506	1627	0.4999999999999999
1513	1520	0.4999999999999999
1513	1526	0.4999999999999999
1513	1564	0.4999999999999999
1514	1515	0.4999999999999999
1516	1521	0.7071067811865475
1516	1556	0.7071067811865475
1516	1561	0.7071067811865475
1516	1569	0.7071067811865475
1516	1577	0.18856179707725304
1516	1583	0.7071067811865475
1516	1597	0.18856179707725304
1516	1641	0.7071067811865475
1516	1649	0.7071067811865475
1517	1522	0.9999999999999998
1517	1557	0.9999999999999998
1517	1562	0.9999999999999998
1517	1570	0.9999999999999998
1517	1578	0.4999999999999999
1517	1584	0.9999999999999998
1517	1598	0.4999999999999999
1517	1642	0.9999999999999998
1517	1650	0.9999999999999998
1518	1523	0.4999999999999999
1518	1558	0.4999999999999999
1518	1563	0.4999999999999999
1518	1571	0.4999999999999999
1518	1579	0.4999999999999999
1518	1585	0.4999999999999999
1518	1599	0.4999999999999999
1518	1643	0.4999999999999999
1518	1651	0.4999999999999999
1519	1567	0.4999999999999999
1520	1526	0.4999999999999999
1520	1564	0.4999999999999999
1521	1556	0.4999999999999999
1521	1561	0.4999999999999999
1521	1569	0.4999999999999999
1521	1577	0.13333332538604734
1521	1583	0.4999999999999999
1521	1597	0.13333332538604734
1521	1641	0.4999999999999999
1521	1649	0.4999999999999999
1522	1557	0.9999999999999998
1522	1562	0.9999999999999998
1522	1570	0.9999999999999998
1522	1578	0.4999999999999999
1522	1584	0.9999999999999998
1522	1598	0.4999999999999999
1522	1642	0.9999999999999998
1522	1650	0.9999999999999998
1523	1558	0.4999999999999999
1523	1563	0.4999999999999999
1523	1571	0.9999999999999998
1523	1579	0.4999999999999999
1523	1585	0.4999999999999999
1523	1592	0.4999999999999999
1523	1599	0.4999999999999999
1523	1643	0.4999999999999999
1523	1651	0.4999999999999999
1524	1543	0.4999999999999999
1524	1545	0.4999999999999999
1524	1572	0.4999999999999999
1524	1593	0.4999999999999999
1524	1625	0.4999999999999999
1525	1544	0.4999999999999999
1526	1564	0.4999999999999999
1529	1538	0.4583333432674407
1530	1531	0.1470588147640228
1532	1596	0.4999999999999999
1534	1628	0.4583333432674407
1535	1629	0.4999999999999999
1543	1545	0.4999999999999999
1543	1572	0.4999999999999999
1543	1593	0.4999999999999999
1543	1625	0.4999999999999999
1545	1572	0.4999999999999999
1545	1593	0.4999999999999999
1545	1625	0.4999999999999999
1546	1565	0.4999999999999999
1546	1602	0.9999999999999998
1547	1566	0.4999999999999999
1547	1603	0.4999999999999999
1549	1566	0.24999999999999994
1554	1573	0.4999999999999999
1555	1574	0.4999999999999999
1556	1561	0.4999999999999999
1556	1569	0.4999999999999999
1556	1577	0.13333332538604734
1556	1583	0.4999999999999999
1556	1597	0.13333332538604734
1556	1641	0.4999999999999999
1556	1649	0.4999999999999999
1557	1562	0.9999999999999998
1557	1570	0.9999999999999998
1557	1578	0.4999999999999999
1557	1584	0.9999999999999998
1557	1598	0.4999999999999999
1557	1642	0.9999999999999998
1557	1650	0.9999999999999998
1558	1563	0.4999999999999999
1558	1571	0.4999999999999999
1558	1579	0.4999999999999999
1558	1585	0.4999999999999999
1558	1599	0.4999999999999999
1558	1643	0.4999999999999999
1558	1651	0.4999999999999999
1561	1569	0.4999999999999999
1561	1577	0.13333332538604734
1561	1583	0.4999999999999999
1561	1597	0.13333332538604734
1561	1641	0.4999999999999999
1561	1649	0.4999999999999999
1562	1570	0.9999999999999998
1562	1578	0.4999999999999999
1562	1584	0.9999999999999998
1562	1598	0.4999999999999999
1562	1642	0.9999999999999998
1562	1650	0.9999999999999998
1563	1571	0.4999999999999999
1563	1579	0.4999999999999999
1563	1585	0.4999999999999999
1563	1599	0.4999999999999999
1563	1643	0.4999999999999999
1563	1651	0.4999999999999999
1565	1602	0.4999999999999999
1566	1603	0.4999999999999999
1569	1577	0.13333332538604734
1569	1583	0.4999999999999999
1569	1597	0.13333332538604734
1569	1641	0.4999999999999999
1569	1649	0.4999999999999999
1570	1578	0.4999999999999999
1570	1584	0.9999999999999998
1570	1598	0.4999999999999999
1570	1642	0.9999999999999998
1570	1650	0.9999999999999998
1571	1579	0.4999999999999999
1571	1585	0.4999999999999999
1571	1592	0.4999999999999999
1571	1599	0.4999999999999999
1571	1643	0.4999999999999999
1571	1651	0.4999999999999999
1572	1593	0.4999999999999999
1572	1625	0.4999999999999999
1577	1583	0.13333332538604734
1577	1597	0.4999999999999999
1577	1641	0.13333332538604734
1577	1649	0.13333332538604734
1578	1584	0.4999999999999999
1578	1598	0.9999999999999998
1578	1642	0.4999999999999999
1578	1650	0.4999999999999999
1579	1585	0.4999999999999999
1579	1599	0.4999999999999999
1579	1643	0.4999999999999999
1579	1651	0.4999999999999999
1580	1608	0.4999999999999999
1582	1604	0.4999999999999999
1582	1627	0.4999999999999999
1583	1597	0.13333332538604734
1583	1641	0.4999999999999999
1583	1649	0.4999999999999999
1584	1598	0.4999999999999999
1584	1642	0.9999999999999998
1584	1650	0.9999999999999998
1585	1599	0.4999999999999999
1585	1643	0.4999999999999999
1585	1651	0.4999999999999999
1586	1600	0.4999999999999999
1593	1625	0.4999999999999999
1594	1605	0.4999999999999999
1594	1630	0.4999999999999999
1594	1646	0.4999999999999999
1597	1641	0.13333332538604734
1597	1649	0.13333332538604734
1598	1642	0.4999999999999999
1598	1650	0.4999999999999999
1599	1643	0.4999999999999999
1599	1651	0.4999999999999999
1605	1630	0.4999999999999999
1605	1646	0.4999999999999999
1607	1611	0.4999999999999999
1609	1610	0.4999999999999999
1609	1637	0.4999999999999999
1609	1653	0.4999999999999999
1610	1637	0.4999999999999999
1610	1653	0.4999999999999999
1622	1623	0.4999999999999999
1630	1646	0.4999999999999999
1632	1633	0.4999999999999999
1637	1653	0.4999999999999999
1641	1649	0.4999999999999999
1642	1650	0.9999999999999998
1643	1651	0.9999999999999998
1644	1652	0.4999999999999999
