0	4	0.2988071523335984
0	74	0.10884353092738558
8	9	0.11557711239047978
10	625	0.14285714285714282
12	625	0.1010152484342427
14	331	0.159588234765189
15	16	0.26516504294495535
15	332	0.18844459036110228
15	383	0.1424034185495669
15	598	0.13998741511724072
16	17	0.14957269032796228
17	18	0.31497037540065753
18	856	0.10798984299451117
19	390	0.11785113822572905
23	24	0.38549830205056096
24	28	0.21520142135558198
25	26	0.3913118960624632
25	27	0.27272728085517883
26	27	0.2981424058853078
29	30	0.16400123943695852
30	31	0.20238094670431955
30	32	0.14285714285714288
31	499	0.14285714285714288
32	551	0.2004459314343183
34	518	0.153282185672716
37	38	0.42857142857142866
38	39	0.33407655239053047
39	40	0.1336306209562122
41	399	0.13364055327006746
43	48	0.23904572186687872
44	400	0.3571428571428572
46	47	0.3237077637969865
46	49	0.11458331346511844
47	49	0.11329772854943063
53	424	0.14285714285714288
54	57	0.1645636020264229
55	57	0.12909941409387435
56	57	0.11486150567871359
58	59	0.13671053776999928
61	185	0.25723897879373236
63	65	0.16903085094570333
64	65	0.42857142857142866
64	66	0.14285714285714288
64	67	0.12598815766974242
65	66	0.14285714285714288
65	67	0.18898223650461363
66	67	0.314970394174356
68	71	0.9999999999999997
69	72	1.0
70	73	0.9999999999999999
74	772	0.1272672663978271
78	244	0.11111110448837276
78	264	0.2222222685813903
78	492	0.11111110448837276
78	536	0.2222222685813903
78	615	0.15873008966445917
78	632	0.15238094329833982
79	245	0.4351941398892446
79	265	0.4803844614152615
79	493	0.6963106238227913
79	537	0.7833494518006402
79	539	0.1091089451179962
79	616	0.6405126152203486
79	633	0.24019223070763074
81	130	0.16903085094570333
81	495	0.13243725535166168
81	618	0.6
82	482	0.314970394174356
82	487	0.11785113019775793
82	488	0.23570226039551587
82	490	0.5000000000000001
82	500	0.1767766952966369
83	84	0.24944384277694157
86	87	0.1133893464084558
86	91	0.21166010578630473
86	322	0.6501831327165875
86	349	0.1013824939727783
87	88	0.13125000894069672
87	90	0.171875
87	323	0.6875
87	324	0.1093750074505806
88	90	0.5249999910593033
88	324	0.6875
89	92	0.5
89	94	0.16666666666666666
89	325	0.6681531047810609
90	323	0.140625
90	324	0.4374999925494194
91	93	0.26159626137945363
91	322	0.2519763228489642
92	94	0.8333333333333335
92	325	0.40089186286863654
94	325	0.1781741612749496
96	99	0.19515131635243635
96	109	0.11064039666330837
96	112	0.13410646722093458
98	102	0.26516504294495535
98	108	0.1417366773784602
99	100	0.10295811633338865
99	103	0.18055560191472375
99	109	0.18491808373365698
99	112	0.1415770451227824
99	115	0.11108633176154929
100	103	0.10021794485363299
100	112	0.10124049188762806
102	105	0.5892556509887896
102	108	0.2004459314343183
103	106	0.11858541225631423
104	107	0.14886040820015806
105	108	0.5669467095138409
106	109	0.12369974180864339
107	108	0.11548911324109977
108	766	0.1113588481418416
109	112	0.32242129961897315
109	115	0.15745007566043312
110	112	0.10030864675839744
110	113	0.10185186399353878
110	118	0.18373271241292244
112	113	0.12345690197414824
112	115	0.1889822365046136
116	117	0.21428571428571427
117	119	0.3261496798908476
118	120	0.3889730111679134
126	127	0.1336306209562122
127	128	0.43301270189221935
129	838	0.12030073574611116
130	131	0.14743593335151675
130	618	0.253546276418555
130	840	0.10193613091419172
131	839	0.25055741429289785
131	840	0.12249472260151835
132	133	0.3636549304891439
132	275	0.15476190192358832
133	743	0.10897433757781985
134	635	0.1386750490563073
136	137	0.16281613254172395
138	140	0.13583097122347193
138	141	0.5669467095138409
140	142	0.39223227027636814
143	144	0.2806099677394352
145	146	0.10303693311270122
149	151	0.11024522883585113
149	152	0.11764705181121829
150	153	0.10690449039296518
151	154	0.124721889528448
153	154	0.1224489722933088
155	156	0.10651622499738421
156	157	0.11027564321245466
161	162	0.10285708308219911
168	183	0.10744305546594517
168	265	0.10453024128210475
170	171	0.11135887203685865
170	177	0.10933415165963334
170	182	0.16400122748944998
171	183	0.11607142857142859
172	179	0.14285714285714288
174	175	0.10084033012390138
176	183	0.19780219878469196
177	178	0.5000000000000001
177	182	0.3571428571428572
177	274	0.10499548163594796
178	182	0.14285714285714288
179	180	0.30769232341221403
187	202	0.20408162048884804
188	192	0.17142856121063235
188	196	0.1336306209562122
188	199	0.2142857142857143
188	203	0.14285714285714288
189	190	0.10714294654982431
189	200	0.2142857142857143
189	204	0.2142857142857143
191	192	0.18333334582192556
192	193	0.1440475753375462
192	194	0.13928569640432087
192	203	0.1142857074737549
193	205	0.14285714285714288
194	203	0.10714285714285715
196	199	0.2004459314343183
196	203	0.2004459314343183
197	201	0.28571428571428575
197	206	0.2004459314343183
198	202	0.28571428571428575
198	207	0.14285714285714288
199	203	0.5000000000000001
199	205	0.1768707207271031
200	201	0.17410713008471898
200	204	0.5714285714285715
200	206	0.10857487156191671
201	206	0.46770717334674267
202	207	0.28571428571428575
203	205	0.22108840090887888
204	206	0.16286230734287505
210	471	0.1154459982105631
211	212	0.1646090348561605
211	213	0.336093956742752
212	213	0.35355336951984956
214	215	0.4677071733467426
218	227	0.16836734328951156
219	220	0.10131057842623328
219	221	0.15506724699926147
219	222	0.15004140008627412
221	223	0.12638889749844873
222	223	0.10394019853772407
227	233	0.14285714285714288
230	231	0.24296477261584548
232	234	0.13867506558766138
236	459	0.4285714285714285
236	831	0.4285714285714285
237	460	0.23570226039551587
237	833	0.1781741612749496
237	834	0.25197631533948484
237	835	0.18898223650461363
238	475	0.19047612803322922
240	243	0.10838687292427292
243	865	0.10157793973058882
244	264	0.2037037014961242
244	492	0.9999999999999997
244	536	0.2037037014961242
244	615	0.2380952835083007
244	838	0.11904762472425186
245	265	0.6689936080056728
245	493	0.7272727272727274
245	537	0.4545454545454546
245	539	0.11396057645963795
245	616	0.5017452060042545
245	633	0.41812100500354543
246	266	0.1571428605488369
247	495	0.4122383329603407
247	618	0.13243725535166168
247	868	0.11942247710184009
248	253	0.11307206511141117
251	252	0.11842104792594912
257	258	0.2004459314343183
260	261	0.11135882424682449
260	263	0.11978935879348954
260	728	0.1011904776096344
264	492	0.2037037014961242
264	536	0.9999999999999997
264	615	0.1269840002059936
265	493	0.41812100500354543
265	537	0.6689936080056728
265	539	0.10482848367219183
265	616	0.38461538461538464
265	633	0.46153846153846156
267	538	0.4444444444444444
268	269	0.13648714577728968
269	270	0.271437198817306
269	273	0.10857487952692241
270	273	0.14285714285714288
271	274	0.2004459314343183
276	277	0.21859640631483268
277	278	0.1290750246135309
278	865	0.10476190703255787
279	280	0.3214285714285714
281	282	0.11151960119605064
285	291	0.16826923936605453
285	295	0.1079324301327138
288	298	0.2004459314343183
289	290	0.10714284011295863
291	295	0.2004459314343183
293	294	0.2672612419124244
298	299	0.39772725850343704
299	309	0.1336306209562122
299	438	0.12112034655990465
301	302	0.16666666950498313
306	307	0.14285714711461747
323	324	0.13125000894069672
325	408	0.1336306209562122
325	755	0.1336306209562122
328	330	0.2004459314343183
332	333	0.10915616973920847
332	598	0.10606061328541148
334	335	0.11236661695357814
339	803	0.10101525445522107
346	347	0.5714285714285715
347	704	0.1024501406090945
352	355	0.17459424718704575
353	354	0.12406014544623237
354	356	0.14476649541588896
357	359	0.734968415259167
357	361	0.2142857142857143
357	362	0.1336306209562122
358	360	0.5625
358	363	0.1336306209562122
359	361	0.4677071733467426
359	362	0.1875
360	363	0.2672612419124244
361	362	0.6681531047810608
361	802	0.12244897229330881
362	806	0.12777530538398585
365	375	0.3223291856101521
366	369	0.15584414345877512
366	373	0.14577884763949595
366	380	0.11688310759408134
369	373	0.2672612419124244
369	380	0.14285714285714288
370	371	0.7857142857142857
370	375	0.2142857142857143
371	375	0.3571428571428572
373	374	0.1924916944288056
385	557	0.10000000681195938
385	867	0.14285714285714282
386	514	0.24882943816777875
388	635	0.10482848367219183
391	392	0.12249474649653541
395	396	0.10857485961440816
395	397	0.20833334326744085
407	429	0.2142857142857143
407	824	0.10714285714285715
408	411	0.1336306209562122
408	423	0.33407655239053047
408	427	0.33407655239053047
408	751	0.2004459314343183
408	752	0.11135884415933875
408	753	0.1336306209562122
408	755	0.25
409	410	0.1127508603268211
411	427	0.14285714285714288
413	414	0.1823708500180926
416	417	0.5714285714285715
416	419	0.4444444477558137
416	429	0.12698412793023248
417	419	0.7619047675813947
417	429	0.1904761918953487
418	421	0.133630624938715
418	425	0.180555522441864
418	426	0.10227271914482117
419	429	0.14285714285714288
420	423	0.1964285501411983
421	424	0.1428571343421936
421	425	0.1039349451103999
422	426	0.2177684488360706
423	424	0.14285715988704137
423	427	0.5714285714285715
423	751	0.14285714285714288
423	755	0.1336306209562122
424	630	0.12598815766974242
425	426	0.1128472276031971
427	751	0.14285714285714288
427	755	0.1336306209562122
428	430	0.203125
428	519	0.2004459314343183
429	823	0.10714285714285715
429	824	0.10714285714285715
430	822	0.1336306209562122
433	434	0.1700839632915883
433	445	0.16162440953674506
433	701	0.26097547079973055
433	703	0.18898222524039454
433	706	0.1133893351442367
434	444	0.11224972606362144
434	763	0.15084945030585703
436	499	0.1336306209562122
438	443	0.17928429140015906
439	440	0.10481568644530265
439	441	0.5345224838248487
439	445	0.1336306209562122
439	706	0.15625
441	713	0.10714285714285715
442	714	0.5378528742004771
443	715	0.1473214030265808
444	445	0.14285710453987124
444	716	0.23809522390365606
445	447	0.14285714285714288
445	701	0.20362761667851653
445	703	0.16703827619526523
445	706	0.1336306209562122
446	700	0.1336306209562122
446	702	0.18502700260320898
446	705	0.13186812400817874
447	703	0.1336306209562122
450	451	0.25197631533948484
450	453	0.18898223650461363
450	455	0.11785113019775793
451	455	0.2004459314343183
452	822	0.2004459314343183
457	458	0.14285715988704137
457	487	0.1336306209562122
459	831	0.7142857142857141
460	461	0.40089186286863654
460	833	0.5197011503876874
460	834	0.33407655239053047
461	833	0.20203050891044214
461	834	0.3571428571428572
461	835	0.14285714285714288
465	466	0.29747203059858135
471	472	0.19841270787375315
471	515	0.3086066999241839
472	473	0.10714286991528103
472	474	0.1484784588791183
472	516	0.2672612419124244
476	477	0.29695694961825947
476	478	0.43196771452231586
477	479	0.32998316947085454
478	479	0.11666441505842348
482	487	0.1336306209562122
482	488	0.1336306209562122
482	490	0.18898223650461363
483	484	0.3125
483	485	0.1875
483	486	0.2946278254943948
483	489	0.2004459314343183
483	491	0.2651650429449553
484	485	0.375
484	486	0.23570226039551587
484	489	0.2672612419124244
484	491	0.2651650429449553
485	486	0.1767766952966369
485	489	0.4677071733467426
485	491	0.17677669529663687
486	489	0.18898223650461363
486	491	0.3333333333333333
486	511	0.110239645470504
487	488	0.375
488	490	0.23570226039551587
488	500	0.125
489	491	0.1889822365046136
490	500	0.11785113019775793
492	536	0.2037037014961242
492	615	0.2380952835083007
492	838	0.11904762472425186
493	537	0.7272727272727274
493	539	0.11396057645963795
493	616	0.7526178090063819
493	633	0.16724840200141816
495	538	0.1111111111111111
495	618	0.13243725535166168
495	868	0.103708994012069
500	501	0.28125
500	505	0.10022296571715915
501	505	0.2672612419124244
502	503	0.16332631273203585
502	504	0.10611846380613078
503	504	0.11764705181121826
505	506	0.1336306209562122
509	511	0.1050420105457306
512	513	0.4752300892673743
514	868	0.10667561233610431
515	516	0.18710426282587145
515	870	0.10438167169389995
516	871	0.13541701879239768
528	652	0.11548913201479824
530	531	0.19382795148402926
531	532	0.11592741212485007
534	535	0.20721079612385118
536	615	0.1269840002059936
537	539	0.11396057645963795
537	616	0.6689936080056728
537	633	0.2508726030021272
539	616	0.10482848367219183
539	633	0.10482848367219183
539	651	0.10101525445522107
540	541	0.12677315332181321
540	615	0.10624256521586774
543	544	0.5714285714285715
547	548	0.8571428571428571
547	549	0.2449894611330481
547	550	0.14285714285714288
548	549	0.3062368264163101
548	550	0.14285714285714288
551	552	0.14889513365795426
551	771	0.104166679084301
551	856	0.12052957295733736
551	862	0.10933415165963334
552	599	0.1889822365046136
552	750	0.20203050891044214
552	752	0.10101525445522107
552	776	0.1889822365046136
553	554	0.1190830303979189
555	556	0.10558471018961552
557	865	0.5142857006617954
558	865	0.10022296571715913
559	560	0.3052789792344835
563	567	0.1121837280264475
563	568	0.14430750980516058
563	570	0.202480972511037
563	576	0.13498731500735803
563	577	0.13498731500735803
563	580	0.14430750980516058
565	566	0.3340765603555361
565	567	0.10576786313963536
565	569	0.11454052542103414
568	570	0.6013377943029548
568	571	0.11023966424420244
568	576	0.2672612419124244
568	577	0.2672612419124244
568	580	0.14285714285714288
569	579	0.1875
570	571	0.2062395270173996
570	576	0.3125
570	577	0.3125
570	580	0.2004459314343183
570	587	0.25
571	606	0.1111111044883728
571	659	0.11111111111111113
572	574	0.13095239656312124
574	575	0.5000000000000001
576	577	0.875
576	578	0.13436087976871552
576	580	0.40089186286863654
576	587	0.16666666666666666
577	578	0.1587901306357547
577	580	0.5345224838248487
577	587	0.16666666666666666
578	580	0.11752185466287117
580	581	0.1169268132491999
582	583	0.1372548474205865
583	584	0.10833328962326053
585	586	0.3098386492287695
589	594	0.13447857558510218
591	592	0.4008918628686366
591	593	0.4008918628686366
592	593	0.5714285714285715
593	595	0.2672612419124244
595	596	0.8125
599	750	0.1336306209562122
600	644	0.14054296533812424
600	843	0.11544601025251981
601	605	0.1336306209562122
605	606	0.28347335475692037
609	612	0.14285714285714288
616	633	0.23076923076923078
620	623	0.158730149269104
626	629	0.1889822365046136
626	631	0.10101525445522107
629	631	0.40089186286863654
629	775	0.10039680187885688
630	833	0.10888419786801631
634	635	0.11455670936166822
635	636	0.12757195387335596
635	637	0.11647602354394056
638	639	0.139111922842094
640	642	0.1744451422553525
644	843	0.785714268684387
645	844	0.9999999999999999
646	847	0.9285714285714285
647	648	0.24420124109286392
652	653	0.18898223650461363
652	654	0.22222222222222227
653	654	0.314970394174356
661	663	0.2077922139848982
671	674	0.2142857142857143
671	679	0.1309523837906974
672	678	0.2004459314343183
674	679	0.19642857568604608
675	676	0.5345224838248487
675	677	0.12249473853152974
676	677	0.4583333432674408
677	815	0.10803019799829494
682	683	0.3181681261695392
685	686	0.10798984299451116
687	689	0.1402989411062245
688	689	0.18220151645207372
688	690	0.11648295206569272
688	691	0.19485258520909798
689	690	0.10624253671939705
689	691	0.14528364479477435
691	692	0.11466595939076939
692	693	0.40089186286863654
693	694	0.15763548442295622
698	699	0.1069044903929652
699	704	0.125
699	710	0.125
699	724	0.125
699	727	0.1875
699	735	0.2004459314343183
701	703	0.1428571343421936
702	705	0.5345224838248487
702	708	0.2004459314343183
702	731	0.125
703	704	0.18333332240581512
703	706	0.375
703	709	0.2004459314343183
703	711	0.125
703	712	0.125
703	713	0.1336306209562122
704	706	0.14999999105930328
704	707	0.3125
704	710	0.375
704	724	0.125
705	708	0.2142857142857143
706	707	0.18333332240581512
706	709	0.2672612419124244
706	711	0.125
706	715	0.1336306209562122
707	710	0.1875
707	724	0.125
707	763	0.12131733267837974
708	731	0.1336306209562122
709	710	0.19599156572043616
709	711	0.40089186286863654
710	711	0.18333332240581512
710	717	0.1336306209562122
710	720	0.1336306209562122
710	724	0.25
710	727	0.125
711	712	0.6875
711	713	0.2672612419124244
711	715	0.1336306209562122
712	713	0.5345224838248487
712	715	0.1336306209562122
713	714	0.10204076766967773
713	715	0.2142857142857143
716	717	0.5000000000000001
717	720	0.42857142857142866
717	724	0.2004459314343183
718	722	0.1071428507566452
718	723	0.14374721855698408
720	724	0.2004459314343183
722	723	0.6149186938124422
722	726	0.1336306209562122
723	726	0.17928429140015906
724	727	0.125
732	734	0.1071428315980094
737	738	0.29997178609586433
737	739	0.14317565677629268
738	740	0.10001143529990215
742	743	0.10329663001403827
743	838	0.12432645961137564
743	839	0.15979996576148103
748	749	0.14652013778686526
750	754	0.1336306209562122
751	752	0.19047617912292483
751	753	0.14285714285714288
751	755	0.2672612419124244
752	754	0.2004459314343183
753	754	0.28953299481428074
753	755	0.6681531047810608
754	755	0.2291666530072689
759	865	0.19047617912292475
759	867	0.10846560341971258
760	771	0.14398646859023395
761	762	0.6480654738843441
761	772	0.14100045884199788
762	772	0.23570226039551587
764	766	0.4401041343808174
767	769	0.11998871443834574
768	769	0.2522045705053542
768	770	0.1294878454038561
768	774	0.109645631172272
771	772	0.11294065707355168
771	773	0.18045954311531684
775	777	0.20203050891044214
776	777	0.10022296571715913
776	778	0.125
777	778	0.1336306209562122
779	780	0.8249579113843054
782	783	0.15944673487247873
783	784	0.12124356134760748
784	785	0.3779644730092272
785	786	0.26785715562956675
785	788	0.16703828416027092
785	794	0.33407655239053047
786	788	0.6681531047810608
786	792	0.2142857142857143
786	794	0.1113588561068473
786	797	0.14824986333222026
787	793	0.2469261482848492
787	798	0.12415173170597414
788	792	0.2004459314343183
788	794	0.1302083395421505
788	797	0.20801257358446093
792	794	0.2227177122136946
792	797	0.2223747949983304
794	797	0.11556254639070743
801	804	0.1875
801	807	0.1336306209562122
801	816	0.1875
802	806	0.17928429140015906
802	814	0.14285714285714288
804	813	0.1336306209562122
804	815	0.11785113019775793
804	816	0.1875
811	812	0.10000000681195942
815	816	0.5303300858899107
818	872	0.14285714285714282
820	821	0.43519413988924455
821	826	0.15430334996209194
823	824	0.5714285714285715
830	864	0.14285714285714282
833	834	0.20203050891044214
833	836	0.1515228816828316
834	835	0.6428571428571429
835	836	0.28571428571428575
838	839	0.16535945694153692
840	841	0.25905799120664597
849	853	0.10101525445522107
850	851	0.112687207097072
851	857	0.15212000223378913
852	853	0.10714285714285714
856	857	0.31622776601683794
856	862	0.18898223650461363
857	862	0.17928429140015906
858	860	0.39999999999999997
859	861	0.18272042940175304
864	879	0.14285714285714282
865	867	0.10000000681195938
867	868	0.10096536796781184
872	879	0.14285714285714282
873	875	0.13175903226235836
874	877	0.2964997266644405
