0	4	0.39467610868816316
6	7	0.13394014966667708
7	9	0.18859297204598344
8	9	0.11935776691587711
10	475	0.11429877860129
12	625	0.14142134780793977
14	331	0.11171176433563233
15	16	0.368521737047751
15	332	0.17206180040292132
15	383	0.12098463293339913
15	598	0.10651445177540175
16	17	0.15384619576590397
17	18	0.3564216743822219
23	24	0.4360882984411778
23	28	0.16180796940230469
23	476	0.10370371341705324
23	477	0.10772772513434893
24	25	0.12035526175567555
24	28	0.20632328045136644
25	26	0.6043672230190351
25	27	0.22299787598107862
25	520	0.1198347048325972
26	27	0.3593936187888738
26	520	0.10622211274544104
29	30	0.2107438309626145
29	31	0.10834796079955483
30	31	0.22102995767084566
30	32	0.22727272727272724
31	499	0.1690308509457033
32	551	0.14301938838683884
34	518	0.10936776959572848
37	38	0.5244044240850758
38	39	0.5222329678670935
39	40	0.18257418583505539
41	43	0.12317343563260855
43	48	0.17541160386140586
43	51	0.19364916731037085
44	400	0.24999999999999997
46	47	0.352564119375669
46	49	0.11498325643841181
47	49	0.16986168320464431
47	50	0.10785834577279933
48	51	0.5661385170722979
53	56	0.10248646118607714
53	424	0.14301938838683884
54	55	0.10540925533894602
54	57	0.18924449181598474
55	57	0.13648713826781025
56	57	0.12408562097865732
61	185	0.28722816967991405
63	65	0.2480694691784169
64	65	0.5499999999999999
64	66	0.15
65	66	0.15
65	67	0.1267731382092775
66	67	0.3380617018914066
68	71	0.9999999999999999
69	72	0.9999999999999996
70	73	0.9999999999999996
70	523	0.12309149097933274
73	523	0.12309149097933274
74	772	0.11383130359044648
78	79	0.11486984675721404
78	264	0.15555558800697325
78	493	0.10191564649811241
78	536	0.2000000417232513
78	537	0.10191564649811241
78	615	0.14285708069801328
78	632	0.13333332538604736
79	245	0.41403933560541256
79	265	0.45184805705753184
79	493	0.6900655593423543
79	537	0.7590721152765897
79	616	0.5163977794943221
79	633	0.18257418583505536
80	81	0.12735962768499906
81	130	0.11322770341445959
81	495	0.10059331662235486
81	618	0.46153846153846156
82	482	0.38031941462783236
82	487	0.23145502494313788
82	488	0.42857142857142844
82	490	0.47245559126153397
82	500	0.11572751247156893
83	84	0.2575930428150278
83	85	0.140112144123833
84	85	0.38074980525429486
86	87	0.1324925926585144
86	91	0.4908405509897321
86	322	0.6371794700622558
87	88	0.1515544559861041
87	90	0.2115818165140027
87	323	0.6666666666666669
87	324	0.10133656112813254
88	90	0.5940678872371379
88	324	0.6943650748294135
89	92	0.6419407387663694
89	94	0.4717281765248634
89	325	0.6805446536716204
89	427	0.1254363015010636
89	755	0.1254363015010636
90	323	0.14476650603589658
90	324	0.40833332637945824
91	93	0.3117262731076417
91	322	0.3984095483183273
92	94	0.8748177652797064
92	325	0.4008918628686367
94	325	0.3273268353539886
96	99	0.2668105178212195
96	100	0.10521663610751812
96	109	0.12707909407467277
96	112	0.1822148075574351
97	101	0.10022297766466769
98	102	0.42594760429792644
98	105	0.2165063509461097
98	108	0.2706329386826371
99	100	0.13898795704187952
99	103	0.16742428541183468
99	106	0.12936271294658475
99	109	0.1597874868165738
99	112	0.1266303587792386
99	115	0.1029627628342312
100	103	0.125320218203087
100	106	0.1284340046919309
100	109	0.1122257063001036
101	104	0.11785712412425446
102	105	0.7715167498104595
102	108	0.6557892373388905
102	114	0.16678109624874776
103	106	0.1611258466588724
103	107	0.10319225562062148
104	107	0.18793357905279956
105	107	0.11752133568127951
105	108	0.7916666666666667
105	766	0.10416666418313983
106	109	0.15560707637330062
107	108	0.12339740246534348
108	114	0.12009611535381537
108	766	0.10416666418313983
109	110	0.10223634961905205
109	112	0.4380307991038657
109	115	0.2522062314510664
110	112	0.10715510924989512
110	113	0.12076148728080137
110	118	0.25290705032543687
112	113	0.11905002332684321
112	115	0.26111648393354675
112	121	0.20109721753418042
116	117	0.23339096784905322
117	119	0.3624411962013577
118	120	0.40723983580600376
124	125	0.10594029274558128
127	128	0.6055300708194982
129	131	0.10159812370986744
130	131	0.20532241345178018
130	618	0.16984155512168939
130	840	0.10433495631324352
131	839	0.20145574100634503
131	840	0.11111109906976874
131	841	0.1060606078668074
132	133	0.4472136132706296
132	275	0.10833333134651185
132	562	0.10548732284837085
132	743	0.15990635805798883
132	838	0.10000001192092897
134	635	0.10660035817780521
135	137	0.12585064152894437
135	142	0.12046772263125298
135	339	0.1147609099703226
135	588	0.10158729553222656
136	137	0.16410323662275517
138	140	0.18767745726348145
138	141	0.565752381856018
140	141	0.1397569328546524
140	142	0.6123724356957946
141	142	0.17116658675515423
143	144	0.31498390757839645
145	146	0.12097350115690027
149	151	0.1311010662397097
149	152	0.16470587253570557
150	153	0.13636362823573023
151	153	0.1038960977034135
151	154	0.15909087928858667
153	154	0.12987012212926685
155	156	0.12251681225986233
156	157	0.12215970759637888
159	160	0.11447818441824475
161	162	0.11441544421743634
162	163	0.13693063937629155
164	166	0.10329182975496493
166	167	0.10064332129970943
170	171	0.14897855798502327
170	182	0.1170158709752498
171	176	0.11249999999999999
171	180	0.11620325306430655
174	175	0.12619357046666385
176	179	0.1346153914928436
176	183	0.18461538553237913
177	178	0.6
177	182	0.24999999999999997
178	182	0.15
179	180	0.3593820712302122
184	557	0.12135598006563675
184	865	0.10112998338803061
187	202	0.14285713434219358
188	192	0.19999998807907102
188	193	0.15476188063621518
188	194	0.19999999999999998
188	199	0.24999999999999997
188	203	0.19999999999999998
189	190	0.12500010430812838
189	195	0.10833332538604735
189	200	0.15
189	204	0.19069251784911845
191	192	0.19833334684371953
192	193	0.15583328604698185
192	194	0.16249997913837436
193	205	0.18257418583505539
196	199	0.28603877677367767
196	203	0.33371190623595726
196	205	0.12123263435601532
197	201	0.23836564731139806
197	206	0.2090605025017727
198	202	0.23836564731139806
198	207	0.1254363015010636
199	203	0.44999999999999996
199	205	0.15540538395502457
200	201	0.20312498509883883
200	202	0.10000001192092896
200	204	0.42905816516051654
201	206	0.43852900965351466
202	207	0.3946761086881632
203	205	0.2542997191991312
204	205	0.10879858685149536
204	206	0.20383397498605604
204	207	0.11149894795932092
210	211	0.20598623506216365
211	212	0.20132695209556437
211	213	0.41192661097539807
212	213	0.3798879461117346
214	215	0.6139406135149204
218	219	0.11050543113234129
218	227	0.11785714030265808
219	220	0.10745609551668167
219	221	0.18640347321828207
219	222	0.17102366326578836
220	222	0.10879850903271902
220	223	0.12476648198041623
222	223	0.13031434034993802
223	225	0.10416662693023679
224	225	0.10406566615364055
227	233	0.10846522890932808
228	232	0.1595712036484239
229	231	0.10453026371186336
230	231	0.2809917439113963
231	234	0.1368037673675482
232	233	0.11203567027503121
232	234	0.2309674702520427
236	459	0.30000000000000004
236	831	0.30000000000000004
237	460	0.17407765595569785
237	461	0.1404878717372541
237	833	0.1324532357065044
237	834	0.18257418583505539
237	835	0.18257418583505539
238	475	0.1904761280332293
240	242	0.10032226681305723
240	243	0.1804476135569042
242	243	0.11149894795932092
244	246	0.11785113581733772
244	264	0.20370370149612424
244	492	0.7
244	536	0.14259259104728697
244	615	0.16666669845581053
244	838	0.12500000596046448
245	265	0.7349684152591669
245	493	0.7142857142857143
245	537	0.5000000000000001
245	616	0.4677071733467426
245	633	0.37796447300922725
246	266	0.16102351552659863
246	492	0.11785113581733772
246	494	0.32539568672798425
247	495	0.3091787497202556
247	618	0.10059331662235486
248	249	0.1011347295781591
248	253	0.11131890365689369
249	251	0.25354627641855493
249	253	0.20965696734438366
251	252	0.15394736230373382
256	257	0.12691659418661266
256	258	0.11362290797769982
257	258	0.2175970699446223
260	261	0.1287878480824557
260	262	0.13470294003203528
260	263	0.10072787290471209
264	266	0.10350983390135313
264	492	0.14259259104728697
264	536	0.7
264	632	0.11200001835823058
265	267	0.12735672965839984
265	493	0.4677071733467426
265	537	0.6681531047810608
265	616	0.375
265	633	0.41247895569215276
267	538	0.3333333333333334
268	269	0.10955745755755514
268	272	0.1352470294252566
268	274	0.10579862701466905
269	270	0.4648130122572263
269	273	0.16986165828269034
270	273	0.39467610868816316
271	274	0.4214636152117623
275	743	0.1037230495811998
276	277	0.21811009557603506
277	278	0.12047002297262882
279	280	0.3409090909090908
280	296	0.17407765595569785
280	300	0.14301938838683884
280	305	0.11653430383428373
281	282	0.1220250162643143
282	283	0.10833838784455935
285	291	0.12237762862985782
286	287	0.10388885736465457
287	293	0.11653430383428373
288	290	0.10606065663424404
288	298	0.13636363636363635
289	290	0.12156646080634141
290	292	0.3181818181818182
291	295	0.21759706994462233
292	293	0.10281387242403893
293	294	0.21759706994462233
293	299	0.12121211398731578
293	415	0.11111109906976872
293	609	0.11653430383428373
296	305	0.11157310147445663
296	310	0.10269797953221865
298	299	0.4132231257178565
298	805	0.10550161281431289
299	309	0.1818181818181818
301	302	0.17500000298023222
306	307	0.1500000044703484
311	312	0.12380950450897216
315	316	0.10526314973831176
322	323	0.12739671105438308
323	324	0.1481072816488091
325	408	0.17407765595569785
325	751	0.13693063937629155
325	755	0.17407765595569785
328	330	0.2727272727272727
331	332	0.11364430157853107
332	333	0.15298562217310985
334	335	0.1222998684589893
336	337	0.17213258290487204
337	338	0.11605176371990732
339	803	0.1091089451179962
341	342	0.11093439836411635
346	347	0.7150969419341943
347	348	0.17407765595569785
347	707	0.1000946500993589
352	355	0.10518676181985213
352	356	0.14754221391846173
353	354	0.1406638059433773
353	355	0.1083602630840764
354	356	0.16927082091569903
355	362	0.11639617884031335
356	358	0.1305582419667734
356	360	0.16012815380508716
356	363	0.2611164839335468
357	359	0.8215838362577496
357	361	0.42905816516051654
357	362	0.18257418583505539
358	360	0.6689936080056726
359	361	0.6092717958449424
359	362	0.41666666666666674
360	363	0.41812100500354543
361	362	0.7398300378117157
362	806	0.12002400004841253
365	370	0.17928429140015906
365	371	0.1709408646894569
365	375	0.2988071523335984
365	655	0.10001652218583
366	369	0.20802818475735135
366	373	0.24896477908004008
367	372	0.13303353636466506
368	369	0.10638996145941991
369	373	0.47871355387816905
369	380	0.10341753799900381
370	371	0.8581163303210332
370	375	0.5499999999999999
371	375	0.6197506830096351
373	374	0.2165608558704288
373	380	0.14852213144650117
374	376	0.23836564731139806
376	380	0.11363022010681932
377	378	0.1090909004211426
378	379	0.10000000000000002
382	383	0.10394021355668286
385	867	0.2
386	514	0.31069729955756625
390	391	0.11419337670487474
390	392	0.13400503404723868
391	392	0.15295130361866688
395	396	0.13772234874400827
395	397	0.20833334326744077
407	429	0.29277002188455997
407	824	0.10978875820670997
408	410	0.11857707933946088
408	411	0.13636363636363635
408	423	0.23836564731139806
408	427	0.3181818181818182
408	751	0.19069251784911845
408	755	0.1818181818181818
409	410	0.15340912342071533
410	412	0.11352889974233704
411	427	0.13636363636363635
413	414	0.27659578919410704
416	417	0.7000000000000001
416	419	0.5085133847197025
416	429	0.17777777910232542
417	419	0.7627700770795539
417	429	0.17777777910232542
418	421	0.14876033501191568
418	425	0.19696966084566983
418	426	0.13055823159093652
419	429	0.28603877677367767
420	421	0.10101014917547048
420	423	0.247635395647853
420	424	0.12121213566173203
420	427	0.16666664860465308
421	424	0.17171716148203064
421	425	0.1325757801532745
422	425	0.10101006247780538
422	426	0.28368214443090334
422	430	0.1430976390838623
423	424	0.15096492796030514
423	426	0.11084860622133433
423	427	0.6674238124719147
423	755	0.14301938838683884
424	427	0.11363637718287378
425	426	0.12088726684469953
426	427	0.11190705787276777
426	428	0.10154527509720443
426	430	0.13055825234261023
427	751	0.19069251784911845
427	755	0.1818181818181818
428	430	0.21590909090909083
428	519	0.1818181818181818
431	432	0.10126336241584555
433	434	0.20364669363896293
433	445	0.28284271668930383
433	447	0.11313708667572155
433	701	0.2971336444897741
433	703	0.15491932461438485
433	706	0.10327954974292322
434	444	0.30672464439103486
434	704	0.14032927472484763
434	707	0.10954450497167154
434	763	0.13097400072130477
435	438	0.10355028968590958
436	499	0.11572751247156893
438	439	0.10633512599714501
438	443	0.2631174057921088
439	440	0.14261413698265574
439	441	0.565752381856018
439	444	0.11904758711655938
439	445	0.18257418583505539
439	703	0.10416666666666669
439	706	0.12500000000000003
439	709	0.10879853497231115
439	711	0.13055824196677338
439	712	0.14583333333333337
440	441	0.1332760703448801
441	447	0.14301938838683884
441	712	0.13055824196677338
441	713	0.16685595311797863
442	714	0.48181205582971576
443	715	0.156899663746327
444	445	0.1434511075366621
444	698	0.18278154601656854
444	704	0.11437724590050388
444	707	0.15873014926910406
444	710	0.13888888061046603
444	716	0.2279588215926751
444	763	0.12200240994377673
445	447	0.39999999999999997
445	701	0.3129843244041679
445	703	0.15975241260567347
445	706	0.13693063937629155
445	709	0.11918282365569903
446	700	0.2175970699446223
446	702	0.16068705745833323
446	705	0.1730769127607346
446	708	0.11085794602664223
447	701	0.17388018022453774
447	703	0.13693063937629155
450	451	0.39467610868816316
450	453	0.29268470350248177
451	455	0.14301938838683884
452	822	0.14673479641335552
457	458	0.1538967711586957
457	490	0.11180339887498947
459	460	0.1348399644555597
459	831	0.5
460	461	0.6358507844578739
460	833	0.48420012470625223
460	834	0.33371190623595726
460	835	0.14301938838683884
461	833	0.3721614637823934
461	834	0.3590924232298039
461	835	0.2051956704170308
462	463	0.19364916731037085
465	466	0.4158883878006348
469	759	0.11481480598449707
470	865	0.10475654831222744
470	868	0.10143009719599216
471	472	0.22222223281860357
471	515	0.23094010767585027
472	473	0.13558155229923874
472	474	0.21516572863109001
472	516	0.25819888974716115
475	513	0.10218993864209767
476	477	0.2659944002612334
476	478	0.7127103671155631
476	480	0.11486367610413599
477	479	0.27668578966936935
478	479	0.11561807629855735
478	480	0.28203803740888306
479	480	0.15415019609711386
482	487	0.13693063937629155
482	488	0.1690308509457033
482	490	0.14907119849998596
483	484	0.5188745216627708
483	485	0.3471825374147068
483	486	0.5039526306789696
483	489	0.20145574100634503
483	491	0.4879500364742665
484	485	0.4803844614152615
484	486	0.39223227027636803
484	489	0.2508726030021272
484	491	0.4050957468334666
485	486	0.34020690871988585
485	489	0.4351941398892446
485	491	0.31622776601683794
486	489	0.21320071635561041
486	491	0.5594309277855156
486	511	0.10869775631068629
487	488	0.4243342123957527
487	490	0.2041241452319315
488	490	0.3779644730092272
488	500	0.23145502494313785
489	491	0.22019275302527208
490	500	0.13608276348795434
491	511	0.10103630399073603
492	536	0.18333333134651184
492	615	0.21428575515747067
493	537	0.7857142857142857
493	538	0.11913131207043093
493	616	0.6681531047810608
493	633	0.12598815766974242
495	618	0.10059331662235486
497	498	0.1023020931548307
497	499	0.11295719183904387
498	500	0.1501201441922692
500	501	0.2916666666666667
500	505	0.10879853497231116
501	503	0.10154531141263339
501	505	0.2611164839335468
501	506	0.12500000000000003
502	503	0.17592592401937998
502	504	0.13055827828220232
503	504	0.1297049123928376
505	506	0.1305582419667734
509	511	0.12619357046666382
512	513	0.541688953018404
513	759	0.11454887704455402
513	867	0.11454888569290486
514	868	0.10504688138867502
515	516	0.20704334112257589
515	870	0.12412826023817423
516	871	0.10857516185560293
524	528	0.10606602982203668
526	529	0.17507689176928704
527	529	0.10594568635793976
530	531	0.31778327614778457
530	532	0.1102531204132182
530	535	0.1
531	532	0.11906964573231943
534	535	0.24462968003717947
536	615	0.11428560018539427
537	538	0.13615007093763534
537	616	0.6013377943029548
537	633	0.18898223650461363
539	542	0.11675907577165981
540	541	0.13453457483703168
543	544	0.7150969419341944
545	546	0.12880111244050446
547	548	0.9000000000000002
547	549	0.29287941041442034
547	550	0.18257418583505539
548	549	0.3556392840746533
548	550	0.31950482521134693
549	550	0.22916665673255926
551	552	0.13927864417649444
552	599	0.12909944487358058
552	750	0.1414213562373095
552	752	0.1414213562373095
552	754	0.12909944487358058
552	776	0.2022599587389726
553	554	0.15394253022409357
555	556	0.11409691953808289
557	558	0.1239501320554631
557	865	0.6299999833106994
558	865	0.14301938838683886
558	866	0.1207719378217802
559	560	0.36679355394002683
559	561	0.23236714165106342
559	562	0.11111107965310418
560	561	0.16741758620036712
563	566	0.11517513709371605
563	567	0.1138215333171806
563	568	0.10101525686361242
563	570	0.21343368532694004
563	576	0.19262853672497696
563	577	0.22149060276147675
563	580	0.1383208370909477
565	566	0.39739189537755154
565	567	0.13352538201234396
565	569	0.10634104627854742
565	575	0.15951156941782113
565	579	0.1593638050790956
566	567	0.1295518163699792
568	570	0.6761234037828133
568	571	0.13268072603429812
568	576	0.23836564731139806
568	577	0.3069703067574603
568	580	0.18257418583505539
569	571	0.11028736357015911
569	575	0.2727272727272727
569	579	0.272474630456533
570	571	0.21564553870837636
570	576	0.40291148201269006
570	577	0.4447495899966607
570	578	0.11141002464451641
570	580	0.30860669992418377
570	587	0.25253813613805265
571	576	0.10704363034339356
571	577	0.1253201328355416
571	659	0.1118033988749895
572	574	0.15151516957716502
574	575	0.5454545454545454
575	579	0.272474630456533
576	577	0.9198662110078001
576	578	0.1759624423111223
576	580	0.6092717958449424
576	587	0.11396057645963795
577	578	0.19269274415286988
577	580	0.6405126152203486
577	587	0.10482848367219184
578	580	0.16044877353874232
580	581	0.15393521140019095
580	587	0.10910894511799621
581	583	0.1176470915476481
582	583	0.14705876509348548
582	584	0.12537149023859237
583	584	0.1420876107609023
585	586	0.402015102141716
588	591	0.14083574685128564
589	594	0.13368518473406685
591	592	0.4351941398892446
591	593	0.31950482521134693
592	593	0.6197506830096351
592	595	0.1818181818181818
593	595	0.5720775535473555
593	596	0.45643546458763845
595	596	0.8703882797784891
597	600	0.1435393654828726
598	601	0.14300135535709485
598	606	0.10758287585793483
599	776	0.17407765595569785
600	644	0.17125772976986495
600	843	0.14067599597937278
604	606	0.10540925533894598
605	606	0.5504818825631802
616	633	0.1767766952966369
619	620	0.1043280999730205
619	621	0.11065666043884628
620	623	0.1465374805267954
626	629	0.2696799449852968
626	631	0.2022599587389726
627	630	0.11044608467566748
629	631	0.7272727272727271
632	633	0.12276452686508946
634	635	0.1439892217850611
634	636	0.12246815653695521
634	637	0.12749349181966005
635	636	0.12909932175475566
635	637	0.1405455900135117
636	841	0.11676885156764769
638	639	0.17866296194534134
640	642	0.40072760604787827
641	643	0.16260261582604033
644	645	0.11272721840821776
644	843	0.7857142686843874
644	844	0.11272721840821776
645	844	0.9999999999999999
645	845	0.11716764606336796
646	845	0.28603877677367767
646	847	0.9500000000000003
647	648	0.27165673121096706
649	651	0.10188728744448294
652	653	0.16116459280507603
652	654	0.3086066999241838
653	654	0.565752381856018
655	656	0.2611164839335468
661	663	0.25454546213150026
669	682	0.10540925533894598
671	674	0.14301938838683884
671	679	0.2792495791481701
672	678	0.21759706994462233
674	675	0.11666668057441712
674	679	0.16735967397622392
675	676	0.6577935144802718
675	677	0.41839918494055983
676	677	0.6972246848049214
682	683	0.37302352624255924
683	684	0.12244272537483963
685	686	0.13196576794899842
687	688	0.11723082693032406
687	689	0.18949747955214827
688	689	0.26465609820192665
688	690	0.11935950748907849
688	691	0.23382310225091774
689	690	0.17295816357847976
689	691	0.1731115218189105
691	692	0.1411440390598542
692	693	0.7150969419341943
692	694	0.10031349008733577
693	694	0.18411693299024645
698	699	0.1914854101378471
699	704	0.28022426915890253
699	707	0.1666666666666667
699	710	0.2083333333333334
699	727	0.16012815380508716
699	735	0.1305582419667734
700	702	0.23076921701431274
700	705	0.10042941091145828
701	703	0.23809522390365606
701	706	0.11111110448837283
702	704	0.10034903521958195
702	705	0.6527912098338668
702	708	0.2926847035024818
703	704	0.20282898273022687
703	706	0.5000000000000001
703	709	0.30463589792247125
703	711	0.2175970699446223
703	712	0.12500000000000003
704	705	0.10675209617380362
704	706	0.1387777250259447
704	707	0.5204164998665333
704	710	0.3602883460614461
705	708	0.3602883460614461
706	707	0.19999998807907102
706	709	0.5222329678670935
706	711	0.2611164839335468
706	712	0.12500000000000003
707	709	0.17407764557986097
707	710	0.5416666666666667
707	724	0.17407765595569785
707	727	0.16012815380508716
708	710	0.10675209617380362
708	730	0.1315587028960544
708	731	0.24019223070763074
709	710	0.20889317469583316
709	711	0.5909090909090908
709	712	0.34815531191139565
710	711	0.1856828219518517
710	712	0.15555554628372192
710	724	0.2175970699446223
710	727	0.16012815380508716
711	712	0.7833494518006402
711	713	0.4767312946227962
711	715	0.17407765595569785
712	713	0.6846531968814579
712	715	0.1666666666666667
713	714	0.10866263807925819
713	715	0.45643546458763845
715	716	0.1044465873479166
716	717	0.5909090909090908
716	720	0.19069251784911845
717	720	0.5720775535473555
717	724	0.13636363636363635
718	719	0.10227272727272724
718	723	0.10751682344955207
719	720	0.10726454129012915
720	724	0.14301938838683884
720	735	0.19069251784911845
722	723	0.6923076923076922
722	726	0.24019223070763074
723	726	0.24019223070763074
724	727	0.16724840200141816
727	728	0.11348998030786055
730	731	0.4107919181288746
732	734	0.14999996423721312
732	736	0.10726454129012913
734	737	0.1043281217375595
737	738	0.3431317377015116
737	739	0.1620344316923805
737	740	0.12500001490116117
742	743	0.12045252380351813
743	839	0.1376614358292135
748	749	0.17948716878890994
750	754	0.13693063937629155
751	752	0.2333333194255829
751	753	0.14301938838683884
751	755	0.19069251784911845
752	754	0.22821773229381923
753	754	0.3046358797647567
753	755	0.7727272727272726
754	755	0.26111646836979147
754	776	0.1305582419667734
754	864	0.12909944487358058
759	865	0.1666666567325592
759	867	0.18981480598449707
759	868	0.10241887605550169
760	761	0.11782883215589958
760	771	0.25683804762712115
761	762	0.6979166641831396
761	772	0.2153817585556536
762	772	0.27003086243366087
763	765	0.1071445921696211
764	766	0.4739582985639571
767	769	0.138888880610466
768	769	0.29100527366002404
768	770	0.13418487709224516
768	774	0.10071594333655043
769	770	0.10214971687874226
771	772	0.19306173578748348
771	773	0.29173870981131655
771	774	0.22435988490491218
772	773	0.12196942513101436
775	776	0.11798497593106733
775	777	0.12909944487358058
776	777	0.1414380954640045
776	778	0.41812100500354543
777	778	0.1701361634179051
779	780	0.875
782	783	0.11931901066651927
782	787	0.11856618603474477
782	793	0.16041307238685867
783	784	0.11403947138401055
783	795	0.14739580801388247
784	785	0.5222329678670935
784	786	0.14506472021363942
784	794	0.29166666666666674
785	786	0.32196971232240845
785	788	0.2272727381099354
785	792	0.1325757638974623
785	794	0.30463589792247125
786	788	0.7727272727272725
786	792	0.3181818181818182
786	794	0.10879854016022956
786	797	0.251259453814803
787	793	0.2015810283747586
787	798	0.14077483154229442
788	792	0.2727272727272727
788	794	0.10879854016022956
788	797	0.251259453814803
789	799	0.10213764429819693
790	793	0.18009848402809644
791	795	0.14802526811690866
792	794	0.25386326037386897
792	797	0.251259453814803
794	797	0.12028131181663167
795	796	0.23477566026764815
800	802	0.14521228548785703
801	804	0.30463589792247125
801	807	0.13693063937629155
801	813	0.13693063937629155
801	815	0.25000000000000006
801	816	0.2611164839335468
802	806	0.21938172723813915
802	814	0.14301938838683884
804	815	0.1305582419667734
804	816	0.13636363636363635
806	814	0.11504474832710555
807	808	0.14301938838683884
808	816	0.13636363636363635
809	812	0.10999999344348906
810	811	0.126923131942749
811	812	0.12250000834465027
815	816	0.6092717958449424
818	872	0.1
820	821	0.4485426135725303
821	826	0.23094010767585027
823	824	0.8000000000000002
826	827	0.1315587028960544
833	834	0.14509525002200233
833	836	0.15294382258037453
834	835	0.7500000000000001
834	836	0.26352313834736496
835	836	0.5270462766947299
838	839	0.13446321855011928
838	840	0.11432081898755336
838	841	0.10787197156444778
840	841	0.2911726182157342
842	864	0.1
842	879	0.1
844	845	0.11716764606336796
845	847	0.28603877677367767
849	853	0.42426406871192845
850	851	0.10840724675169061
851	855	0.15168722752403518
851	856	0.11077668826711011
851	857	0.159646199191686
851	860	0.15397828384993822
852	853	0.11322368247291412
855	856	0.36514837167011077
856	857	0.5204164998665333
856	862	0.13693063937629155
857	858	0.1621482880196159
857	862	0.21926450482675733
858	860	0.6929348671835831
858	862	0.1109264959331178
859	860	0.10361367911672321
859	861	0.2652733525327078
860	862	0.11413263635155174
864	879	0.1
865	867	0.14000000953674316
867	868	0.16094399040931298
872	879	0.1
873	875	0.16839058629200412
874	877	0.5103103630798288
