0	4	0.4330127018922194
6	7	0.11801468400359585
7	9	0.1714985749203966
8	9	0.11819146495410081
10	625	0.10050378152592121
11	70	0.11111111111111113
11	73	0.11111111111111113
12	625	0.1309456924147591
14	331	0.12412418259514701
15	16	0.3127313958110473
15	332	0.1634301126151534
15	383	0.12736948964207445
15	598	0.11302211918637503
16	17	0.15089003219982264
17	18	0.3460932644988077
23	24	0.4220024944116284
23	28	0.12570787408413506
23	477	0.1322875633003857
24	25	0.11174523070892824
24	28	0.17668470158606367
25	26	0.5262348115842176
25	27	0.24343225503492016
26	27	0.34937052780497024
29	30	0.19090911746025088
30	31	0.21720694430291304
30	32	0.19999999999999998
31	436	0.10540925533894599
31	499	0.20100756305184242
32	551	0.1538967528127731
34	518	0.12091061863569025
37	38	0.4743416490252569
38	39	0.4767312946227962
39	40	0.20100756305184242
41	43	0.10644617894176049
41	399	0.10394265254338582
43	48	0.1924500897298753
43	51	0.1421338109037403
44	400	0.27777777777777785
46	47	0.3445287105073936
46	49	0.10925090274079115
47	49	0.1483415477555215
47	50	0.10540923020742111
48	51	0.4308202184276647
53	424	0.158113883008419
53	630	0.10050378152592121
54	55	0.10432779076399826
54	57	0.18253572464964085
55	57	0.13406657912600303
56	57	0.12233559211884075
58	59	0.10783872648503587
60	513	0.10404768565275438
61	185	0.28987548987938877
63	65	0.20412414523193156
64	65	0.6111111111111113
64	66	0.16666666666666669
65	66	0.16666666666666669
65	67	0.13867504905630731
66	67	0.27735009811261463
68	71	1.0000000000000002
69	72	1.0000000000000002
70	73	1.0000000000000002
74	772	0.12960264039070057
78	79	0.10742852404753286
78	264	0.17283954222997033
78	536	0.19753090540568038
78	615	0.1410934130350749
78	632	0.11851851145426431
79	245	0.37062465833055064
79	265	0.41403933560541256
79	493	0.6671243849949912
79	537	0.7412493166611013
79	616	0.5520524474738834
79	633	0.20701966780270625
80	81	0.11585850773752739
81	130	0.13608276348795437
81	495	0.10935646447122503
81	618	0.5000000000000001
82	482	0.4160251471689219
82	487	0.1315587028960544
82	488	0.4615384615384616
82	490	0.5200314339611523
82	500	0.1254363015010636
83	84	0.280033161053726
83	85	0.15231795933707248
84	85	0.4124789556921528
86	87	0.12521981171577626
86	91	0.4393001445798414
86	322	0.7079771889580622
87	88	0.14182756981151767
87	90	0.20261080021468836
87	322	0.10320313127168086
87	323	0.7000000000000001
87	324	0.10845637691468998
88	90	0.5727272629737853
88	324	0.7272727272727272
89	92	0.6
89	94	0.4045199174779453
89	325	0.65
89	423	0.10540925533894599
89	427	0.15
89	751	0.10540925533894599
89	753	0.10540925533894599
89	755	0.15
90	323	0.13110110602126893
90	324	0.3818181753158569
91	93	0.2979080613690843
91	322	0.4358136466286674
92	94	0.8764598212022146
92	325	0.35
92	423	0.10540925533894599
92	753	0.10540925533894599
94	325	0.26967994498529685
96	99	0.2624067410104111
96	100	0.10702626075310044
96	109	0.10909290231565348
96	112	0.13562184263367805
98	102	0.3503245248726853
98	108	0.2449489742783178
99	100	0.12609742494745638
99	103	0.17938316294125142
99	106	0.10950562522767264
99	109	0.1743424412961209
99	112	0.10267743072491595
100	103	0.12274141398089208
100	106	0.12276779860258102
101	104	0.11409129145179932
102	105	0.7727272727272726
102	108	0.5720775535473555
102	114	0.10227272727272727
103	106	0.14465939058946115
104	107	0.17314499114052503
105	107	0.10256407477638935
105	108	0.7150969419341943
106	109	0.15649504112309157
107	108	0.12101637277109502
109	112	0.3536544277366469
109	115	0.2449223399162293
110	112	0.10453025623527715
110	113	0.11736448912894337
110	118	0.22471638341520955
112	113	0.11751595538862247
112	115	0.22613350843332272
112	121	0.17220058315667358
116	117	0.23233009432114624
117	119	0.35540930547140875
118	120	0.39810787434120304
126	127	0.10540925533894599
127	128	0.5976143046671968
130	131	0.20203445528221606
130	618	0.20412414523193156
130	840	0.10338210570323066
131	469	0.10145125403220026
131	839	0.21926450482675733
132	133	0.4365641424128989
132	238	0.10050377553542901
132	275	0.12037036816279092
132	743	0.14907662507545172
132	838	0.11111112435658772
134	635	0.11547005383792514
135	137	0.11130649535387409
135	142	0.13114864485409025
136	137	0.13395751867933847
138	140	0.18274698111719218
138	141	0.5244044240850758
140	141	0.13068180734461002
140	142	0.5504818825631802
141	142	0.1582635281124035
143	144	0.2951308368141347
145	146	0.11613365683951697
149	151	0.12561265782943126
149	152	0.15250543753306076
150	153	0.1299999922513962
151	154	0.14757292982984702
153	154	0.1279969452823644
155	156	0.11789185756414391
156	157	0.12575133986661172
159	160	0.11111117899417879
161	162	0.10962556184408827
168	183	0.10895340191597305
170	171	0.14274172716397468
170	182	0.12936591284718083
172	179	0.10540925533894599
174	175	0.12091060921136842
174	180	0.10540925533894599
176	183	0.15384615461031598
177	178	0.5555555555555557
177	182	0.27777777777777785
178	182	0.16666666666666669
179	180	0.35897437731424975
187	202	0.15873014926910403
188	192	0.17777776718139654
188	193	0.13756611612108022
188	194	0.1666666666666667
188	196	0.10540925533894599
188	199	0.22222222222222227
188	203	0.22222222222222227
189	190	0.12037047081523475
189	200	0.16666666666666669
189	204	0.22222222222222227
191	192	0.19444445768992114
192	193	0.15277773141860967
192	194	0.15648146139250865
192	203	0.11111110448837283
193	205	0.21081851067789198
196	199	0.26352313834736496
196	203	0.31622776601683794
197	201	0.21081851067789198
197	206	0.14301938838683884
198	202	0.27777777777777785
198	207	0.15075567228888181
199	203	0.5000000000000001
199	205	0.1631333459271829
200	201	0.19560183750258558
200	204	0.4444444444444446
200	206	0.10887908866575838
201	206	0.502518907629606
202	207	0.35176323534072423
203	205	0.24470001889077442
204	205	0.10540930560199578
204	206	0.1905384051650772
204	207	0.10887910963248106
204	208	0.10540925533894599
210	211	0.1506630445123577
211	212	0.20576129357020068
211	213	0.40233940096065074
212	213	0.37166885615388556
214	215	0.5773502691896258
218	227	0.13095237811406454
219	220	0.10606056180867279
219	221	0.17942580309781156
219	222	0.16926952804165513
220	223	0.10833330046046863
221	223	0.10340909795327619
222	223	0.1197669699760701
227	233	0.11785113019775793
228	232	0.14301940543607852
229	231	0.10000001192092896
230	231	0.2727272808551789
231	234	0.13471503757489034
232	233	0.10381744562049132
232	234	0.19245011267171375
236	459	0.3333333333333333
236	831	0.3333333333333333
237	460	0.19069251784911845
237	461	0.10050378152592121
237	833	0.1462544848254261
237	834	0.20100756305184242
237	835	0.15075567228888181
238	475	0.18181812221353705
240	242	0.11006700141304213
240	243	0.14249453059126183
242	243	0.1065016210997634
244	264	0.20370370149612432
244	492	0.7777777777777779
244	536	0.15843621227476334
244	615	0.1851852205064562
245	265	0.7161148740394329
245	493	0.6923076923076923
245	537	0.46153846153846156
245	616	0.501280411827603
245	633	0.35805743701971643
246	266	0.15460024451465743
246	494	0.23570226039551587
247	495	0.33728590878573333
247	618	0.10935646447122503
248	253	0.12213178903675766
249	251	0.2311250817605122
249	253	0.16984155512168939
251	252	0.14473683635393783
256	258	0.11467014585742318
257	258	0.23836564731139806
260	261	0.12297743524199131
260	262	0.11350744433509445
260	263	0.10963225502721526
264	492	0.15843621227476334
264	536	0.7777777777777779
264	632	0.10666668415069581
265	267	0.10303666754335376
265	493	0.4296689244236597
265	537	0.6445033866354896
265	616	0.3999999999999999
265	633	0.3999999999999999
267	538	0.36363636363636365
268	269	0.10766251250479912
268	272	0.14890207873818614
268	274	0.1145774954972366
269	270	0.4710476097959149
269	273	0.18542690748872812
270	273	0.33678765702728175
271	274	0.35176323534072423
276	277	0.23797762447886506
277	278	0.1338555810806987
279	280	0.3359920013928904
280	296	0.10050378152592121
280	300	0.16666666666666669
280	305	0.10185184081395468
281	282	0.11470587551593779
282	283	0.10599442572442182
285	291	0.13461539149284363
285	295	0.1026805917800606
286	287	0.10185182094573977
287	293	0.12883352034119794
288	290	0.10185190041859947
288	298	0.158113883008419
289	290	0.11666664812299944
290	292	0.21081851067789198
291	295	0.19069251784911845
292	293	0.10119049549102786
293	294	0.23836564731139806
293	299	0.11111110448837279
293	609	0.12883352034119794
296	305	0.12283794188614326
296	310	0.11306675421666136
298	299	0.4090908944606782
298	805	0.11557122638315051
301	302	0.15123457047674396
306	307	0.14814815256330707
311	312	0.10317458709081016
322	323	0.12040365315029433
323	324	0.1418275698115177
325	408	0.19999999999999998
325	423	0.10540925533894599
325	751	0.158113883008419
325	753	0.10540925533894599
325	755	0.19999999999999998
328	330	0.3
331	332	0.10336422553125628
332	333	0.143104945818556
334	335	0.11322767641887142
337	338	0.10528966960854469
339	803	0.12309149097933275
341	342	0.10396020576093948
346	347	0.685160159703149
347	707	0.10964819549001115
352	355	0.11298870703685883
352	360	0.10368209933469681
353	354	0.1399241407150563
353	355	0.10653229833158302
354	356	0.15153202022272744
355	362	0.11149893549834392
356	358	0.15
356	360	0.18257418583505539
356	363	0.26352313834736496
357	359	0.7905694150420951
357	361	0.388888888888889
357	362	0.15075567228888181
358	360	0.639009650422694
358	363	0.10540925533894599
359	361	0.579750904364203
359	362	0.3813850356982369
360	363	0.3849001794597506
361	362	0.7035264706814484
362	806	0.13345695390160625
365	370	0.19611613513818404
365	371	0.1860521018838127
365	375	0.3268602252303068
365	655	0.1136984943850306
366	369	0.17248785866471622
366	373	0.22998381155295494
367	372	0.130970875990656
368	369	0.10884648771418487
369	373	0.39999999999999997
369	380	0.11180339887498948
370	371	0.7905694150420951
370	375	0.4444444444444446
371	375	0.5270462766947299
373	374	0.2070538585136084
374	376	0.16666666666666669
377	378	0.10606059763166643
382	383	0.10112996329530899
385	867	0.2222222222222222
386	514	0.29441896171688636
391	392	0.1449377386568132
391	396	0.10540925533894599
395	396	0.13322556217551867
395	397	0.18518519401550299
407	429	0.31622776601683794
407	824	0.11858541225631425
408	410	0.10869565606117247
408	411	0.158113883008419
408	423	0.26352313834736496
408	427	0.3
408	751	0.158113883008419
408	753	0.10540925533894599
408	755	0.19999999999999998
409	410	0.14062502980232236
411	427	0.10540925533894599
413	414	0.23640665743086078
416	417	0.6666666666666669
416	419	0.46848558277469393
416	429	0.1481481492519379
417	419	0.7495769324395105
417	429	0.1481481492519379
418	421	0.14373989792779995
418	425	0.18055552244186399
418	426	0.1363636255264282
419	429	0.158113883008419
420	423	0.2415628506397462
420	424	0.11666668057441712
420	427	0.15277776122093198
421	424	0.1639699429761008
421	425	0.12297748550504106
422	426	0.2576671035112081
422	430	0.11614537993975206
423	424	0.149329796198337
423	426	0.10540924905606479
423	427	0.632455532033676
423	751	0.11111111111111113
423	753	0.11111111111111113
423	755	0.158113883008419
424	427	0.10833334624767303
425	426	0.11805556118488317
426	427	0.10714285075664522
426	430	0.11785715222358702
427	751	0.21081851067789198
427	753	0.10540925533894599
427	755	0.19999999999999998
428	430	0.21250000000000008
428	519	0.19999999999999998
428	756	0.10540925533894599
430	822	0.10540925533894599
433	434	0.1927091602957126
433	445	0.1885618111262026
433	701	0.2744803034103449
433	703	0.17056056291828595
434	444	0.2725319983291292
434	698	0.1025978352085154
434	701	0.10943767825078088
434	704	0.13695246848946144
434	707	0.11738783013382408
434	763	0.1398634845829081
435	438	0.11716764606336799
436	499	0.14301938838683884
438	443	0.1924500897298753
439	440	0.13693063937629157
439	441	0.5270462766947299
439	445	0.158113883008419
439	706	0.125
440	441	0.12629537138523064
441	447	0.16666666666666669
441	712	0.1256297269074015
441	713	0.1666666666666667
442	714	0.5477225575051662
443	715	0.15701584270615304
444	445	0.1587301161554125
444	698	0.1328156670046922
444	707	0.14357682219347
444	710	0.11964735182789168
444	716	0.21164019902547207
444	763	0.12219054021735129
445	447	0.3333333333333334
445	701	0.28109135280625697
445	703	0.15075567228888181
445	706	0.10540925533894599
445	709	0.10540925533894599
446	700	0.19069251784911845
446	702	0.1760238521381157
446	705	0.1760238521381157
446	708	0.1100149075863223
447	701	0.12046772263125301
447	703	0.15075567228888181
447	713	0.11111111111111113
450	451	0.33678765702728175
450	453	0.2886751345948129
451	453	0.11111111111111113
451	455	0.158113883008419
452	822	0.158113883008419
457	458	0.14814816580878368
457	487	0.10540925533894599
459	460	0.1192569516917201
459	831	0.5555555555555556
460	461	0.579750904364203
460	833	0.49852724275079074
460	834	0.31622776601683794
461	833	0.3233808333817773
461	834	0.388888888888889
461	835	0.16666666666666669
465	466	0.3180772227150511
471	472	0.21604939301808682
471	515	0.25197631533948484
472	473	0.127672072933933
472	474	0.18951173657587334
472	516	0.2842676218074806
476	477	0.2566425556389972
476	478	0.6682475473372113
477	479	0.2704493655431348
478	479	0.10295898385236738
478	480	0.21926450482675733
479	480	0.13043478131294248
482	487	0.158113883008419
482	488	0.13867504905630731
482	490	0.125
483	484	0.5604485383178051
483	485	0.3763089045031909
483	486	0.4853626716970755
483	489	0.21926450482675733
483	491	0.3962969619506086
484	485	0.4351941398892446
484	486	0.36084391824351614
484	489	0.2738612787525831
484	491	0.35355339059327384
485	486	0.33920026264998404
485	489	0.4767312946227962
485	491	0.24618298195866548
486	489	0.1976423537605237
486	491	0.3572172541558801
487	488	0.2631174057921088
488	490	0.41602514716892186
488	500	0.2508726030021272
489	491	0.19364916731037085
490	500	0.1507556722888818
491	511	0.11907242616312486
492	536	0.18106995688544383
492	615	0.21164025200737852
493	537	0.7692307692307692
493	616	0.7161148740394329
493	633	0.14322297480788657
495	618	0.10935646447122503
497	498	0.10072783928315802
497	499	0.10552446549857548
498	500	0.11363636363636362
500	501	0.2727272727272727
501	505	0.23836564731139806
502	503	0.1731481462717057
502	504	0.12619361308976304
503	504	0.1271283376553058
507	558	0.10038976100577597
509	511	0.11437907814979556
512	513	0.5377503616960921
513	865	0.10737546543861087
513	867	0.10337818808109016
514	868	0.10548366864226934
515	516	0.20145575061250337
515	870	0.10780492696527055
516	871	0.11620355522914665
519	756	0.10540925533894599
526	529	0.15438673220979698
530	531	0.2915565601682123
530	535	0.1111111111111111
531	532	0.11266510594974864
534	535	0.23217087462842306
536	615	0.11287466684977215
537	538	0.11067913529887756
537	616	0.6445033866354896
537	633	0.21483446221182984
540	541	0.13230945246180323
543	544	0.6666666666666669
543	547	0.11111111111111113
543	548	0.11111111111111113
545	546	0.11793374684121877
547	548	0.8888888888888892
547	549	0.2763853872152989
547	550	0.10540925533894599
548	549	0.3224496184178487
548	550	0.158113883008419
549	550	0.19665165050728356
551	552	0.1355638775488604
551	856	0.10004645872582983
552	599	0.13900960937138318
552	750	0.15713484026367724
552	776	0.14907119849998596
553	554	0.14819221560629908
555	556	0.11167089165849324
557	558	0.13703202691432478
557	759	0.1111111044883728
557	865	0.5999999841054281
558	866	0.11126533415527141
559	560	0.36080119078868184
559	561	0.19187085237285384
560	561	0.14504753621327157
563	568	0.1122391742929027
563	570	0.18677727601329241
563	576	0.159719145057986
563	577	0.159719145057986
563	580	0.15228622959907973
565	566	0.3948362939797497
565	567	0.1261201386237507
565	575	0.15873014926910403
565	579	0.10997147329083203
566	567	0.11407994526336605
567	568	0.10272226345840663
568	570	0.647150228929434
568	571	0.12711882527576415
568	576	0.26352313834736496
568	577	0.26352313834736496
568	580	0.15075567228888181
569	575	0.21081851067789198
569	579	0.2738612787525831
570	571	0.2115385119731609
570	576	0.39467610868816316
570	577	0.39467610868816316
570	578	0.11122895524053635
570	580	0.29268470350248177
570	587	0.2719641466102106
571	606	0.10482847742392731
571	659	0.1254363015010636
572	574	0.149329796198337
574	575	0.5270462766947299
575	579	0.1924500897298753
576	577	0.9500000000000003
576	578	0.17211356465496563
576	580	0.5720775535473555
576	587	0.12403473458920845
577	578	0.18117217332101646
577	580	0.6197506830096351
577	587	0.12403473458920845
578	580	0.138192711579126
580	581	0.14141416549682614
580	587	0.11826247919781652
581	583	0.11229949647730043
582	583	0.144384969364513
582	584	0.10871147725097237
583	584	0.13588927179785354
585	586	0.3760127711402284
589	594	0.1488405083704117
591	592	0.42905816516051654
591	593	0.35176323534072423
592	593	0.579750904364203
592	595	0.15
593	595	0.4743416490252569
593	596	0.35176323534072423
595	596	0.8581163303210333
597	600	0.12983624125973986
599	776	0.18650096164806276
600	644	0.1555525578538992
600	843	0.12777531871198958
604	606	0.11952286093343936
605	606	0.47809144373375745
609	612	0.11111111111111113
616	633	0.19999999999999996
619	620	0.10050377553542901
620	623	0.16052376720899972
626	629	0.2981423969999719
626	631	0.23570226039551587
629	631	0.685160159703149
632	633	0.10631719894874463
634	635	0.12540448776314286
634	636	0.12989709595004498
634	637	0.10118531096798418
635	636	0.13551914212237515
635	637	0.13388082599558596
635	841	0.1000740338121056
636	841	0.1369236154123444
638	639	0.19751933623541423
640	642	0.3768445776846039
641	643	0.1242518785870762
644	645	0.10370174966261196
644	843	0.7857142686843874
644	844	0.10370174966261196
645	844	1.0000000000000002
646	845	0.22222222222222227
646	847	0.9444444444444448
647	648	0.26414295688110107
652	653	0.1315587028960544
652	654	0.29268470350248177
653	654	0.4767312946227961
655	656	0.15
661	663	0.2424242496490479
669	682	0.11952286093343936
671	674	0.158113883008419
671	679	0.1833333373069763
672	678	0.19069251784911845
674	675	0.11111112435658776
674	679	0.1932503056433218
675	676	0.6254627916220946
675	677	0.32244963938457144
676	677	0.6382847523386745
682	683	0.35714283585548406
685	686	0.12182897351306138
687	688	0.10867057911412366
687	689	0.2070432966958967
688	689	0.2515446868841059
688	690	0.11337618012961899
688	691	0.23490441124385308
689	690	0.1521451457939883
689	691	0.15117965745101475
691	692	0.12369243848075588
692	693	0.632455532033676
693	694	0.17447050979418727
694	695	0.10086581177441387
698	699	0.1716232558346628
699	704	0.22727272727272724
699	710	0.13636363636363635
699	727	0.14301938838683884
699	735	0.15075567228888181
700	702	0.20769229531288144
701	703	0.1997731020297662
702	705	0.6
702	708	0.24999999999999997
703	704	0.2060605937784368
703	706	0.4767312946227962
703	709	0.33371190623595726
703	711	0.19069251784911845
703	712	0.13636363636363635
703	713	0.10050378152592121
704	705	0.1080590870070099
704	706	0.1652668389518975
704	707	0.4545454545454546
704	710	0.3181818181818181
705	708	0.24999999999999997
706	707	0.2034053402484893
706	709	0.44999999999999996
706	711	0.19999999999999998
706	712	0.14301938838683884
706	713	0.10540925533894599
707	709	0.15255400518636697
707	710	0.4545454545454546
707	720	0.10050378152592121
707	724	0.19069251784911845
707	763	0.10751854579932593
708	710	0.10170267012424465
708	730	0.10540925533894599
708	731	0.19999999999999998
709	710	0.2034053402484893
709	711	0.5499999999999999
709	712	0.28603877677367767
709	713	0.10540925533894599
710	711	0.17797967271742812
710	712	0.14545453678477893
710	720	0.10050378152592121
710	724	0.23836564731139806
711	712	0.762770071396474
711	713	0.4216370213557839
711	715	0.19999999999999998
712	713	0.6532745799184878
712	715	0.19069251784911845
713	714	0.11293843400988884
713	715	0.42163702135578396
716	717	0.579750904364203
716	720	0.11111111111111113
717	720	0.5270462766947299
717	724	0.15
718	719	0.10000000000000002
718	723	0.11736911246964808
719	720	0.10540925533894602
720	724	0.158113883008419
720	735	0.11111111111111113
722	723	0.6666666666666666
722	726	0.2738612787525831
723	726	0.2738612787525831
727	728	0.1071428507566452
730	731	0.31622776601683794
732	734	0.13888885577519738
737	738	0.3405223330052834
737	739	0.15214514579398827
737	740	0.10879224059708077
742	743	0.11088225052927174
743	839	0.14214193850779824
748	749	0.17094016075134283
750	754	0.10540925533894599
750	778	0.10050378152592121
751	752	0.22222220897674566
751	753	0.16666666666666669
751	755	0.21081851067789198
752	754	0.21081851067789198
753	754	0.2986595389921836
753	755	0.7378647873726221
754	755	0.24999998509883883
759	865	0.14814813931783039
759	867	0.16872427198621961
760	761	0.10378021975264093
760	771	0.22715611623109092
761	762	0.6888528114015403
761	772	0.24298339390684182
762	772	0.3046358979224712
764	766	0.464812978158747
767	769	0.12485818876860388
768	769	0.2857142686843872
768	770	0.13474282077571495
768	774	0.11867525690176764
771	772	0.17496691358223548
771	773	0.32812500000000006
771	774	0.20647370787936792
772	773	0.12008595538587818
775	777	0.14907119849998596
776	777	0.11249999999999999
776	778	0.28603877677367767
777	778	0.15493767075240877
779	780	0.8636363636363634
782	783	0.1301877138634685
782	787	0.13107985063357488
782	793	0.12462418494925662
783	784	0.11603851143061072
783	795	0.12001191061946458
784	785	0.502518907629606
784	786	0.11918282933877893
784	794	0.19069251784911845
785	786	0.3294039386414093
785	788	0.2196026257609395
785	792	0.11574074625968936
785	794	0.26352313834736496
786	788	0.7500000000000001
786	792	0.31622776601683794
786	794	0.10416667163372038
786	797	0.2711630722733202
787	793	0.23373356700586473
787	798	0.15321937997894622
788	792	0.21081851067789198
788	794	0.12500000596046448
788	797	0.2711630722733202
790	793	0.15740740299224856
791	795	0.12972284548540983
792	794	0.24156288833703343
792	797	0.2286647801900118
794	797	0.11298461883474295
795	796	0.21081849811212952
800	802	0.1605382219710641
801	804	0.25
801	807	0.158113883008419
801	813	0.158113883008419
801	815	0.19069251784911845
801	816	0.19999999999999998
802	806	0.2449489742783178
802	814	0.10540925533894599
804	813	0.10540925533894599
804	816	0.15
807	808	0.10540925533894599
808	816	0.15
810	811	0.11752141846550838
811	812	0.11666667461395266
815	816	0.5720775535473553
818	872	0.1111111111111111
820	821	0.44474958999666075
821	826	0.18898223650461363
823	824	0.6666666666666669
826	827	0.11306675421666136
828	872	0.1111111111111111
830	864	0.1111111111111111
833	834	0.16169041669088866
833	836	0.16637806616154058
834	835	0.7222222222222224
834	836	0.17149858514250885
835	836	0.4573295603800237
838	839	0.14708710135363798
840	841	0.2826087176799775
842	864	0.1111111111111111
842	879	0.1111111111111111
845	847	0.22222222222222227
849	853	0.3142696805273545
851	855	0.14141413900587296
851	857	0.12246823683338987
852	853	0.11111111111111115
855	856	0.30151134457776363
856	857	0.43519413988924455
856	862	0.15075567228888181
857	858	0.12259811775701986
857	862	0.2405626121623441
858	860	0.5559369874958259
858	862	0.10111722327022409
859	860	0.10350978454401809
859	861	0.22222223281860345
864	879	0.1111111111111111
865	867	0.11666667461395264
867	868	0.14497650135449838
872	879	0.1111111111111111
873	875	0.1544932782465668
874	877	0.46188021535170065
