4	660	0.10849241674664604
10	625	0.14059422837143412
11	73	0.15534669148485586
25	26	0.17100988288970048
25	68	0.11624132149139238
31	848	0.11136653857338075
44	400	0.11933360325554403
50	417	0.1353624553264718
54	425	0.15956446504291236
56	544	0.11792410654083889
60	236	0.1085920645079617
63	66	0.1050712962399891
64	67	0.156950170955461
69	72	0.11979592942896965
70	312	0.12804019462241228
73	822	0.10615010814209261
82	457	0.13172875953418667
84	85	0.15902550727622472
86	322	0.2121888844959125
89	92	0.12091924783857996
92	325	0.11613982785133288
92	408	0.15113299398429073
92	624	0.1211891052623041
92	755	0.12358337563820801
94	411	0.3065388841934083
94	423	0.12809572663942248
94	755	0.16294106079193987
97	234	0.11859229270287366
97	503	0.18340305965491016
102	766	0.20324202318709686
114	764	0.2782511965799765
116	290	0.10375235256949254
127	128	0.16251329747952628
135	142	0.13686057033186735
140	142	0.11108265110626435
145	393	0.1284600196712405
151	420	0.1669588228615498
164	288	0.19485647978540435
164	805	0.10157862289157286
171	183	0.1508724754897201
172	179	0.12568028523833977
177	178	0.20579862384729292
177	182	0.17789393197018114
178	182	0.1387540730329473
184	239	0.1398662225519483
193	847	0.13334656633699496
195	197	0.1616133998257496
197	206	0.119831195424391
204	208	0.17753247652165252
235	564	0.13747099182538391
237	460	0.1273968519913813
245	431	0.12984932822995549
247	495	0.10952053838037251
265	431	0.12805665889807327
265	537	0.1365925721941043
265	539	0.1518636499199497
265	651	0.11272541383261878
270	273	0.10612966738728932
285	650	0.13568036428355873
293	299	0.16936700495019166
309	443	0.11050623478223744
310	826	0.1399131197842226
315	588	0.1171262463916279
325	423	0.1822047073223793
325	427	0.10872307434371811
329	370	0.13760056200497722
329	652	0.14394643101946056
329	656	0.1299230024186331
346	347	0.15304392316497398
356	828	0.10913270329379388
368	533	0.10764147877508566
370	652	0.14968110161350923
375	453	0.1169294900770545
393	542	0.16090688571674988
404	495	0.10604925016943331
408	624	0.1070059904567779
408	751	0.13621510557465635
417	573	0.11935690691142142
417	824	0.11198068034424256
419	573	0.11716853410791632
432	832	0.14647877651305571
433	441	0.1149782104111666
434	710	0.10667474150491019
435	748	0.13875440439309003
436	818	0.1395176685436634
437	619	0.11412587202676532
439	441	0.138763890368456
445	703	0.12286824395585373
446	700	0.1368419885417678
450	455	0.25645990991871076
451	453	0.10148992241232145
454	500	0.18575069474257822
454	506	0.10370895451608765
457	482	0.13996090324336918
457	487	0.11400048713103692
460	461	0.14092738148880227
461	836	0.2233002148172333
470	873	0.10372895385541978
478	480	0.2255060180790798
481	495	0.102872531327207
483	486	0.15425195911486728
483	489	0.11385345505149039
483	491	0.2204588663228246
485	486	0.13936373565438798
485	489	0.17021719010223504
486	491	0.20718817348056373
487	498	0.1530136035515987
493	537	0.10527997210541962
499	872	0.18669056768134942
513	819	0.11630158343595898
522	799	0.11381894961806935
522	830	0.1039610048169961
522	879	0.12741852012601051
525	563	0.10096489863174676
547	548	0.10460869919541568
552	776	0.1297544277740643
569	575	0.2688209773429418
570	577	0.15669857750746372
571	606	0.10136069165187972
573	824	0.13127115812113174
575	579	0.12634536912921726
576	577	0.1529181507858671
576	580	0.11048840145165988
593	596	0.1835330508820075
604	606	0.11357187571642259
638	811	0.10129625344246933
652	654	0.11674881150706569
653	654	0.17487697316725112
663	786	0.13921596455462576
676	677	0.18012099165459694
699	735	0.1264921087731663
702	730	0.17356351745461432
702	731	0.1139166842810788
703	715	0.1748379644951262
706	715	0.1559148477758148
707	720	0.10703979772964034
707	724	0.11584501101005373
707	735	0.14430051471990885
710	716	0.1266740249069425
710	720	0.1940377576264664
710	727	0.12864996014357882
712	715	0.11514977273681129
716	727	0.10176136381829042
717	720	0.13055072028064113
750	776	0.15635923586303474
751	753	0.17538985852375213
752	778	0.15562546272184138
752	866	0.10397813737829513
769	803	0.11233679770029285
776	778	0.11227328293496308
776	842	0.1056021191935329
784	785	0.1685897408651756
786	792	0.10082456204866357
797	824	0.10033254635248595
799	842	0.17618510681462843
801	808	0.14146029114682973
801	815	0.1680528644929759
802	814	0.15267343646724338
804	813	0.3933954479249384
804	815	0.12471783396604635
813	816	0.12227318440820938
818	828	0.14862365378051803
821	826	0.15261243467804272
823	824	0.2815807961621007
828	830	0.12588304577174148
828	842	0.2371036167440158
828	848	0.10156825113994407
828	872	0.1487841955607815
833	836	0.14662515238717563
835	836	0.13340768980991033
842	864	0.1200909384202634
842	866	0.13864192318746027
857	860	0.10905822255194861
857	862	0.18352779434664
864	879	0.10879792906690418
