0	74	0.25396823883056646
0	95	0.18686870733896896
0	264	0.1333333253860474
0	401	0.14957265059153244
0	536	0.1333333253860474
0	588	0.1565656463305156
0	829	0.13425924380620324
4	423	0.12222222487131758
5	78	0.10802467664082847
5	129	0.10526315371195478
5	239	0.11111110448837283
5	562	0.1370370189348857
5	588	0.11851853132247928
5	829	0.11851851145426436
6	7	0.13851279545488615
9	291	0.11410886614690961
10	21	0.11522632837295535
10	326	0.17283952236175543
10	331	0.10288063685099287
10	481	0.19753080606460577
10	625	0.3333333333333334
10	638	0.13168732325236007
10	825	0.15131503951688213
13	74	0.1162798113915748
13	95	0.14142136185688933
14	81	0.12103630802922125
14	240	0.11111112435658776
14	322	0.15015017986297613
14	382	0.10210216045379641
14	495	0.1395669765816214
15	332	0.25000000000000006
15	383	0.13952628522976956
15	598	0.2063492139180502
17	18	0.19230768084526068
19	132	0.11111110448837283
19	238	0.11481481790542605
19	559	0.11111110448837283
19	562	0.10740743080774946
21	210	0.12896823883056643
21	326	0.10144925117492679
21	524	0.1014492710431417
21	615	0.11594204107920332
21	625	0.11522632837295535
21	647	0.1062802076339722
21	771	0.12424947441650303
23	24	0.4333880353363064
24	28	0.16129032770792648
25	26	0.2886751345948129
25	27	0.1616161664326986
26	414	0.1310433081691202
27	95	0.1285648590892272
27	703	0.11111110448837283
29	30	0.13636365532875064
30	31	0.1287878751754761
31	378	0.1666666666666667
31	436	0.1666666666666667
31	499	0.1666666666666667
32	551	0.1666666666666667
38	39	0.1666666666666667
39	40	0.1666666666666667
41	399	0.3118279576301576
44	400	0.6666666666666669
44	518	0.12745096286137902
46	47	0.13888889551162723
58	248	0.11965811252593997
61	185	0.2750000357627869
61	470	0.10833337903022769
64	65	0.1666666666666667
64	67	0.1666666666666667
65	67	0.1666666666666667
66	67	0.1666666666666667
68	71	1.0000000000000002
69	72	1.0000000000000002
70	73	1.0000000000000002
74	95	0.20202020804087326
74	170	0.1459109284539668
74	239	0.11904764175415042
74	401	0.1190476218859355
74	588	0.1190476218859355
74	760	0.10846561193466189
78	80	0.17022940716366158
78	129	0.1052631735801697
78	135	0.11111110448837283
78	244	0.11111110448837283
78	264	0.14814817905426028
78	352	0.11111112435658776
78	409	0.12545133003511702
78	467	0.11111110448837283
78	492	0.11111110448837283
78	536	0.22222226858139044
78	557	0.1194444298744202
78	588	0.11111112435658776
78	615	0.15873008966445926
78	632	0.17777776718139654
78	759	0.11111110448837283
78	760	0.1137566169102987
78	865	0.1194444298744202
79	245	0.6666666666666669
79	265	0.5000000000000001
79	352	0.12709441174048014
79	493	0.8333333333333336
79	537	1.0000000000000002
79	539	0.2357022603955159
79	616	0.8333333333333336
79	633	0.3333333333333334
81	267	0.10867506605061981
81	322	0.10878565215995371
81	495	0.17204104131303843
81	538	0.16301259907592971
81	618	0.6666666666666669
81	868	0.12179484963417056
82	482	0.1666666666666667
82	487	0.2886751345948129
82	490	0.1666666666666667
83	85	0.10103630399073607
83	143	0.11447815100351973
83	248	0.11965811252593997
83	331	0.11805552244186404
83	463	0.11226829447765893
83	685	0.11388889948527021
83	744	0.11547004695537362
83	771	0.1054641384586987
83	873	0.10628018776575728
84	85	0.17677669529663687
85	448	0.13230944816020848
85	462	0.10223909869807701
85	463	0.12521681178616828
85	466	0.1263625463974146
86	87	0.1697056342282672
86	136	0.13199325233449738
86	238	0.1088889042536418
86	275	0.10000000397364302
86	322	0.30341879526774096
86	349	0.15770610173543298
86	459	0.1466666658719381
86	474	0.11360751087315678
86	475	0.10222220420837405
86	481	0.12000000476837161
86	770	0.10370899401206901
86	831	0.1466666658719381
86	841	0.1005663002039047
87	90	0.12500000000000003
87	323	0.5000000000000001
88	90	0.23333332935969042
88	324	0.6666666666666669
89	325	0.5000000000000001
90	323	0.12500000000000003
90	324	0.23333332935969042
91	93	0.12280702590942386
91	322	0.15713484494666044
92	94	0.36514837167011077
92	325	0.3333333333333334
95	107	0.12142237316158104
95	135	0.11111112435658776
95	401	0.10353535413742068
95	557	0.11111112435658776
95	588	0.11868687470753991
95	632	0.10666664441426597
95	759	0.10606060425440474
96	99	0.2759856383005779
99	100	0.13620078563690188
102	105	0.14433756729740646
103	106	0.15624999999999997
104	107	0.12179487943649295
108	766	0.27777777115503954
109	112	0.21326164404551193
110	113	0.12500001490116117
111	157	0.1041666666666667
112	115	0.18750000000000006
116	117	0.1666666666666667
116	290	0.1666666666666667
117	119	0.1999999880790711
118	120	0.22916665673255926
126	127	0.1666666666666667
129	495	0.10477633607618789
129	838	0.1403508583704631
131	538	0.1043280999730205
131	839	0.1041666666666667
131	840	0.13230942235064022
132	238	0.11111110448837283
132	244	0.16111109654108688
132	275	0.36111110448837286
132	382	0.10256413618723555
132	492	0.16111109654108688
132	743	0.11180746880658879
132	838	0.11111112435658776
134	635	0.3333333333333334
135	322	0.10256409645080569
135	339	0.13968253135681155
135	409	0.10631464275263477
135	467	0.11111110448837283
135	557	0.12698411941528323
135	759	0.1613756616910299
135	760	0.10582011938095096
135	865	0.12698411941528323
136	349	0.1267216369143508
136	559	0.11785113019775795
143	144	0.23332141302103448
143	248	0.1414141654968262
143	268	0.12121216456095381
143	507	0.10774417718251549
144	865	0.10475656798075679
157	424	0.1041666666666667
164	288	0.10606060425440474
164	298	0.1837023552500848
164	463	0.10059890063391365
164	540	0.10101010402043663
170	171	0.10416668653488162
170	177	0.13636364539464318
170	182	0.13636364539464318
170	638	0.10557497548514133
172	179	0.1666666666666667
177	182	0.3333333333333334
177	274	0.15121077577489403
179	180	0.17948718865712487
182	274	0.15121077577489403
188	199	0.3333333333333334
188	203	0.3333333333333334
188	205	0.10317458709081016
189	200	0.1666666666666667
189	204	0.1666666666666667
191	192	0.11666667461395266
192	194	0.10833331942558291
197	201	0.3333333333333334
197	206	0.3333333333333334
198	202	0.3333333333333334
198	207	0.3333333333333334
199	203	0.5000000000000001
199	205	0.10317458709081016
200	204	0.1666666666666667
201	206	0.3333333333333334
202	207	0.3333333333333334
203	205	0.10317458709081016
204	206	0.13541665673255923
210	240	0.10457519690195723
210	524	0.10317464669545494
210	615	0.10317458709081016
210	800	0.10317456722259524
211	213	0.2592592537403107
212	213	0.21428570151329046
215	491	0.10206207261596577
215	576	0.11547004695537362
215	577	0.11547004695537362
218	227	0.26190475622812914
218	233	0.13095237811406457
219	221	0.1754385630289714
227	233	0.1666666666666667
230	231	0.18181818723678592
236	459	0.3333333333333334
236	831	0.3333333333333334
237	460	0.1666666666666667
237	833	0.2886751345948129
237	834	0.1666666666666667
237	835	0.1666666666666667
238	322	0.11752136548360193
238	474	0.1103893848599756
238	475	0.22222214937210089
238	481	0.10606060425440474
238	841	0.11195857930744985
239	264	0.13425924380620324
239	401	0.10256413618723555
239	536	0.13425924380620324
239	588	0.11111110448837283
239	829	0.11111110448837283
240	241	0.11091874630993857
240	243	0.15609493745188813
240	697	0.12745098272959396
240	719	0.1016755069140649
240	759	0.13071898619333908
240	825	0.12016192951001424
240	873	0.10457519690195723
241	759	0.11313708948551147
243	352	0.1166423617515339
243	557	0.1462889529049884
243	558	0.16891993267832706
243	581	0.10309826481334446
243	638	0.10206204828247142
243	864	0.1166423617515339
243	865	0.1462889529049884
243	879	0.1166423617515339
244	246	0.13094570646370862
244	264	0.13580246766408288
244	275	0.10185186068216963
244	492	1.0000000000000002
244	494	0.13094570646370862
244	536	0.20370370149612432
244	559	0.11111110448837283
244	615	0.23809528350830084
244	647	0.10317458709081016
244	648	0.10475655393180729
244	838	0.27777779102325445
245	265	0.6666666666666669
245	352	0.12709441174048014
245	493	0.8333333333333336
245	537	0.6666666666666669
245	539	0.2357022603955159
245	616	0.8333333333333336
245	633	0.3333333333333334
246	266	0.12222222487131758
246	492	0.13094570646370862
246	494	0.1666666666666667
247	267	0.11904759407043455
247	495	0.1855072498321533
248	253	0.12213178903675768
248	507	0.19230771064758306
248	685	0.11111112435658776
248	687	0.12393160661061609
251	576	0.12465515611468844
256	275	0.11538461844126387
256	336	0.10277775923411055
256	635	0.10860789080188427
260	263	0.1546473972200167
263	274	0.13095235824584958
263	775	0.10206207261596575
264	401	0.10256413618723555
264	492	0.13580246766408288
264	536	0.6666666666666669
264	588	0.12121212482452395
265	493	0.5000000000000001
265	537	0.5000000000000001
265	616	0.5000000000000001
265	633	0.5000000000000001
266	340	0.1018518408139547
267	538	0.19999999999999998
267	838	0.1198780911308462
268	274	0.11907242616312483
268	402	0.10773219046501878
268	562	0.13888887564341232
268	615	0.1018518408139547
268	800	0.11538459857304895
269	273	0.11727427342914275
274	473	0.13059113313605245
275	322	0.10042734940846763
275	336	0.10833330949147545
275	492	0.10185186068216963
275	559	0.13888889551162723
275	647	0.11904764175415042
275	838	0.11111110448837283
279	280	0.25000000000000006
285	295	0.17948718865712487
288	298	0.2886751345948129
288	540	0.10101010402043663
288	598	0.10648149251937869
291	295	0.1666666666666667
292	312	0.1666666666666667
292	463	0.10825317547305485
292	771	0.12629537998842008
293	415	0.1018518408139547
295	863	0.1217161166351906
296	310	0.12500000000000003
296	826	0.1018518408139547
298	299	0.3280399139443018
298	309	0.13121596557772072
298	540	0.17495463224121355
298	729	0.10905506155312061
298	805	0.15151515603065488
299	309	0.1666666666666667
299	438	0.10424379669186257
306	307	0.1111111144224803
309	438	0.10424379669186257
318	450	0.13230943095382963
320	352	0.1141098106512439
322	323	0.10878565215995371
322	474	0.11254822728395479
322	475	0.10256409645080569
322	481	0.11538459857304895
322	495	0.1919939886089518
322	841	0.10274201886668358
323	495	0.12171613839972958
326	382	0.10000000397364302
326	481	0.18181820710500085
326	524	0.13611110051472985
326	562	0.1138888796170553
326	615	0.1243386268615723
326	647	0.11666667461395266
326	838	0.10000002384185794
326	873	0.10144925117492679
328	330	0.1666666666666667
329	365	0.1018518408139547
329	370	0.1018518408139547
329	371	0.1018518408139547
329	375	0.1018518408139547
329	450	0.17641256313418696
329	451	0.1018518408139547
329	528	0.1018518408139547
329	652	0.12830006077582679
329	653	0.1481481492519379
329	654	0.1481481492519379
331	349	0.10035840670267744
331	476	0.10288065671920779
331	524	0.1944444576899211
331	615	0.10416664679845176
331	625	0.10288063685099287
331	647	0.1180555621782939
332	598	0.1944444576899211
341	342	0.10606062412261966
344	756	0.1666666666666667
344	861	0.10424379669186257
346	347	0.1666666666666667
349	351	0.10644617894176052
349	476	0.19354840119679775
349	478	0.10644617894176052
349	800	0.10394263267517093
352	493	0.12709441174048014
352	537	0.12709441174048014
352	616	0.12709441174048014
352	838	0.11640202999114993
353	878	0.12179487943649295
357	359	0.5000000000000001
357	361	0.1666666666666667
358	360	0.2886751345948129
359	361	0.1666666666666667
360	363	0.1666666666666667
360	581	0.11111110448837283
360	752	0.12500000000000003
361	362	0.1666666666666667
361	802	0.19047617912292486
364	539	0.12865497668584192
365	370	0.1666666666666667
365	371	0.1666666666666667
365	375	0.1666666666666667
365	450	0.17641256313418696
365	451	0.1018518408139547
365	528	0.1018518408139547
365	653	0.1018518408139547
365	654	0.1018518408139547
367	372	0.10493826866149905
369	373	0.1666666666666667
370	371	0.5000000000000001
370	375	0.1666666666666667
370	450	0.17641256313418696
370	451	0.1018518408139547
370	528	0.1018518408139547
370	653	0.1018518408139547
370	654	0.1018518408139547
371	375	0.1666666666666667
371	450	0.17641256313418696
371	451	0.1018518408139547
371	528	0.1018518408139547
371	653	0.1018518408139547
371	654	0.1018518408139547
375	450	0.17641256313418696
375	451	0.2037036816279094
375	528	0.1018518408139547
375	653	0.1018518408139547
375	654	0.1018518408139547
378	436	0.1666666666666667
378	499	0.1666666666666667
382	383	0.12247446767236343
382	559	0.10256413618723555
382	838	0.12393160661061609
384	657	0.15467960838455724
385	865	0.11666667461395266
385	867	0.3333333333333334
386	514	0.46551725268363964
386	632	0.14087952197243328
398	452	0.12830006937901622
400	518	0.12745096286137902
401	536	0.10256413618723555
401	588	0.20512819290161138
403	760	0.10256407658259077
408	427	0.3333333333333334
408	751	0.1666666666666667
408	753	0.1666666666666667
408	755	0.1666666666666667
409	476	0.11056723722279813
409	495	0.10046820906069531
409	553	0.10289186910622422
409	685	0.10206209694946008
409	687	0.10206209694946008
416	417	0.1666666666666667
417	419	0.4444444477558137
419	429	0.1666666666666667
420	423	0.15277776122093203
421	424	0.11111110448837283
422	426	0.13580248753229782
423	424	0.11111112435658776
426	463	0.10825317547305485
427	753	0.1666666666666667
427	755	0.1666666666666667
428	430	0.14433756729740646
428	519	0.1666666666666667
433	445	0.18856181112620263
434	707	0.11547004695537362
436	499	0.1666666666666667
437	447	0.1666666666666667
438	443	0.2886751345948129
438	588	0.10515488407921732
438	596	0.13230942235064022
438	789	0.10424379669186257
439	441	0.1666666666666667
441	713	0.1666666666666667
442	714	0.6666666666666669
443	715	0.11458331346511844
443	789	0.12037036816279097
444	716	0.23809522390365606
445	701	0.1269841293493907
445	703	0.1666666666666667
445	715	0.1666666666666667
446	700	0.1666666666666667
448	587	0.10327954974292322
448	861	0.1275775907699572
448	864	0.11805554231007898
448	879	0.11805554231007898
450	451	0.2886751345948129
450	528	0.17641256313418696
450	652	0.15277776122093198
450	653	0.17641256313418696
450	654	0.17641256313418696
451	528	0.1018518408139547
451	653	0.1018518408139547
451	654	0.1018518408139547
452	523	0.15811388300841894
452	822	0.2886751345948129
457	458	0.11111112435658776
459	831	1.0000000000000002
460	833	0.4330127018922194
461	834	0.1666666666666667
462	523	0.10220372206163358
462	626	0.11111112435658776
463	521	0.10825317547305485
463	576	0.12499999999999997
463	577	0.12499999999999997
463	619	0.10773219046501878
463	771	0.11458331346511838
465	466	0.1574074029922486
467	557	0.10000000397364302
467	588	0.12698413928349817
467	759	0.11728394031524661
467	829	0.11904764175415042
467	865	0.10000000397364302
470	481	0.10184665121691813
470	495	0.17130415931666698
471	515	0.4330127018922194
472	474	0.1217161166351906
472	516	0.4714045207910318
474	481	0.11226039086133609
475	524	0.12037036816279097
475	615	0.11111108462015791
475	647	0.1018518408139547
476	478	0.20078339971894713
476	687	0.16049383083979293
477	479	0.46188022223425224
478	687	0.13322301308034826
481	495	0.12348642686949908
481	509	0.1357073450168734
481	841	0.10713738725733918
481	868	0.10685170186918283
482	490	0.1666666666666667
483	484	0.1666666666666667
485	489	0.3333333333333334
486	489	0.3333333333333334
486	491	0.20412414523193154
487	488	0.2886751345948129
491	511	0.11907242616312484
491	576	0.11785114424670741
491	577	0.11785114424670741
491	723	0.1094331752670508
492	494	0.13094570646370862
492	536	0.20370370149612432
492	559	0.11111110448837283
492	615	0.23809528350830084
492	647	0.10317458709081016
492	648	0.10475655393180729
492	838	0.27777779102325445
493	537	0.8333333333333336
493	539	0.2357022603955159
493	616	1.0000000000000002
493	633	0.1666666666666667
495	538	0.15
495	618	0.11469402754202562
495	838	0.10477639763560032
496	641	0.1333333253860474
500	501	0.2165063509461097
500	505	0.2165063509461097
501	505	0.5000000000000001
501	506	0.1666666666666667
502	503	0.10185185074806216
505	506	0.1666666666666667
507	510	0.16835876143935408
512	513	0.1466591895534797
513	867	0.1240538256973082
515	516	0.1134023083140718
515	870	0.1952802264686466
516	871	0.20312552818859653
524	562	0.12654320398966476
524	615	0.15608465671539312
524	838	0.10493826866149905
528	653	0.1018518408139547
528	654	0.1018518408139547
536	588	0.12121212482452395
536	615	0.12698400020599368
536	632	0.10666668415069583
537	539	0.2357022603955159
537	616	0.8333333333333336
537	633	0.3333333333333334
538	618	0.10867506605061981
539	616	0.2357022603955159
539	633	0.2357022603955159
540	547	0.11111110448837283
540	550	0.11111110448837283
540	615	0.1047565820297063
543	544	0.1666666666666667
547	548	0.6666666666666669
547	550	0.3333333333333334
548	549	0.22916665673255926
548	550	0.1666666666666667
552	599	0.2357022603955159
552	750	0.2357022603955159
552	776	0.2357022603955159
553	554	0.1667162425570865
556	638	0.11953652873103872
556	771	0.11419335785623105
557	558	0.18763883060407685
557	632	0.12444442510604861
557	759	0.11111110448837283
557	865	0.2999999920527141
558	865	0.2165063509461097
559	647	0.11507938305536909
559	838	0.11111110448837283
562	615	0.10846561193466189
562	800	0.10256407658259077
563	568	0.16835876143935408
563	576	0.2916059287123291
563	577	0.2916059287123291
563	580	0.16835876143935408
563	587	0.1844277827879303
564	815	0.11595018338599304
565	566	0.1190476218859355
568	570	0.1666666666666667
568	576	0.4330127018922194
568	577	0.2886751345948129
568	580	0.3333333333333334
568	587	0.18257418583505539
569	579	0.3333333333333334
570	571	0.12500002980232242
571	606	0.13608275537678957
576	577	0.7499999999999999
576	580	0.2886751345948129
576	587	0.3162277660168379
576	619	0.10773216613152445
577	578	0.13230944816020848
577	580	0.4330127018922194
577	587	0.3162277660168379
577	619	0.10773216613152445
578	580	0.11458334326744082
580	587	0.18257418583505539
581	583	0.10188536996161679
581	802	0.10317464669545494
582	584	0.1250925766778897
585	586	0.17777776718139654
587	623	0.10954450497167154
588	595	0.1285648590892272
588	596	0.1285648590892272
588	692	0.10713740130628868
588	759	0.11111110448837283
588	829	0.13888887564341232
589	617	0.12500000000000003
591	592	0.1666666666666667
591	593	0.3333333333333334
592	593	0.1666666666666667
595	596	0.6666666666666669
599	750	0.1666666666666667
599	752	0.1666666666666667
599	754	0.1666666666666667
599	864	0.11785113019775795
599	879	0.11785113019775795
600	644	0.16396679289447835
600	843	0.13468701196127317
601	605	0.1666666666666667
615	647	0.11111112435658776
615	838	0.16931215922037765
616	633	0.1666666666666667
619	622	0.15713483089771094
620	623	0.17388016662170086
625	825	0.15131503951688213
626	629	0.2357022603955159
632	865	0.1333333253860474
635	637	0.10475649773600927
635	829	0.10629711958752698
638	771	0.10631464275263477
640	642	0.21757131836885693
644	843	0.7857142686843874
645	844	1.0000000000000002
646	845	0.1666666666666667
646	847	0.8333333333333336
647	648	0.16835876143935408
647	800	0.10256409645080569
647	838	0.10317462682724002
647	840	0.10945787321614485
647	841	0.12570792091396676
652	653	0.14433756729740646
652	654	0.4330127018922194
653	654	0.3333333333333334
661	663	0.12121212482452395
669	682	0.1666666666666667
670	672	0.11695907513300581
670	673	0.13230944816020848
670	678	0.1754386126995087
671	679	0.30555556217829394
672	678	0.3333333333333334
675	677	0.15277778108914697
676	677	0.30555556217829394
676	815	0.13230943095382963
677	815	0.13230943095382963
682	683	0.23809522390365606
687	688	0.11164840660030868
693	694	0.1379310488700867
697	865	0.10215053955713911
699	735	0.1666666666666667
702	708	0.3333333333333334
702	731	0.1666666666666667
703	704	0.1333333253860474
703	706	0.1666666666666667
703	707	0.11547004695537363
703	709	0.1666666666666667
703	711	0.1666666666666667
703	712	0.1666666666666667
703	715	0.1666666666666667
705	708	0.1666666666666667
706	707	0.15396006260716483
706	715	0.1666666666666667
707	763	0.11886622480700226
708	731	0.1666666666666667
710	716	0.1666666666666667
711	712	0.5000000000000001
711	715	0.1666666666666667
712	715	0.1666666666666667
713	715	0.1666666666666667
718	722	0.14285713434219363
718	723	0.12371790745218603
719	759	0.1484051227530435
722	723	0.2886751345948129
722	726	0.1666666666666667
723	726	0.2886751345948129
729	744	0.108866228634926
737	738	0.23809522390365606
737	739	0.11904761195182803
743	838	0.14504753621327163
751	752	0.11111110448837283
752	754	0.1666666666666667
752	799	0.11785113019775795
752	864	0.11785113019775795
752	879	0.11785113019775795
753	754	0.22222220897674566
753	755	0.3333333333333334
754	755	0.16666665673255923
754	864	0.11785113019775795
754	879	0.11785113019775795
756	861	0.10424379669186257
758	781	0.1666666666666667
759	760	0.10582009951273603
759	829	0.11111110448837283
759	865	0.11111110448837283
760	771	0.3110463223375848
761	762	0.3988095223903657
761	772	0.13293650746345523
762	772	0.1666666666666667
764	766	0.27083331346511846
765	879	0.10475652583390828
768	769	0.15121077577489406
775	777	0.4714045207910318
775	861	0.11056723722279813
779	780	0.6666666666666669
784	794	0.1666666666666667
785	786	0.13888889551162723
785	794	0.1666666666666667
786	788	0.4330127018922194
786	792	0.1666666666666667
786	797	0.3333333333333334
787	793	0.2133685784920956
787	798	0.23773246682038338
788	794	0.12028131181663167
788	797	0.2886751345948129
789	879	0.17022940716366158
792	797	0.1666666666666667
793	798	0.1014492710431417
794	797	0.13888889551162723
800	802	0.12691660823556217
801	804	0.24999999999999994
801	807	0.14433756729740646
801	813	0.14433756729740646
802	814	0.3333333333333334
804	813	0.2886751345948129
804	815	0.24999999999999994
804	816	0.14433756729740646
807	808	0.1666666666666667
820	821	0.3333333333333334
823	824	0.1666666666666667
830	864	0.3333333333333334
834	835	0.3333333333333334
840	841	0.10877614615191329
845	847	0.1666666666666667
856	857	0.14433756729740646
856	862	0.14433756729740646
857	862	0.1666666666666667
864	879	0.3333333333333334
865	867	0.11666667461395266
872	879	0.3333333333333334
874	877	0.3333333333333334
