0	4	0.3731012536223182
7	9	0.11135884415933875
8	9	0.1166423617515339
10	625	0.12499999999999997
12	625	0.11785112317328315
14	331	0.13963970541954038
15	16	0.2843982294972605
15	332	0.17503501050350123
15	383	0.13446690157511884
15	598	0.13002601257192647
16	17	0.155011697248979
17	18	0.32857003540428703
19	390	0.10311974594751293
23	24	0.4053973859388841
23	477	0.16601957433154335
24	25	0.10160336870515224
24	28	0.19397993981257047
25	26	0.502518907629606
25	27	0.22998383668447983
26	27	0.3235994338728215
29	30	0.1767767198822985
30	31	0.20928029716014862
30	32	0.11785113019775793
31	436	0.11785113019775793
31	499	0.1875
32	551	0.16666666666666669
34	518	0.13518218123547812
37	38	0.47140452079103173
38	39	0.4216370213557839
39	40	0.16770509831248423
41	399	0.11693548411130902
43	48	0.21320071635561041
44	400	0.3125
46	47	0.3350126210610499
46	49	0.1273147927390205
47	49	0.13609889078465895
48	51	0.2696799449852968
53	424	0.1767766952966369
53	630	0.11180339887498948
54	55	0.10311973892303816
54	57	0.17702201267739
55	57	0.13176153775927638
56	57	0.12073636528274732
58	59	0.12056736151377359
61	185	0.25927252015254626
63	65	0.15075567228888181
64	65	0.5
64	66	0.125
64	67	0.10660035817780521
65	66	0.125
65	67	0.1599005372667078
66	67	0.3198010745334156
68	71	0.9999999999999999
69	72	1.0000000000000002
70	73	1.0
74	772	0.11293849526798068
78	264	0.19444448500871656
78	492	0.11111110448837279
78	493	0.10256236317608398
78	536	0.22222226858139035
78	537	0.10256236317608398
78	615	0.1587300896644592
78	632	0.13333332538604734
79	245	0.4003203845127179
79	265	0.44474958999666075
79	493	0.6405126152203486
79	537	0.7205766921228922
79	616	0.592999453328881
79	633	0.2223747949983304
80	81	0.1020448151205038
81	130	0.15075567228888181
81	495	0.11979400479980441
81	618	0.5454545454545455
82	482	0.3572172541558802
82	488	0.30463589792247125
82	490	0.5416666666666667
82	500	0.14433756729740646
83	84	0.27669931411337684
83	85	0.11193038371134724
84	85	0.26967994498529685
86	87	0.12347898620922022
86	91	0.31111111243565875
86	322	0.6826922893524169
87	88	0.1500612722218075
87	90	0.2033723042049902
87	323	0.7233393492970545
87	324	0.11388849811283222
88	90	0.5533985811051446
88	324	0.737864787372622
89	92	0.5716619504750295
89	94	0.298142396999972
89	325	0.6666666666666669
89	408	0.11111111111111113
89	427	0.11785113019775793
89	751	0.11785113019775793
89	755	0.11111111111111113
90	323	0.14107202341170866
90	324	0.4199999928474426
91	93	0.2822224625931933
91	322	0.33333334326744074
92	94	0.8436614877321076
92	325	0.34299717028501775
94	325	0.22360679774997902
96	99	0.23901057384796395
96	109	0.1219695727202727
96	112	0.1499355884641785
98	102	0.31201886037669146
98	108	0.22063065203045706
99	100	0.11558387832710722
99	103	0.18879835428226913
99	106	0.10107736895273063
99	109	0.19973435852071728
99	112	0.11631741185801203
100	103	0.1137655272007744
100	106	0.133928507566452
101	104	0.10954449408940208
102	105	0.685160159703149
102	108	0.41247895569215276
102	114	0.10416666666666667
103	106	0.13110110602126895
104	107	0.155656206663975
105	108	0.6149186938124422
106	109	0.1418472584872527
107	108	0.11825356292546067
109	112	0.3218855848284113
109	115	0.19287634268403053
110	112	0.10416667163372041
110	113	0.1112373153391722
110	118	0.21650633029845506
112	113	0.11918293163421702
112	115	0.2096313728906053
112	121	0.10946346036715829
116	117	0.234375
117	119	0.3474395937771368
118	120	0.393863163648179
126	127	0.11785113019775793
127	128	0.5229763603684908
129	838	0.10526314377784726
130	131	0.1842949166893959
130	618	0.22613350843332272
130	840	0.10274196267088555
131	839	0.2096313728906053
131	840	0.10803019097382018
132	133	0.42426408557066786
132	275	0.13541666418313977
132	743	0.12578340240741234
132	838	0.12500001490116117
134	635	0.12598815766974242
136	137	0.14696939040702936
138	140	0.16071737255479365
138	141	0.5031152949374527
140	141	0.10781249105930327
140	142	0.4780914437337574
141	142	0.1288605737576878
143	144	0.247474730014801
145	146	0.11027621550799277
149	151	0.11883318689043551
149	152	0.13725489377975464
150	153	0.11785112317328317
151	154	0.13749295947431014
153	154	0.1249999925494194
155	156	0.11184203624725342
156	157	0.11403504014015198
159	160	0.10475662417655476
161	162	0.10999993607401848
168	245	0.10416665673255923
170	171	0.13503777910800505
170	182	0.14463548754880484
171	183	0.1015625
172	179	0.125
174	175	0.11029411107301712
176	183	0.17307692393660545
177	178	0.5625
177	182	0.3125
178	182	0.1875
179	180	0.33653847873210907
184	865	0.10606602139266696
187	202	0.178571417927742
187	207	0.10101524843424273
188	192	0.19999998807907104
188	193	0.11607141047716141
188	194	0.125
188	196	0.11785113019775793
188	199	0.25
188	203	0.1875
189	190	0.11458342894911766
189	200	0.1875
189	204	0.25
191	192	0.18958334624767303
192	193	0.14895828813314438
192	194	0.14895831421017647
192	203	0.1249999925494194
193	205	0.1875
196	199	0.23570226039551587
196	203	0.23570226039551587
197	201	0.23570226039551587
197	206	0.158113883008419
198	202	0.25
198	207	0.1767766952966369
199	203	0.5
199	205	0.1741071157157421
200	201	0.1861979030072689
200	204	0.5
200	206	0.10598029740891493
201	206	0.5031152949374527
202	207	0.2946278254943948
203	205	0.23214282095432281
204	205	0.10156254842877388
204	206	0.16654046735686634
210	471	0.10101524843424271
211	212	0.18518516421318054
211	213	0.35526822339446096
212	213	0.3614031396207935
214	215	0.5590169943749475
218	227	0.1473214253783226
219	220	0.1043859213590622
219	221	0.17105259895324706
219	222	0.17260875744391396
220	223	0.10083330273628234
221	223	0.11375000774860382
222	223	0.11273505965707145
227	233	0.12909944487358055
228	232	0.11111112435658776
230	231	0.2571297462763534
231	234	0.109131653337392
232	234	0.16798423025160153
236	459	0.3749999999999999
236	831	0.3749999999999999
237	460	0.21081851067789198
237	833	0.15811388300841894
237	834	0.22360679774997896
237	835	0.16770509831248423
238	475	0.1666666120290756
239	467	0.10714286565780637
240	242	0.11029417812824249
244	264	0.20370370149612424
244	492	0.8749999999999999
244	536	0.1782407388091087
244	615	0.20833337306976316
244	838	0.10416667163372037
245	265	0.6943650748294137
245	493	0.6666666666666669
245	537	0.4166666666666668
245	539	0.10206207261596575
245	616	0.4629100498862758
245	633	0.38575837490522985
246	266	0.13750000298023224
247	495	0.37101449966430666
247	618	0.11979400479980441
247	868	0.10748022939165607
248	251	0.11218521169248634
248	253	0.1353004560765704
249	251	0.20412414523193154
249	253	0.12309149097933275
251	252	0.13322367891669273
257	258	0.26352313834736496
260	261	0.1178511020998589
260	262	0.10038976100577596
260	263	0.10309826481334446
264	492	0.1782407388091087
264	536	0.8749999999999999
264	615	0.11111100018024443
264	632	0.1000000163912773
265	493	0.38575837490522985
265	537	0.6172133998483678
265	616	0.3571428571428572
265	633	0.42857142857142866
267	538	0.4
268	269	0.120370348294576
268	274	0.10004084814787165
269	270	0.3351391514998741
269	273	0.13541666666666669
270	273	0.2946278254943948
271	274	0.2858309752375148
276	277	0.26194175198131203
277	278	0.15058752871578604
279	280	0.33145630368119405
280	296	0.11180339887498948
280	300	0.125
281	282	0.12745097279548648
285	291	0.1495726572142707
285	295	0.11965812577141659
287	293	0.14404025463176026
288	298	0.1767766952966369
289	290	0.11249998211860657
290	292	0.11785113019775793
291	295	0.22222222222222227
293	294	0.22222222222222227
293	299	0.1234567827648587
293	415	0.10803019097382018
293	609	0.10803019097382018
296	305	0.1366485838160941
296	310	0.12577882373436317
298	299	0.4040403895907933
299	309	0.11785113019775793
299	438	0.10887909465625058
301	302	0.1458333358168602
306	307	0.14583333767950535
319	723	0.1055289777908079
322	323	0.11230713101188547
323	324	0.13465966788413777
325	408	0.22222222222222227
325	423	0.11785113019775793
325	427	0.11785113019775793
325	751	0.1767766952966369
325	753	0.11785113019775793
325	755	0.22222222222222227
328	330	0.2946278254943948
332	333	0.13117953366700968
334	335	0.10257621802669532
339	803	0.1414213562373095
346	347	0.625
352	355	0.1440329054991404
352	363	0.10101524843424271
353	354	0.13452834211173295
354	356	0.1655092471175724
356	358	0.11111111111111113
356	360	0.11111111111111113
356	363	0.11785113019775793
357	359	0.7660323462854264
357	361	0.3125
357	362	0.11785113019775793
358	360	0.6111111111111113
358	363	0.11785113019775793
359	361	0.5303300858899107
359	362	0.22222222222222227
360	363	0.3535533905932738
361	362	0.7071067811865475
361	802	0.1071428507566452
362	802	0.10101524843424273
362	806	0.15272070056137882
365	370	0.14433756729740646
365	371	0.14433756729740646
365	375	0.36084391824351614
366	369	0.17045453190803528
366	373	0.1928472886338408
366	380	0.10562681013846421
367	372	0.10559209597571145
368	369	0.10326084494590759
369	373	0.2946278254943948
369	380	0.12909944487358055
370	371	0.8125
370	375	0.3125
371	375	0.4375
373	374	0.20062748447735576
377	378	0.10227271914482117
385	867	0.12499999999999997
386	514	0.32917040613193305
391	392	0.13503776505905554
391	396	0.11785113019775793
395	396	0.1276720342993219
395	397	0.1822916753590107
407	416	0.10475656095628202
407	429	0.2946278254943948
407	824	0.13258252147247768
408	411	0.1767766952966369
408	423	0.2946278254943948
408	427	0.2946278254943948
408	751	0.1767766952966369
408	753	0.11785113019775793
408	755	0.22222222222222227
411	427	0.125
413	414	0.21276599168777466
416	417	0.625
416	419	0.4190262438251281
416	429	0.1666666679084301
417	419	0.7332959266939739
417	429	0.1666666679084301
418	421	0.13927861256635807
418	425	0.1604937977261014
418	426	0.12121211157904735
419	429	0.1767766952966369
420	423	0.2100694216787815
420	424	0.10803021555948181
420	427	0.114583320915699
421	424	0.15713483089771088
421	425	0.11457750720469452
422	426	0.24006714959022332
423	424	0.13749300162115863
423	427	0.625
423	751	0.125
423	755	0.11785113019775793
424	630	0.10540925533894599
425	426	0.11574074625968937
427	751	0.1875
427	755	0.1767766952966369
428	430	0.2083333333333334
428	519	0.1767766952966369
428	756	0.11785113019775793
430	822	0.11785113019775793
433	434	0.17999994754791257
433	445	0.14142135834465192
433	701	0.3068783084551493
433	703	0.15811387358409712
434	704	0.11111110448837283
434	763	0.13492385010094912
436	499	0.11785113019775793
438	443	0.21320071635561041
439	440	0.12248898373471646
439	441	0.47140452079103173
439	445	0.1767766952966369
439	706	0.1388888888888889
439	712	0.10540925533894599
440	441	0.10993161937086161
441	447	0.125
441	713	0.125
442	714	0.5527707983925667
443	715	0.1575520560145378
444	445	0.16071424260735512
444	707	0.10647942115332153
444	716	0.238095223903656
445	447	0.25
445	701	0.2244783474150596
445	703	0.16770509831248423
445	706	0.11785113019775793
446	700	0.16666666666666669
446	702	0.20512819290161136
446	705	0.20512819290161138
446	708	0.1087856521599537
447	703	0.16770509831248423
450	451	0.266500895444513
450	453	0.1599005372667078
450	455	0.10050378152592121
451	455	0.1767766952966369
452	822	0.1767766952966369
457	458	0.1458333507180214
457	487	0.11785113019775793
457	490	0.10206207261596577
459	831	0.6249999999999999
460	461	0.4868644955601477
460	833	0.5
460	834	0.3535533905932738
461	833	0.18257418583505533
461	834	0.3872983346207416
461	835	0.12909944487358055
465	466	0.26398023993927866
471	472	0.2083333432674408
471	515	0.2773500981126146
472	473	0.11834117190814748
472	474	0.15811387358409715
472	516	0.31622776601683794
476	477	0.292803501014586
476	478	0.6147710976658697
477	479	0.2951459193470656
478	479	0.11295983415407601
478	480	0.15309310892394865
479	480	0.10760320476379369
482	487	0.11785113019775793
482	488	0.10660035817780521
482	490	0.15309310892394865
483	484	0.42905816516051654
483	485	0.21081851067789198
483	486	0.3
483	489	0.21081851067789198
483	491	0.2981423969999719
484	485	0.40201512610368484
484	486	0.28603877677367767
484	489	0.30151134457776363
484	491	0.28426762180748055
485	486	0.158113883008419
485	489	0.5000000000000001
485	491	0.15713484026367724
486	489	0.158113883008419
486	491	0.2981423969999719
487	488	0.30151134457776363
488	490	0.3481553119113957
488	500	0.20100756305184242
489	491	0.15713484026367724
490	500	0.14433756729740646
492	536	0.20370370149612424
492	615	0.23809528350830075
492	838	0.10416667163372037
493	537	0.7500000000000002
493	539	0.10206207261596575
493	616	0.7715167498104596
493	633	0.15430334996209194
495	538	0.1
495	618	0.11979400479980441
500	501	0.316227766016838
501	503	0.10540926790470846
501	505	0.26352313834736496
502	503	0.1697530845801036
502	504	0.12091065005009637
503	504	0.12401088124242916
505	506	0.10540925533894599
512	513	0.5112077388380131
514	868	0.10601507587775305
515	516	0.1949017913618699
515	870	0.12507944855625475
516	871	0.12504143680641763
526	529	0.12068966031074523
530	531	0.23931625982125598
531	532	0.10223836753921575
534	535	0.21757133593004374
536	615	0.12698400020599362
537	539	0.10206207261596575
537	616	0.6943650748294137
537	633	0.2314550249431379
540	541	0.12974983949430485
543	544	0.625
545	546	0.10855265334248543
547	548	0.875
547	549	0.27007549499573735
547	550	0.11785113019775793
548	549	0.32409059399488477
548	550	0.11785113019775793
549	550	0.15277777115503952
551	552	0.13131316502888996
551	856	0.10780492737265068
552	599	0.16666666666666666
552	750	0.17677669529663687
552	776	0.16666666666666666
553	554	0.1291378461931744
555	556	0.10886623350162483
557	558	0.15320646363750548
557	865	0.5624999850988387
559	560	0.3561893479115929
559	561	0.15909090638160703
560	561	0.11872978263719763
563	568	0.12626907107951552
563	570	0.16940773583372964
563	576	0.1785714328289032
563	577	0.11904762188593546
563	580	0.11904762188593546
565	566	0.40832997436036617
565	567	0.11382156564233781
565	575	0.10394383310574994
566	567	0.10150522373766645
568	570	0.6149186938124422
568	571	0.1257788537223716
568	576	0.2946278254943948
568	577	0.23570226039551587
568	580	0.11785113019775793
569	575	0.1767766952966369
569	579	0.21081851067789198
570	571	0.21250005066394811
570	576	0.3689323936863109
570	577	0.31622776601683794
570	578	0.10652466009184527
570	580	0.158113883008419
570	587	0.25819888974716115
572	574	0.13749300162115863
574	575	0.5303300858899107
576	577	0.8888888888888892
576	578	0.16332632866204727
576	580	0.5000000000000001
576	587	0.13608276348795437
577	578	0.1735342242034252
577	580	0.5555555555555557
577	587	0.13608276348795437
578	580	0.11228685095515749
580	581	0.13322560929712782
581	583	0.10588238239288332
582	583	0.14117641448974613
582	584	0.10329179565648555
583	584	0.12395008659082395
585	586	0.345696627974964
588	763	0.1116097931181862
589	594	0.16055720043566493
591	592	0.44444444444444453
591	593	0.41247895569215276
592	593	0.5892556509887896
592	595	0.11111111111111113
593	595	0.3535533905932738
593	596	0.1767766952966369
595	596	0.8333333333333336
597	600	0.10264456130397685
599	750	0.11785113019775793
600	644	0.12297509467085872
600	843	0.10101525897095484
601	605	0.11111111111111113
604	606	0.1421338109037403
605	606	0.3553345272593508
609	612	0.125
616	633	0.2142857142857143
620	623	0.14197256153776208
626	629	0.25
626	631	0.17677669529663687
629	631	0.6481812160876685
634	635	0.12047002611931007
634	636	0.11192459050063536
635	636	0.1318618138144444
635	637	0.12598808257494856
638	639	0.17175925771395364
640	642	0.2919025546962076
644	843	0.7857142686843871
645	844	1.0
646	845	0.125
646	847	0.9375
647	648	0.255155187623288
652	653	0.14433756729740646
652	654	0.2738612787525831
653	654	0.3689323936863109
661	663	0.22727273404598236
669	682	0.1307440900921227
671	674	0.1875
671	679	0.16204530753415453
672	678	0.22222222222222227
674	675	0.104166679084301
674	679	0.16204530753415453
675	676	0.5031152949374527
675	677	0.20497290238014862
676	677	0.595833346247673
682	683	0.3439153234163921
685	686	0.11293848113149794
687	688	0.12560445742534723
687	689	0.18518515427907306
688	689	0.2444894006457541
688	690	0.11828899700838215
688	691	0.21478023397101187
689	690	0.13400503404723868
689	691	0.15194127263620394
691	692	0.11395594662355142
692	693	0.5303300858899107
693	694	0.17241381108760834
694	695	0.10980878726174463
698	699	0.1475729486784907
699	704	0.158113883008419
699	724	0.10540925533894599
699	727	0.158113883008419
699	735	0.16770509831248423
700	702	0.15384614467620855
701	703	0.18070156981039673
702	705	0.6111111111111113
702	708	0.23570226039551587
702	731	0.11111111111111113
703	704	0.19676393157132094
703	706	0.4216370213557839
703	709	0.26352313834736496
703	711	0.21081851067789198
703	712	0.15
703	713	0.11180339887498948
704	706	0.1629629532496135
704	707	0.4216370213557839
704	710	0.3689323936863109
704	724	0.11111111111111113
705	708	0.2946278254943948
706	707	0.19676393157132094
706	709	0.3333333333333334
706	711	0.22222222222222227
706	712	0.158113883008419
706	713	0.11785113019775793
706	715	0.11785113019775793
707	709	0.11243653232646907
707	710	0.35
707	717	0.11180339887498948
707	720	0.11180339887498948
707	724	0.21081851067789198
707	727	0.10540925533894599
707	763	0.12352940440177917
708	731	0.11785113019775793
709	710	0.19676393157132094
709	711	0.5000000000000001
709	712	0.21081851067789198
709	713	0.11785113019775793
709	715	0.11785113019775793
710	711	0.16865479848970363
710	712	0.13333332538604734
710	717	0.11180339887498948
710	720	0.11180339887498948
710	724	0.21081851067789198
710	727	0.10540925533894599
711	712	0.7378647873726221
711	713	0.3535533905932738
711	715	0.11785113019775793
712	713	0.6149186938124422
712	715	0.16770509831248423
713	714	0.10943314014467705
713	715	0.3125
716	717	0.5
717	720	0.5
717	724	0.1767766952966369
718	723	0.12921913997412302
720	724	0.1767766952966369
720	735	0.125
722	723	0.6030226891555273
722	726	0.11785113019775793
723	726	0.1599005372667078
724	727	0.11111111111111113
727	728	0.10317459702491763
730	731	0.11785113019775793
732	734	0.12499997019767761
737	738	0.3262667232687719
737	739	0.15058464150866396
737	740	0.10050379350690561
742	743	0.10748320963373671
743	838	0.10878565215995369
743	839	0.15279799267902297
748	749	0.16025640070438385
750	754	0.11785113019775793
750	778	0.11785113019775793
751	752	0.208333320915699
751	753	0.1875
751	755	0.23570226039551587
752	754	0.1767766952966369
753	754	0.29462780793320786
753	755	0.7071067811865475
754	755	0.24074072639147448
754	776	0.11111111111111113
759	865	0.16666665673255918
760	771	0.12698412934939066
761	762	0.6779761880636217
761	772	0.19940476119518277
762	764	0.10059524178504944
762	772	0.24999999999999997
763	765	0.10075886457027827
764	766	0.4567734062933996
767	769	0.11978934879748672
768	769	0.27936506271362305
768	770	0.1436363295657903
768	774	0.14595126792378196
771	772	0.15152579198397242
771	773	0.2602301963972649
771	774	0.14583333333333331
772	773	0.10320850064473376
775	777	0.17677669529663687
776	777	0.13258252147247768
776	778	0.22222222222222227
777	778	0.16204530402191716
779	780	0.85
782	783	0.14329749668909422
783	784	0.1184028373113548
783	795	0.10939921124445721
784	785	0.4472135954999579
784	794	0.158113883008419
785	786	0.3191801595052896
785	788	0.19641855969556288
785	792	0.1041666716337204
785	794	0.2946278254943948
786	788	0.7222222222222224
786	792	0.2946278254943948
786	794	0.11574074625968936
786	797	0.2946278254943948
787	793	0.21776839352025645
787	798	0.11206815959793268
788	792	0.1767766952966369
788	794	0.11574074625968936
788	797	0.2946278254943948
790	793	0.13773147761821747
792	794	0.22097087965750825
792	797	0.25
794	797	0.1227615998097268
795	796	0.16006533659237018
800	806	0.10793243013271377
801	804	0.22222222222222227
801	807	0.11785113019775793
801	813	0.11785113019775793
801	815	0.10540925533894599
801	816	0.22222222222222227
802	806	0.23622779563076698
802	814	0.125
804	813	0.11785113019775793
804	815	0.10540925533894599
804	816	0.16666666666666669
808	816	0.11111111111111113
810	811	0.10576927661895752
811	812	0.1093750074505806
815	816	0.5797509043642028
818	872	0.12499999999999997
820	821	0.4403524229639897
820	826	0.10825317547305485
821	826	0.20801257358446093
823	824	0.625
828	872	0.12499999999999997
830	864	0.12499999999999997
833	834	0.17677669529663687
833	836	0.17677669529663687
834	835	0.6875
835	836	0.375
838	839	0.17787811838447135
840	841	0.27214172813627463
845	847	0.125
849	853	0.17677669529663687
850	851	0.10050375756395244
851	855	0.11931817978620529
851	857	0.1356731808248879
852	853	0.109375
855	856	0.16770509831248423
856	857	0.3813850356982369
856	862	0.16770509831248423
857	862	0.266500895444513
858	860	0.5000000000000001
859	860	0.10416661699612939
859	861	0.17680593026232697
860	862	0.11163039192371255
864	879	0.12499999999999997
867	868	0.12543702616779287
872	879	0.12499999999999997
873	875	0.14492754141489664
874	877	0.33407655239053047
