2	73	0.10318549984049098
4	234	0.14841255491130337
4	665	0.10032904633096865
18	855	0.14112712145360817
18	862	0.18445267876717286
23	28	0.13678310000886487
23	109	0.14220687538262158
27	71	0.17585089534359674
31	360	0.10544953103155948
31	879	0.1587098705304782
37	40	0.10169512921429852
38	39	0.10408403277848174
43	48	0.12278083457690532
48	51	0.15289617569308292
50	407	0.2027584389349624
50	573	0.11322552571648417
53	630	0.2246632760701484
63	65	0.14351357591315783
65	66	0.11800389309298227
79	539	0.10978841278338294
79	616	0.12838773759050598
81	130	0.156852434107537
81	618	0.2267948907602175
82	488	0.13873960238045366
82	500	0.2528980002494058
84	85	0.15227667595513686
89	94	0.10779574150766787
89	411	0.1418495532424688
89	755	0.10768006348913431
91	322	0.13348412417013986
92	94	0.18745090724305516
92	408	0.2292957482970085
94	408	0.14846429443890294
97	201	0.10066087745816453
114	374	0.10612695783530213
130	618	0.22233505184994184
155	389	0.1330465593922681
164	288	0.1813944904907854
171	172	0.10247931304823082
171	183	0.10644525702192403
182	271	0.16517959936033927
185	825	0.16198341859713677
189	208	0.11317809307844237
195	201	0.14079767729748563
196	199	0.12183024711933048
197	206	0.19716856999504048
203	863	0.1745393350708692
204	208	0.19676261664730313
204	846	0.1157725716520169
205	455	0.10539191622250056
214	485	0.11320561015505481
218	233	0.2409864635307503
227	233	0.11390364007497579
231	669	0.10109515058650169
236	459	0.24433136179207596
248	253	0.1057064988939981
248	688	0.11228858434360489
249	253	0.16905443913644663
265	651	0.19162852937251773
269	273	0.1932267690144353
271	274	0.10069035494705417
274	369	0.11776423648029277
311	705	0.11832746618579405
311	708	0.1080862107679624
325	753	0.1936110615635374
339	639	0.11270731837412364
348	735	0.11764357503386362
356	360	0.1093099156705099
357	361	0.13709458200115754
360	363	0.28515121115069214
371	654	0.1212791790392686
373	547	0.1023174387405027
378	522	0.10120381613812085
378	848	0.10847559851054489
406	487	0.11761785311553172
406	488	0.12423490892941794
406	506	0.11103574681782419
410	641	0.10059660580975756
412	641	0.17709279692337665
416	417	0.14668274241021947
416	824	0.1404641417146783
417	824	0.10790826960470314
423	751	0.10802490706437519
423	755	0.1383852965531123
424	630	0.16302329935982937
427	751	0.16245997012584357
429	573	0.11901967202253903
431	537	0.1373061867100089
431	633	0.18496135949272768
431	651	0.12017740657403542
433	447	0.12447718894042231
434	698	0.12245880654448654
436	522	0.12070201845437019
436	848	0.10432479343263522
437	445	0.1731672098814929
437	701	0.2225687285517553
437	703	0.12929289669104221
439	445	0.18490511259355438
445	711	0.1643734811389495
454	482	0.13798236576332748
460	834	0.1658298716840323
482	487	0.1281211006332985
486	491	0.10987998974716842
488	490	0.17859565438246577
488	498	0.13379903031305726
488	500	0.1243744082875623
489	869	0.10255416554423645
490	500	0.18584793072101125
499	555	0.10853903934398168
499	828	0.13147150825327972
499	830	0.1309376179365533
499	848	0.13110264203858651
520	822	0.10758810576247352
522	866	0.10097231207375656
528	653	0.1274054224462739
530	535	0.12952673060404318
531	534	0.18020245815187316
537	616	0.13614500362658388
566	579	0.16522798716626655
568	587	0.14611194237502234
570	576	0.1439876751463362
571	601	0.1433558510153517
573	823	0.22567754708090365
577	580	0.12881288008327677
580	587	0.10711106946342921
592	593	0.13311973893443993
599	776	0.11907177728668439
604	606	0.2591639279975856
616	651	0.14650051479453083
623	781	0.10934533740238987
624	751	0.14445130291867278
624	755	0.1403152245734622
626	631	0.21074179283750605
635	829	0.10839981407867832
652	654	0.10240142732865129
652	655	0.10355228922495661
677	808	0.10476376182889312
699	710	0.16873165389865666
699	724	0.22892403065357253
702	705	0.13145798439031361
703	715	0.18325631652283814
708	730	0.20977022374984683
709	711	0.10259557614170922
710	727	0.11655653413431918
713	715	0.20044977193742122
716	717	0.12034306792961671
722	726	0.31339447464477616
750	752	0.17262210847713902
768	774	0.11937017998041567
776	778	0.365297253457331
785	794	0.19627896202333106
792	797	0.13554168711932094
801	804	0.1523133413823215
807	816	0.3234627096115795
813	815	0.12918833772044844
815	816	0.10876787568668742
818	828	0.21502615021286603
818	830	0.12776430104142947
818	842	0.10172087747106856
823	824	0.13322455232178645
828	830	0.2561121408329251
830	837	0.1395376089889099
833	836	0.18099037601585383
842	864	0.1768570978488219
842	879	0.16586596848842994
848	866	0.1261152251247405
848	872	0.1537467723423101
855	856	0.19364353224161263
857	862	0.17695677915144511
858	860	0.21117836844548152
864	879	0.3017098484085751
866	872	0.1806632707486969
