0	5	0.11111113429069516
0	24	0.10264451915712834
0	58	0.10606059432029721
0	74	0.3809523582458495
0	78	0.12037035822868344
0	86	0.12000003457069394
0	95	0.2803030610084533
0	129	0.10526314377784726
0	135	0.12698411941528318
0	239	0.12500002980232236
0	264	0.199999988079071
0	285	0.10878565215995369
0	322	0.11538460850715634
0	401	0.22435897588729853
0	403	0.12499999999999997
0	464	0.10606059432029721
0	465	0.1414213478079398
0	466	0.1414213478079398
0	467	0.14285713434219358
0	481	0.11363637447357175
0	536	0.199999988079071
0	557	0.12499999999999997
0	588	0.23484846949577326
0	632	0.11333334445953366
0	647	0.14880949258804319
0	692	0.10017349157578313
0	759	0.13888886570930478
0	760	0.11904758214950559
0	829	0.20138886570930475
0	861	0.1250925766778897
0	865	0.12499999999999997
1	19	0.10745248412128135
1	467	0.14558079921405567
5	78	0.16203701496124265
5	95	0.10606053471565244
5	129	0.1578947305679321
5	135	0.111111044883728
5	239	0.16666665673255918
5	323	0.10017344942893462
5	403	0.11538460850715634
5	467	0.13333332538604734
5	507	0.11904758214950559
5	557	0.14583334326744077
5	562	0.20555552840232844
5	588	0.17777779698371884
5	632	0.12666663527488706
5	744	0.1043301002887915
5	759	0.13888889551162717
5	760	0.13492062687873838
5	800	0.10256412625312802
5	829	0.17777776718139646
5	865	0.14583334326744077
6	35	0.10481657983750048
6	339	0.10109007118482372
6	409	0.1129406851714507
6	474	0.10137996699556727
6	481	0.10206209694946008
6	553	0.11782776792797862
6	685	0.10206207261596575
10	12	0.11785112317328315
10	14	0.10810810327529904
10	19	0.11111113429069516
10	21	0.17283949255943296
10	58	0.10493829846382138
10	61	0.1296362460273236
10	83	0.12345683574676511
10	86	0.14197528362274167
10	136	0.1003917490307968
10	185	0.14840512275304343
10	210	0.10119050741195676
10	240	0.12745097279548642
10	322	0.12345677614212033
10	326	0.1296296417713165
10	331	0.15432095527648923
10	336	0.14197528362274167
10	475	0.14814814925193784
10	476	0.11419752240180966
10	481	0.19753080606460566
10	524	0.1296296417713165
10	557	0.12345674633979795
10	562	0.11728394031524655
10	563	0.104938268661499
10	615	0.11111110448837277
10	625	0.4999999999999999
10	647	0.11111110448837277
10	687	0.1080246567726135
10	759	0.12654319405555722
10	838	0.104938268661499
10	865	0.12345674633979795
10	873	0.1296296417713165
12	263	0.10584213495967157
12	625	0.11785112317328315
13	74	0.17441971708736215
13	95	0.21213204278533393
13	507	0.10370897996311948
13	638	0.13199324531002257
14	20	0.124221471811735
14	21	0.12162160873413083
14	86	0.10810813307762143
14	210	0.12162163853645322
14	240	0.16666668653488156
14	268	0.10810819268226621
14	322	0.11261263489723203
14	331	0.13963970541954038
14	349	0.11261263489723203
14	382	0.15315324068069455
14	475	0.1463963687419891
14	476	0.1261261701583862
14	481	0.10810813307762143
14	524	0.11261266469955442
14	562	0.10810810327529904
14	615	0.1306306421756744
14	625	0.10810810327529904
14	649	0.10810816287994382
14	697	0.139639675617218
14	800	0.13063070178031919
15	332	0.25
15	383	0.12083330750465393
15	598	0.1547619104385376
16	789	0.125
16	874	0.1354166567325592
16	877	0.1354166567325592
17	18	0.19230768084526062
19	21	0.11594200134277341
19	86	0.1299999952316284
19	132	0.16666665673255918
19	135	0.10317456722259519
19	238	0.172222226858139
19	240	0.1053921580314636
19	243	0.10309824760696559
19	244	0.13888886570930478
19	268	0.10416665673255918
19	275	0.12499999999999997
19	322	0.12500002980232236
19	326	0.11666664481163022
19	331	0.11111113429069516
19	336	0.10833334922790525
19	382	0.11538460850715634
19	409	0.12328835020412059
19	467	0.14880952239036557
19	475	0.11111113429069516
19	481	0.12121209502220151
19	492	0.13888886570930478
19	524	0.12037035822868344
19	559	0.16666665673255918
19	562	0.16111114621162412
19	615	0.10317456722259519
19	625	0.11111113429069516
19	647	0.10714286565780637
19	775	0.11805555224418637
19	838	0.13888892531394956
19	841	0.10017344942893462
19	861	0.12028129461025282
19	873	0.11956521868705747
20	95	0.1178511020998589
20	135	0.12320798761901779
20	401	0.12588644091530937
20	588	0.10981582650468122
21	78	0.11956521868705747
21	83	0.1268115937709808
21	143	0.12121215462684629
21	210	0.19345235824584955
21	238	0.1376811861991882
21	240	0.12254902720451352
21	243	0.10877614615191329
21	256	0.10507246851921079
21	275	0.11594200134277341
21	322	0.11538457870483396
21	326	0.1521738767623901
21	336	0.12318840622901914
21	349	0.10752686858177182
21	401	0.1014493107795715
21	409	0.11426721783527498
21	475	0.14930555224418637
21	476	0.11728397011756894
21	481	0.12318840622901914
21	524	0.1521739065647125
21	559	0.10144925117492673
21	562	0.13043478131294248
21	563	0.11231881380081174
21	577	0.11295984275726542
21	615	0.1739130616188049
21	625	0.17283949255943296
21	647	0.15942031145095822
21	687	0.12318843603134152
21	759	0.11594200134277341
21	760	0.12318843603134152
21	771	0.1757152918375475
21	782	0.10344827175140378
21	800	0.10256406664848325
21	838	0.1159420311450958
21	841	0.11016518173198801
23	24	0.2166940176681531
24	28	0.12096774578094482
24	86	0.11785112317328315
24	95	0.12165287427608708
24	268	0.10264456130397685
24	322	0.12165274783554154
24	331	0.11404949851102478
24	475	0.11024785277534213
24	476	0.11404947743760052
24	615	0.10644618596623523
24	800	0.11785112317328315
25	26	0.25
25	27	0.12121212482452393
26	414	0.15131577849388123
26	649	0.13967541460837601
28	685	0.11785112317328315
31	378	0.25
31	436	0.25
31	499	0.25
35	58	0.10693894584560035
35	409	0.11907242616312484
35	481	0.13094570646370857
39	40	0.25
40	356	0.109375
41	399	0.4677419364452361
44	400	0.75
44	610	0.12745097279548645
45	837	0.11785112317328315
46	47	0.2083333432674408
47	108	0.1145833283662796
47	766	0.1145833283662796
47	862	0.1309523582458496
58	83	0.10227268934249875
58	248	0.17948716878890988
58	251	0.14463548754880481
58	331	0.10763886570930478
58	409	0.10825324429857026
58	464	0.12121215462684629
58	476	0.10493829846382138
58	507	0.1060606241226196
58	577	0.10497277934472812
58	625	0.10493829846382138
58	638	0.10606053471565244
58	647	0.10227268934249875
58	687	0.11363637447357175
58	782	0.12356325984001157
58	829	0.10227268934249875
61	69	0.13750004768371582
61	72	0.13750004768371582
61	185	0.4125000536441803
61	470	0.10833337903022766
61	625	0.1296362460273236
64	65	0.25
64	67	0.25
65	67	0.25
68	71	0.9999999999999998
69	72	1.0
69	83	0.11785114424670741
69	185	0.11057688295841217
70	73	1.0
72	83	0.11785114424670741
72	185	0.11057688295841217
74	78	0.1296296119689941
74	95	0.30303031206130976
74	129	0.12280699610710141
74	135	0.11904761195182798
74	170	0.21886639268095012
74	239	0.17857146263122556
74	248	0.11217948794364926
74	263	0.11684469897469846
74	264	0.14285713434219358
74	382	0.13690477609634397
74	401	0.17857143282890317
74	403	0.11538460850715634
74	467	0.14285713434219358
74	481	0.11363637447357175
74	536	0.14285713434219358
74	557	0.12499999999999997
74	577	0.11684463014918305
74	588	0.17857143282890317
74	632	0.12000000476837155
74	638	0.11979168653488156
74	703	0.10943315419362655
74	759	0.13888889551162717
74	760	0.16269841790199277
74	829	0.10714286565780637
74	838	0.10119047760963437
74	841	0.10901227576439676
74	865	0.12499999999999997
78	79	0.14211457917224699
78	80	0.2553441107454923
78	83	0.12083333730697629
78	86	0.13666668534278867
78	95	0.1363635957241058
78	129	0.1578947603702545
78	135	0.16666665673255918
78	143	0.10353535413742063
78	238	0.1157407462596893
78	239	0.11111110448837277
78	244	0.11111110448837277
78	245	0.14211457917224699
78	248	0.11538457870483396
78	256	0.11111110448837277
78	264	0.22222226858139033
78	322	0.13141024112701413
78	352	0.16666668653488156
78	401	0.13888889551162717
78	409	0.17741497235340573
78	467	0.16666665673255918
78	475	0.10763886570930478
78	492	0.11111110448837277
78	493	0.14211457917224699
78	536	0.22222226858139033
78	537	0.14211457917224699
78	557	0.17916664481163022
78	562	0.11574071645736692
78	588	0.16666668653488156
78	615	0.1587300896644592
78	616	0.14211457917224699
78	632	0.13333332538604734
78	647	0.10185182094573972
78	685	0.13888889551162717
78	759	0.16666665673255918
78	760	0.17063492536544797
78	771	0.11226253704786826
78	782	0.12643674015998838
78	829	0.13888892531394956
78	838	0.11111110448837277
78	865	0.17916664481163022
79	245	1.0
79	265	0.5
79	352	0.19064161761072015
79	364	0.13645920967193395
79	493	1.0
79	537	1.0
79	615	0.11091874630993855
79	616	1.0
79	633	0.25
79	838	0.1074525473415541
80	409	0.10418838201779461
80	685	0.10101524843424271
81	538	0.14880946278572083
81	618	0.75
81	868	0.12179484963417053
82	482	0.25
82	487	0.5
82	490	0.25
83	84	0.12374369513701551
83	85	0.1428869113957498
83	95	0.10984849929809568
83	129	0.12499997019767758
83	185	0.10651926860155313
83	210	0.12500002980232236
83	256	0.10833331942558286
83	331	0.177083283662796
83	339	0.10952383279800412
83	403	0.10256406664848325
83	409	0.10223913311083471
83	475	0.10763886570930478
83	625	0.12345683574676511
83	647	0.14583334326744077
83	649	0.10493829846382138
83	685	0.17083334922790525
83	687	0.10833328962326047
83	744	0.16329930645214746
83	760	0.13095241785049436
83	771	0.14914881495228566
83	838	0.10833331942558286
83	873	0.15942028164863584
84	85	0.2886751345948129
84	692	0.1145833283662796
85	263	0.10101526248319224
85	448	0.18711381601826677
85	462	0.14458791998362194
85	463	0.10223909869807701
85	466	0.17870362689122318
85	692	0.13230943095382963
85	861	0.10101526248319224
86	95	0.13333332538604734
86	132	0.11333334445953366
86	135	0.13999998569488523
86	136	0.19798987850174601
86	210	0.10714289546012876
86	238	0.16333335638046262
86	240	0.12254902720451352
86	243	0.10392308699642128
86	256	0.11666664481163022
86	275	0.15000000596046445
86	322	0.4551281929016112
86	336	0.13666665554046628
86	339	0.10476189851760861
86	349	0.23655915260314936
86	364	0.11403506994247434
86	409	0.129302358153583
86	459	0.21999999880790705
86	464	0.1060606241226196
86	467	0.13333332538604734
86	474	0.15556349101810346
86	475	0.153333306312561
86	476	0.11111107468605039
86	481	0.18000000715255735
86	507	0.11666664481163022
86	557	0.1233333349227905
86	559	0.11333331465721128
86	562	0.11666664481163022
86	615	0.12000000476837155
86	625	0.14197528362274167
86	647	0.11999997496604917
86	759	0.12666666507720944
86	831	0.21999999880790705
86	838	0.10666665434837339
86	841	0.150849450305857
86	865	0.1233333349227905
86	873	0.13666665554046628
87	323	0.25
88	90	0.3499999940395355
88	324	0.75
89	325	0.25
90	324	0.3499999940395355
95	129	0.11363631486892697
95	135	0.16666668653488156
95	239	0.10606059432029721
95	248	0.12820512056350705
95	322	0.12820509076118466
95	331	0.12499997019767758
95	364	0.10526317358016965
95	401	0.15530303120613095
95	403	0.14102560281753537
95	409	0.13230944816020848
95	557	0.16666668653488156
95	563	0.1060606241226196
95	577	0.11372053676635709
95	588	0.1780303120613098
95	632	0.1599999666213989
95	759	0.15909090638160703
95	760	0.11363637447357175
95	865	0.14393937587738034
96	99	0.20698922872543335
96	109	0.10349461436271667
99	100	0.10215058922767639
99	103	0.12061884406149778
103	106	0.15309310892394865
104	107	0.12179487943649292
108	766	0.4166666567325592
109	477	0.10215054452419281
111	424	0.1041666716337204
116	117	0.125
116	290	0.25
118	120	0.1145833283662796
129	238	0.10087719559669492
129	239	0.10526317358016965
129	322	0.10897439718246457
129	331	0.1180554926395416
129	401	0.10526314377784726
129	403	0.1217948496341705
129	467	0.13157895207405088
129	553	0.10365861654281613
129	557	0.10833331942558286
129	588	0.10526314377784726
129	632	0.13999998569488523
129	638	0.12280699610710141
129	647	0.10526314377784726
129	685	0.1184209883213043
129	744	0.10027146810195856
129	759	0.10526314377784726
129	760	0.13492065668106076
129	782	0.12643674015998838
129	829	0.14035090804100034
129	838	0.10526314377784726
129	841	0.12079737754501295
129	865	0.10833331942558286
131	840	0.152777761220932
132	238	0.16666665673255918
132	239	0.11805558204650876
132	244	0.2416666448116302
132	264	0.1416666805744171
132	275	0.36111110448837275
132	322	0.1089743375778198
132	326	0.11666667461395261
132	331	0.10416665673255918
132	382	0.15384620428085324
132	402	0.11130384206478258
132	481	0.11363637447357175
132	492	0.2416666448116302
132	524	0.13888886570930478
132	536	0.1416666805744171
132	557	0.13333332538604734
132	559	0.1363636255264282
132	562	0.144444465637207
132	569	0.11195859335639932
132	615	0.13492065668106076
132	617	0.10606602139266696
132	647	0.11904761195182798
132	648	0.14731389869824787
132	692	0.1414213478079398
132	743	0.16771120320988314
132	800	0.12499999999999997
132	802	0.11364217029359124
132	838	0.16666668653488156
132	873	0.10144922137260434
134	635	0.5
134	759	0.11785112317328315
135	239	0.12301591038703916
135	248	0.11538463830947873
135	256	0.11111113429069516
135	264	0.13888889551162717
135	322	0.15384614467620847
135	339	0.20952379703521723
135	401	0.12698411941528318
135	403	0.12820509076118466
135	409	0.1503516096596266
135	464	0.12626263499259946
135	467	0.16666665673255918
135	481	0.11363637447357175
135	536	0.13888889551162717
135	553	0.1178861856460571
135	557	0.19047617912292475
135	588	0.12698411941528318
135	632	0.13333332538604734
135	743	0.12907506073940106
135	759	0.24206349253654474
135	760	0.15873017907142636
135	771	0.13746434161354004
135	782	0.10919538140296933
135	800	0.11217954754829404
135	802	0.10382123809412824
135	829	0.11904761195182798
135	841	0.10101524843424271
135	865	0.19047617912292475
136	238	0.13258252147247765
136	268	0.10311970380066442
136	349	0.1900824553715261
136	475	0.10311974594751293
136	625	0.1003917490307968
136	647	0.1296362460273236
136	800	0.10425294826342534
143	210	0.10101011395454404
143	243	0.10497281375748584
143	248	0.1060606241226196
143	331	0.11616161465644834
143	475	0.11111110448837277
143	476	0.11616161465644834
143	553	0.10569107532501218
143	557	0.12626263499259946
143	615	0.10101011395454404
143	759	0.10606056451797483
143	829	0.10101008415222165
143	865	0.12626263499259946
143	873	0.12373736500740048
146	171	0.10344827175140381
146	339	0.11111679435109123
146	352	0.10159580019905602
170	177	0.10227273404598236
170	182	0.20454546809196472
170	448	0.10713737320838965
170	563	0.10522420131393463
170	638	0.15836246322771194
170	838	0.11294065707355166
171	256	0.14731391977167213
172	179	0.25
172	180	0.13461539149284363
177	182	0.25
177	263	0.10692215277215893
177	274	0.21384432987781218
177	838	0.11294067814697592
182	263	0.10692215277215893
182	274	0.21384432987781218
182	838	0.11294067814697592
185	625	0.14840512275304343
188	199	0.25
188	203	0.25
189	200	0.25
189	204	0.25
197	201	0.25
197	206	0.5
198	202	0.25
198	207	0.5
199	203	0.5
199	205	0.1547618806362152
200	204	0.25
201	206	0.25
202	207	0.25
203	205	0.1547618806362152
210	238	0.11309522390365598
210	240	0.15686279535293576
210	243	0.11684473338745616
210	256	0.10416671633720395
210	268	0.10119047760963437
210	275	0.10119047760963437
210	322	0.10714289546012876
210	326	0.10714289546012876
210	331	0.10119053721427915
210	336	0.10714286565780637
210	349	0.1236559450626373
210	382	0.10119050741195676
210	402	0.1220601181998236
210	475	0.10714289546012876
210	476	0.10714289546012876
210	524	0.15476197004318235
210	553	0.10975611209869382
210	557	0.10714292526245114
210	559	0.11607140302658078
210	562	0.1249999403953552
210	563	0.11309525370597837
210	577	0.10997154211634744
210	615	0.15476188063621518
210	625	0.10119050741195676
210	647	0.10119047760963437
210	687	0.11904761195182798
210	771	0.1134081377519018
210	800	0.1547618508338928
210	838	0.10119050741195676
210	873	0.12500002980232236
211	212	0.12345677614212036
211	213	0.12962962687015533
212	213	0.1071428507566452
215	486	0.125
215	491	0.14433756729740646
215	563	0.10101524843424271
215	577	0.1632993064521475
218	227	0.3928571343421936
218	233	0.1964285671710968
219	221	0.19736838340759277
219	222	0.14035087823867798
219	228	0.10087719559669495
227	233	0.25
237	835	0.25
238	240	0.10784316062927243
238	248	0.10897439718246457
238	264	0.10000002384185788
238	268	0.10416665673255918
238	322	0.1762820482254028
238	331	0.11805555224418637
238	336	0.11666667461395261
238	401	0.13333332538604734
238	409	0.12328835020412059
238	474	0.1511568904923197
238	475	0.11111107468605039
238	476	0.1296296417713165
238	481	0.15909090638160703
238	524	0.11111110448837277
238	536	0.10000002384185788
238	557	0.11250001192092893
238	562	0.13888886570930478
238	588	0.13333332538604734
238	632	0.11333334445953366
238	647	0.144444465637207
238	648	0.10999440270182187
238	685	0.1277777850627899
238	687	0.1470588147640228
238	760	0.10317456722259519
238	829	0.13333332538604734
238	841	0.1679378689611747
238	865	0.11250001192092893
238	873	0.13405796885490415
239	244	0.11805558204650876
239	264	0.20138886570930475
239	361	0.11294067814697592
239	401	0.15384620428085324
239	403	0.10256412625312802
239	438	0.10424377948548372
239	467	0.10714286565780637
239	492	0.11805558204650876
239	536	0.20138886570930475
239	557	0.10833331942558286
239	588	0.16666665673255918
239	759	0.12037038803100583
239	760	0.10317456722259519
239	829	0.16666665673255918
239	865	0.10833331942558286
240	243	0.2207515775622402
240	268	0.1225490868091583
240	322	0.1274510025978088
240	331	0.10784316062927243
240	336	0.11274513602256772
240	349	0.11029416322708127
240	475	0.11274507641792295
240	476	0.11274510622024533
240	524	0.10784316062927243
240	553	0.10569110512733457
240	557	0.1274510324001312
240	625	0.12745097279548642
240	697	0.1911764740943908
240	759	0.1960784792900085
240	783	0.10842306282221446
240	795	0.10101524843424271
240	800	0.11764708161354062
240	865	0.1274510324001312
240	873	0.15686279535293576
243	332	0.10692215277215893
243	352	0.16495720993624804
243	409	0.11458337306976321
243	448	0.1305910815169159
243	475	0.10424377948548372
243	476	0.1069167216147837
243	551	0.10206204828247144
243	557	0.2068838212235936
243	558	0.22522657690443615
243	559	0.13746437602629774
243	581	0.14580296435616458
243	598	0.1263625463974146
243	599	0.1263625463974146
243	632	0.10777205070756693
243	638	0.14433753288464876
243	687	0.10188533554885908
243	697	0.10864117931619026
243	744	0.10101526248319224
243	752	0.1263625463974146
243	754	0.1263625463974146
243	771	0.11111112435658776
243	800	0.13323466956389265
243	864	0.16495720993624804
243	865	0.2068838212235936
243	879	0.16495720993624804
244	246	0.19641855969556285
244	264	0.2037037014961242
244	275	0.15277779102325437
244	331	0.11111107468605039
244	352	0.12698417901992795
244	382	0.12820515036582944
244	492	0.9999999999999998
244	494	0.19641855969556285
244	524	0.12037038803100583
244	536	0.2037037014961242
244	559	0.16666665673255918
244	562	0.13333332538604734
244	615	0.23809528350830073
244	617	0.11785112317328315
244	647	0.15476188063621518
244	648	0.15713483089771088
244	743	0.13144931915656524
244	800	0.11217948794364926
244	802	0.10522422238735889
244	838	0.4166666865348815
245	265	0.5
245	352	0.19064161761072015
245	364	0.13645920967193395
245	493	1.0
245	537	1.0
245	615	0.11091874630993855
245	616	1.0
245	633	0.25
245	838	0.1074525473415541
246	492	0.19641855969556285
246	494	0.25
247	267	0.1488094925880432
247	495	0.23188406229019165
248	250	0.10101524843424271
248	251	0.14958028225664843
248	253	0.17272043245267238
248	339	0.10000005364418027
248	409	0.12028129461025282
248	464	0.10101017355918882
248	481	0.10897439718246457
248	507	0.19230771064758295
248	563	0.10576921701431272
248	685	0.16666668653488156
248	687	0.18589740991592404
248	759	0.10256406664848325
248	760	0.11858972907066342
248	782	0.1321839094161987
251	326	0.10311976702093718
251	541	0.11363635957241058
251	563	0.11364217029359124
251	576	0.14393937587738037
251	577	0.11752600826475189
256	264	0.10256412625312802
256	275	0.17307692766189572
256	298	0.14063657844439673
256	322	0.11858975887298581
256	336	0.15416663885116574
256	338	0.10425290611657682
256	475	0.11111116409301755
256	481	0.11363637447357175
256	536	0.10256412625312802
256	557	0.12499997019767758
256	563	0.11309522390365598
256	759	0.1018518507480621
256	865	0.12499997019767758
260	263	0.14580296435616458
261	632	0.11313710353446094
263	274	0.17460314432779953
263	374	0.12474251967868354
263	382	0.14063657844439673
263	473	0.12474251967868354
263	547	0.12474251967868354
263	548	0.12474251967868354
263	550	0.12474251967868354
263	622	0.11340228398057749
263	692	0.1275775907699572
263	775	0.14433756729740646
263	777	0.10206207261596577
263	861	0.12962961196899417
264	266	0.13258252147247765
264	298	0.10497277934472812
264	401	0.15384620428085324
264	467	0.14285713434219358
264	492	0.2037037014961242
264	536	0.9999999999999998
264	557	0.10000002384185788
264	569	0.12521683285959254
264	588	0.18181818723678586
264	615	0.12698400020599362
264	647	0.10714286565780637
264	759	0.11111113429069516
264	829	0.12500002980232236
264	865	0.10000002384185788
265	493	0.5
265	537	0.5
265	616	0.5
265	633	0.5
266	340	0.152777761220932
266	536	0.13258252147247765
267	538	0.25
268	274	0.16839383998456012
268	275	0.10416665673255918
268	322	0.10256406664848325
268	326	0.11805558204650876
268	331	0.10416665673255918
268	349	0.14247310161590573
268	382	0.12152776122093198
268	402	0.18659762749609987
268	475	0.13888886570930478
268	476	0.104938268661499
268	524	0.12499999999999997
268	559	0.11805558204650876
268	562	0.20833331346511835
268	615	0.15277776122093198
268	647	0.13194444775581357
268	800	0.17307689785957334
268	838	0.13541665673255918
268	873	0.12499999999999997
274	374	0.10692215277215893
274	382	0.11102890850962273
274	473	0.18468375160667588
274	547	0.1263625463974146
274	548	0.1263625463974146
274	550	0.1263625463974146
274	606	0.11223919302483538
274	838	0.12028129461025282
275	322	0.1506410241127014
275	336	0.1624999642372131
275	338	0.1227615681995904
275	382	0.11538460850715634
275	475	0.12847220897674558
275	492	0.15277779102325437
275	507	0.111111044883728
275	524	0.11111110448837277
275	557	0.10000002384185788
275	559	0.20833334326744074
275	562	0.12222224473953244
275	563	0.10714286565780637
275	615	0.11111110448837277
275	647	0.17857146263122556
275	648	0.10803021204724442
275	718	0.10522422238735889
275	743	0.1359820651999421
275	800	0.10256415605545041
275	838	0.16666665673255918
279	280	0.1875
285	291	0.13461539149284363
285	295	0.13461539149284363
288	298	0.4082482904638631
288	299	0.11363635957241058
288	309	0.11363635957241058
288	540	0.1515151560306549
288	598	0.159722238779068
288	805	0.1515151560306549
291	295	0.25
292	521	0.1071428507566452
292	771	0.11907242616312484
293	299	0.1111111044883728
293	309	0.1111111044883728
293	415	0.152777761220932
293	438	0.12474251967868354
295	863	0.1666666567325592
296	723	0.10692215277215893
296	826	0.152777761220932
298	299	0.27835109717984075
298	309	0.18556739811989384
298	481	0.12684212127966396
298	536	0.10497277934472812
298	540	0.24742321371552137
298	577	0.13131316502889
298	598	0.13041266186123088
298	638	0.10223909869807701
298	647	0.12371792465856488
298	718	0.10692215277215893
298	723	0.11111108462015791
298	729	0.15422714709385585
298	771	0.11805558204650882
298	805	0.24742321371552137
299	309	0.25
299	438	0.14742299107489562
299	723	0.10692217710565327
299	789	0.1180555522441864
309	438	0.14742299107489562
309	723	0.10692217710565327
309	789	0.1180555522441864
318	329	0.1145833283662796
318	365	0.1145833283662796
318	370	0.1145833283662796
318	375	0.1145833283662796
318	450	0.1145833283662796
318	528	0.1145833283662796
318	652	0.1145833283662796
318	653	0.1145833283662796
318	654	0.1145833283662796
318	863	0.1041666716337204
320	352	0.1711647159768658
322	323	0.16317847823993054
322	332	0.10878565215995369
322	336	0.13782051205635068
322	349	0.11827957630157468
322	364	0.11842107772827146
322	409	0.141330477290781
322	464	0.1212121248245239
322	467	0.12820512056350705
322	474	0.15411300722660104
322	475	0.15384614467620847
322	476	0.11111107468605039
322	481	0.17307689785957334
322	495	0.131449298083141
322	507	0.11217948794364926
322	557	0.11858972907066342
322	559	0.1089743375778198
322	562	0.11217945814132688
322	615	0.1217948496341705
322	625	0.12345677614212033
322	632	0.10256412625312802
322	647	0.12820512056350705
322	759	0.1217948496341705
322	838	0.1089743375778198
322	841	0.1541130283000253
322	865	0.11858972907066342
322	873	0.13141024112701413
323	409	0.10631469141962345
323	481	0.10178050876265501
326	331	0.10416665673255918
326	349	0.10752689838409421
326	382	0.15000000596046445
326	402	0.10311972487408867
326	403	0.10256406664848325
326	475	0.12499999999999997
326	476	0.11728394031524655
326	481	0.13636365532875058
326	524	0.20416665077209467
326	559	0.12916666269302365
326	562	0.17083331942558286
326	577	0.11065876488773674
326	615	0.18650794029235837
326	625	0.1296296417713165
326	647	0.17500001192092893
326	649	0.12037035822868344
326	800	0.11538460850715634
326	838	0.15000003576278684
326	873	0.1521738767623901
328	330	0.25
329	365	0.152777761220932
329	370	0.152777761220932
329	375	0.152777761220932
329	450	0.152777761220932
329	528	0.152777761220932
329	652	0.2222222238779068
329	653	0.2222222238779068
329	654	0.2222222238779068
331	349	0.15053761005401609
331	402	0.10803019097382016
331	409	0.10223909869807701
331	475	0.14583334326744077
331	476	0.15432098507881162
331	492	0.11111107468605039
331	524	0.29166668653488154
331	559	0.10763892531394956
331	562	0.13194441795349118
331	615	0.15624997019767758
331	625	0.15432095527648923
331	638	0.1076388359069824
331	647	0.17708334326744077
331	771	0.11226253704786826
331	800	0.1346153914928436
331	838	0.11805555224418637
331	841	0.13258252147247765
331	873	0.12499999999999997
332	552	0.10713741535523816
332	598	0.2916666865348816
336	338	0.1414213478079398
336	349	0.139784961938858
336	409	0.1202812601974951
336	476	0.12345677614212033
336	481	0.11363637447357175
336	507	0.11507934331893918
336	510	0.10901229683782102
336	559	0.10833334922790525
336	562	0.1416666805744171
336	563	0.10833331942558286
336	625	0.14197528362274167
336	771	0.11547004695537362
336	800	0.10256406664848325
336	829	0.11249998211860654
336	838	0.13333335518836972
336	873	0.1376811861991882
338	775	0.12521683285959254
338	829	0.11294065707355166
339	349	0.10000002384185788
339	352	0.11904761195182798
339	409	0.11547004695537362
339	553	0.10975611209869382
339	638	0.10000002384185788
339	649	0.11428570747375486
339	759	0.10238099098205564
339	760	0.10476195812225339
339	782	0.10000005364418027
344	756	0.25
344	861	0.14742299107489562
348	501	0.1041666567325592
348	505	0.1041666567325592
348	506	0.1041666567325592
349	351	0.15966926841264073
349	382	0.11827960610389707
349	475	0.1236559450626373
349	476	0.2903226017951965
349	478	0.15966926841264073
349	481	0.1075269281864166
349	524	0.11290323734283444
349	562	0.12903225421905515
349	615	0.13978493213653562
349	647	0.10752689838409421
349	800	0.15591394901275632
349	838	0.11021509766578672
349	873	0.13440859317779538
352	360	0.1346869979123236
352	363	0.1346869979123236
352	409	0.1413305117035387
352	492	0.12698417901992795
352	493	0.19064161761072015
352	537	0.19064161761072015
352	553	0.11382117867469785
352	616	0.19064161761072015
352	687	0.10317456722259519
352	729	0.10101524843424271
352	838	0.17460304498672483
352	850	0.12065709175974444
354	358	0.11056723722279814
356	837	0.13258252147247765
357	359	0.25
360	363	0.25
360	448	0.12521681178616828
360	799	0.13258252147247765
360	864	0.13258252147247765
360	879	0.13258252147247765
361	466	0.125
361	800	0.10878565215995369
361	802	0.2857142686843872
363	448	0.12521681178616828
363	864	0.13258252147247765
363	879	0.13258252147247765
364	403	0.10526314377784726
364	409	0.12661200316888377
364	464	0.11842110753059384
364	475	0.10745611786842343
364	481	0.10087719559669492
364	493	0.13645920967193395
364	537	0.13645920967193395
364	557	0.10087719559669492
364	616	0.13645920967193395
364	632	0.10087719559669492
364	633	0.13645920967193395
364	697	0.1228070259094238
364	782	0.10526314377784726
365	370	0.25
365	375	0.25
365	450	0.152777761220932
365	528	0.152777761220932
365	652	0.152777761220932
365	653	0.152777761220932
365	654	0.152777761220932
367	372	0.15740740299224854
370	371	0.25
370	375	0.25
370	450	0.152777761220932
370	528	0.152777761220932
370	652	0.152777761220932
370	653	0.152777761220932
370	654	0.152777761220932
373	374	0.1309523582458496
374	547	0.1145833283662796
374	548	0.1145833283662796
374	550	0.1145833283662796
375	450	0.152777761220932
375	451	0.152777761220932
375	528	0.152777761220932
375	652	0.152777761220932
375	653	0.152777761220932
375	654	0.152777761220932
378	436	0.25
378	499	0.25
382	475	0.11111107468605039
382	492	0.12820515036582944
382	524	0.12962958216667173
382	559	0.15384620428085324
382	562	0.13333329558372495
382	615	0.10317456722259519
382	647	0.10714286565780637
382	648	0.1087856943068022
382	838	0.18589740991592404
382	873	0.11594200134277341
384	657	0.12629537138523064
386	514	0.4655172526836395
386	632	0.10565964147932493
397	799	0.10803021204724442
398	452	0.111111119389534
398	822	0.111111119389534
400	610	0.12745097279548645
401	403	0.11538460850715634
401	438	0.12583269185787316
401	467	0.14285713434219358
401	536	0.15384620428085324
401	557	0.1416666805744171
401	588	0.30769228935241694
401	595	0.11785114424670741
401	596	0.11785114424670741
401	632	0.13333335518836972
401	759	0.13888889551162717
401	760	0.12698411941528318
401	829	0.11538460850715634
401	865	0.1416666805744171
402	475	0.12767205537274615
402	559	0.11457747208232075
402	577	0.11340230831407182
402	873	0.1076032012515563
403	467	0.11217948794364926
403	557	0.14743584394454953
403	588	0.10256412625312802
403	632	0.134615421295166
403	759	0.11538460850715634
403	760	0.15384611487388608
403	771	0.11102883968410732
403	800	0.1089743375778198
403	829	0.10576921701431272
403	865	0.14102560281753537
408	751	0.25
409	475	0.1022390642853193
409	476	0.15636568643460444
409	478	0.10631466708612912
409	481	0.12629533697247294
409	507	0.11426732107354809
409	553	0.1455110767479396
409	559	0.10223909869807701
409	562	0.10524615429194478
409	615	0.11426718342251727
409	638	0.10825317547305485
409	647	0.10825317547305485
409	681	0.12119872339820652
409	685	0.14433760171016416
409	687	0.14433760171016416
409	759	0.1323094825729662
409	760	0.10223920193635012
409	771	0.10416670640309654
409	873	0.13531640051580315
414	649	0.11474976839903328
415	438	0.12474251967868354
417	419	0.2222222238779068
418	551	0.11363635957241058
419	429	0.25
427	753	0.25
428	519	0.25
430	520	0.13636362552642822
434	701	0.10666665434837341
436	499	0.25
438	443	0.4082482904638631
438	588	0.1487114632145998
438	595	0.12474251967868354
438	596	0.12474251967868354
438	692	0.10206207261596577
438	789	0.14742299107489562
439	441	0.25
441	713	0.25
442	714	0.75
443	715	0.11458331346511841
443	789	0.1805555522441864
444	716	0.238095223903656
445	588	0.10680257971724336
445	638	0.11416826833012847
445	703	0.125
445	706	0.125
445	712	0.125
445	715	0.25
446	700	0.25
448	577	0.11547004695537362
448	638	0.10416665673255918
448	850	0.11785114424670741
448	861	0.18042195912175807
448	864	0.17708331346511838
448	879	0.17708331346511838
449	524	0.10066448128751079
449	562	0.1006645234343593
450	528	0.152777761220932
450	652	0.152777761220932
450	653	0.152777761220932
450	654	0.152777761220932
452	523	0.25
452	822	0.25
459	831	0.9999999999999998
460	833	0.5
461	834	0.25
462	523	0.13994821008536276
463	577	0.10206207261596577
464	481	0.11616164445877072
464	647	0.10353532433509824
464	782	0.11363643407821652
464	829	0.10353529453277585
465	466	0.2361111044883728
465	829	0.10311974594751293
466	829	0.10311974594751293
467	481	0.11363637447357175
467	536	0.14285713434219358
467	557	0.15000000596046445
467	588	0.19047620892524714
467	632	0.11333331465721128
467	759	0.17592591047286985
467	760	0.12698411941528318
467	775	0.12499997019767758
467	782	0.11494249105453488
467	829	0.17857146263122556
467	841	0.10606602139266696
467	861	0.11684469897469846
467	865	0.15000000596046445
470	495	0.11728394031524658
471	515	0.20412414523193154
471	870	0.11274509131908417
472	516	0.35355339059327373
472	871	0.10772357881069183
474	481	0.15371887097275141
474	841	0.12862318754196167
475	476	0.14197534322738645
475	524	0.18055555224418637
475	559	0.10416671633720395
475	562	0.12499999999999997
475	615	0.1666666269302368
475	625	0.14814814925193784
475	647	0.15277776122093198
475	771	0.12429065618506624
475	800	0.1346153914928436
475	838	0.13888886570930478
475	873	0.10416665673255918
476	478	0.3011750995784206
476	524	0.1296296417713165
476	562	0.14197528362274167
476	615	0.12962958216667173
476	620	0.10475656095628201
476	625	0.11419752240180966
476	638	0.10493832826614377
476	647	0.11728394031524655
476	687	0.24074074625968928
476	760	0.11111113429069516
476	771	0.12830001775987965
476	800	0.14814811944961545
476	873	0.14814814925193784
477	479	0.4000000059604645
478	687	0.19983451962052232
481	562	0.10606059432029721
481	577	0.10497271051921271
481	615	0.11363637447357175
481	647	0.14393940567970273
481	649	0.12345680594444272
481	759	0.10606059432029721
481	782	0.10344827175140378
481	838	0.12878790497779843
481	841	0.1607060808860087
481	873	0.12318840622901914
482	490	0.25
483	484	0.25
484	511	0.1458333432674408
485	489	0.25
486	489	0.25
486	491	0.2886751345948129
486	511	0.1458333432674408
486	577	0.1360827797102839
486	723	0.1263625463974146
487	488	0.25
491	511	0.16839383998456012
491	559	0.10515488407921732
491	577	0.15713485899560994
491	606	0.1018518408139547
491	667	0.11111110448837283
491	723	0.1459109003560678
492	494	0.19641855969556285
492	524	0.12037038803100583
492	536	0.2037037014961242
492	559	0.16666665673255918
492	562	0.13333332538604734
492	615	0.23809528350830073
492	617	0.11785112317328315
492	647	0.15476188063621518
492	648	0.15713483089771088
492	743	0.13144931915656524
492	800	0.11217948794364926
492	802	0.10522422238735889
492	838	0.4166666865348815
493	537	1.0
493	615	0.11091874630993855
493	616	1.0
493	633	0.25
493	838	0.1074525473415541
494	617	0.1071428507566452
495	538	0.1875
496	641	0.19999998807907104
500	501	0.20412414523193154
500	505	0.3061862178478973
501	505	0.5
501	506	0.25
505	506	0.25
507	510	0.25253814215903103
507	557	0.14285713434219358
507	632	0.12666666507720944
507	759	0.1031745374202728
507	760	0.111111044883728
507	865	0.12698411941528318
511	559	0.11249423765412427
512	513	0.21998878433021948
515	516	0.16037508242217555
515	870	0.2761679447352494
516	871	0.3046882922828947
518	829	0.12521681178616828
524	559	0.1296296119689941
524	562	0.18981480598449701
524	615	0.23412698507308954
524	625	0.1296296417713165
524	647	0.13888889551162717
524	649	0.1018518507480621
524	800	0.12820512056350705
524	838	0.1574074029922485
524	873	0.13768112659454343
528	652	0.152777761220932
528	653	0.152777761220932
528	654	0.152777761220932
536	557	0.10000002384185788
536	569	0.12521683285959254
536	588	0.18181818723678586
536	615	0.12698400020599362
536	647	0.10714286565780637
536	759	0.11111113429069516
536	829	0.12500002980232236
536	865	0.10000002384185788
537	615	0.11091874630993855
537	616	1.0
537	633	0.25
537	838	0.1074525473415541
540	805	0.1666666567325592
541	577	0.1156703603203919
547	548	0.5
547	550	0.5
548	549	0.1145833283662796
548	550	0.25
551	638	0.1288996877027472
551	771	0.1360827797102839
551	856	0.10227273404598236
551	857	0.10227273404598236
551	862	0.10227273404598236
552	599	0.35355339059327373
552	750	0.35355339059327373
553	759	0.10569110512733457
553	760	0.10975611209869382
556	638	0.16368213307963572
556	771	0.14742299107489562
557	558	0.26536137906811325
557	562	0.10416665673255918
557	588	0.1416666805744171
557	625	0.12345674633979795
557	632	0.18666663765907285
557	638	0.1249999403953552
557	697	0.12634408473968503
557	759	0.16666665673255918
557	760	0.11904761195182798
557	829	0.14166671037673947
557	865	0.44999998807907093
557	873	0.1050724387168884
558	638	0.11056723722279813
558	865	0.30618621784789724
559	562	0.13333329558372495
559	563	0.14880952239036557
559	577	0.11372046794084167
559	615	0.10317456722259519
559	647	0.17261907458305356
559	648	0.11785112317328315
559	685	0.10119050741195676
559	743	0.10878565215995369
559	800	0.10256412625312802
559	838	0.16666665673255918
559	873	0.10869565606117246
560	561	0.13323466956389265
562	588	0.13333332538604734
562	615	0.16269841790199277
562	617	0.11392274186412826
562	625	0.11728394031524655
562	647	0.13333332538604734
562	743	0.10213764008351207
562	800	0.15384611487388608
562	829	0.11111110448837277
562	838	0.13333332538604734
562	841	0.10017344942893462
562	865	0.10416665673255918
562	873	0.13405796885490415
563	568	0.25253814215903103
563	576	0.25253814215903103
563	577	0.4123930592533778
563	580	0.25253814215903103
563	587	0.25253814215903103
563	625	0.104938268661499
563	647	0.14285713434219358
563	829	0.10714286565780637
563	838	0.11904764175415036
564	676	0.125
564	677	0.125
568	576	0.25
568	577	0.4082482904638631
568	580	0.5
568	587	0.25
569	579	0.25
576	577	0.6123724356957946
576	580	0.25
576	587	0.25
577	578	0.1403353620137001
577	580	0.4082482904638631
577	581	0.11907243832987201
577	587	0.4082482904638631
577	606	0.11785113019775795
577	638	0.11426721783527498
577	647	0.12371792465856488
577	703	0.10206207261596577
577	712	0.10206207261596577
577	715	0.10206207261596577
577	729	0.12247446767236346
577	759	0.1389917174515642
580	587	0.25
580	802	0.119047611951828
581	864	0.10803019097382016
581	879	0.10803019097382016
582	584	0.10833334922790527
583	584	0.1083332896232605
585	586	0.13333332538604736
587	879	0.1178511020998589
588	595	0.19284728863384076
588	596	0.19284728863384076
588	632	0.12000000476837155
588	647	0.14880949258804319
588	685	0.11309525370597837
588	692	0.16070610195943297
588	703	0.10178052983607927
588	712	0.10178052983607927
588	715	0.10178052983607927
588	759	0.16666665673255918
588	760	0.12698411941528318
588	829	0.20833331346511835
588	850	0.10522420131393463
588	861	0.11372046794084167
588	865	0.1416666805744171
591	592	0.25
591	593	0.25
595	596	0.5
595	861	0.12474251967868354
596	861	0.12474251967868354
598	606	0.12028131181663167
598	861	0.11056726155629247
599	750	0.25
599	752	0.25
599	754	0.25
599	864	0.17677669529663687
599	879	0.17677669529663687
601	605	0.25
606	659	0.13059113313605245
606	723	0.11223916492693638
606	861	0.10475652583390828
615	616	0.11091874630993855
615	617	0.11785112317328315
615	625	0.11111110448837277
615	647	0.16666668653488156
615	771	0.10080718384992936
615	800	0.1346153914928436
615	838	0.25396823883056635
615	873	0.1304347515106201
616	633	0.25
616	838	0.1074525473415541
617	647	0.10101524843424271
618	868	0.12179484963417053
619	622	0.11785112317328315
620	623	0.238095223903656
620	687	0.10101524843424271
622	775	0.14731391977167213
622	777	0.1041666716337204
622	861	0.12474251967868354
623	687	0.11091870416309003
625	647	0.11111110448837277
625	687	0.1080246567726135
625	759	0.12654319405555722
625	838	0.104938268661499
625	865	0.12345674633979795
625	873	0.1296296417713165
629	775	0.12521681178616828
629	861	0.10692215277215893
630	685	0.12626907107951552
630	686	0.13888892531394958
630	856	0.1071428507566452
630	857	0.1071428507566452
630	862	0.1071428507566452
632	633	0.14558082028747993
632	647	0.11333334445953366
632	697	0.10752689838409421
632	759	0.13333329558372495
632	760	0.13999998569488523
632	829	0.1233333349227905
632	865	0.199999988079071
638	723	0.12629537138523064
638	729	0.1068025586438191
638	760	0.11507934331893918
638	771	0.1503516096596266
638	856	0.10311974594751293
638	857	0.10311974594751293
638	862	0.10311974594751293
638	865	0.1249999403953552
640	642	0.3263569775532853
644	843	0.785714268684387
645	844	1.0
646	847	1.0
647	648	0.12626907107951552
647	685	0.11309525370597837
647	800	0.15384614467620847
647	838	0.15476194024085996
647	873	0.1376811861991882
648	838	0.11785112317328315
648	841	0.10000002384185791
649	760	0.12345680594444272
649	771	0.10691675602754142
652	653	0.25
652	654	0.5
653	654	0.5
658	659	0.13636362552642822
665	855	0.1130952388048172
665	862	0.1130952388048172
669	682	0.25
670	678	0.17543861269950867
671	679	0.4583333432674408
672	678	0.25
675	677	0.2291666716337204
676	677	0.4583333432674408
676	815	0.1145833283662796
677	815	0.1145833283662796
682	683	0.119047611951828
685	771	0.10825317547305485
687	771	0.11320596280037891
687	829	0.11764705181121823
687	838	0.10784313082695005
687	873	0.10869565606117246
697	759	0.10215055942535398
697	795	0.13131980189109127
697	865	0.1532258093357086
699	735	0.25
700	702	0.11538460850715637
700	708	0.11538460850715637
702	708	0.25
702	731	0.25
703	709	0.25
703	712	0.25
703	715	0.25
705	708	0.25
709	710	0.13333332538604736
712	715	0.25
713	863	0.1145833432674408
718	722	0.1071428507566452
718	723	0.17496354262730088
718	726	0.1071428507566452
719	759	0.11130384206478258
722	723	0.4082482904638631
722	726	0.25
723	726	0.4082482904638631
723	826	0.10692215277215893
723	856	0.1263625463974146
723	857	0.1263625463974146
723	862	0.1263625463974146
729	759	0.13749298757220915
737	738	0.119047611951828
743	838	0.10878565215995369
748	749	0.12820512056350708
752	754	0.25
752	864	0.17677669529663687
752	879	0.17677669529663687
753	754	0.1666666567325592
754	864	0.17677669529663687
754	879	0.17677669529663687
756	861	0.14742299107489562
759	760	0.15873014926910398
759	782	0.10919538140296933
759	829	0.16666665673255918
759	865	0.16666665673255918
760	771	0.4398859275760858
760	829	0.12698411941528318
760	865	0.11904761195182798
761	762	0.1994047611951828
761	772	0.1994047611951828
764	766	0.1354166567325592
771	800	0.10362696521636094
771	873	0.11714357377537526
774	779	0.11048543456039804
775	777	0.35355339059327373
775	829	0.11805555224418637
775	861	0.15636568643460444
777	861	0.11056723722279814
779	780	0.75
782	829	0.10632184147834775
783	795	0.11833333969116211
784	794	0.25
785	794	0.25
786	797	0.5
787	798	0.336204478793798
789	864	0.12767205537274615
789	872	0.12767205537274615
789	879	0.2553441107454923
800	802	0.1903749123533432
800	838	0.10256415605545041
800	873	0.11538460850715634
801	804	0.4082482904638631
801	813	0.25
802	814	0.25
804	813	0.4082482904638631
807	808	0.25
810	811	0.10576927661895752
820	821	0.25
829	865	0.14166671037673947
829	873	0.10144925117492673
838	873	0.1014493107795715
856	857	0.25
856	862	0.25
857	862	0.25
864	879	0.4999999999999999
872	879	0.4999999999999999
874	877	0.5
