3	642	0.12951887532489995
18	232	0.10122682927798397
19	851	0.10278124429917443
24	159	0.11865597805511967
25	26	0.10090866081614508
31	358	0.13094261033305224
31	799	0.13460690154467708
31	864	0.12521836561714852
37	358	0.12775287265604915
41	399	0.10917756693039934
43	51	0.13149870953881532
50	824	0.13903151517159615
53	82	0.1358336183644217
64	66	0.13180314543014487
64	67	0.12481190756378738
70	430	0.12268557646164065
79	265	0.19061323966959257
79	539	0.10330522258391306
79	651	0.12887656882363194
82	500	0.2809503409808819
86	513	0.1298732446158308
89	92	0.2162841460845695
89	94	0.17538344524963292
89	755	0.18560376889457586
92	94	0.10714425785378137
92	753	0.15509365860900823
94	408	0.22665577820952412
94	753	0.12270290688684184
94	755	0.10329703980528607
98	105	0.1197183436499284
102	105	0.16525554194724282
102	766	0.15894048890907894
105	766	0.10354482280613679
107	162	0.10303085235692132
114	376	0.15041847088040425
116	292	0.10161337854984612
125	817	0.10675365604957601
134	635	0.10526951439332245
138	362	0.10707211372759244
145	393	0.10839922552779895
162	664	0.1006095564083576
172	183	0.12309564963448415
176	183	0.18092496496034102
188	199	0.1004064218926483
188	203	0.12019669754067162
189	200	0.178379004620913
189	208	0.11852394647204141
191	605	0.10170715115106187
199	780	0.1391991223029245
214	485	0.13106466666662217
234	503	0.12360777456083764
235	564	0.12975227660865746
245	265	0.17843839416195117
245	537	0.1665594068722659
246	494	0.18716588599934436
265	539	0.13097905941132673
265	651	0.1231278691323573
271	274	0.11618511834016548
280	300	0.2376420799663175
280	310	0.1250799332159828
288	333	0.15882106150696404
288	540	0.12294391768779245
288	657	0.10193461298343828
292	312	0.1185269587566405
293	294	0.16362142905193133
296	305	0.11278108248027646
296	310	0.1379034982091642
299	309	0.1080247186327185
325	411	0.16844664370905835
329	654	0.14350081406200885
333	540	0.1281435703874367
349	476	0.1319987646567895
356	358	0.15769335276335375
356	360	0.17417911324252144
356	363	0.28946341213220517
357	362	0.19480616473433138
357	806	0.1627132415170807
360	363	0.12348980920916705
361	362	0.10799158559876847
362	494	0.12329722542364824
365	656	0.12829363607522254
370	652	0.12480715775305401
371	455	0.10064543904879507
375	656	0.10606300990872483
378	872	0.18095007493892273
378	879	0.1677444786418638
388	635	0.18124741106550685
407	429	0.18436981782090234
416	573	0.22200403250831818
417	823	0.13719832755570202
419	573	0.15701458157208262
419	824	0.1407118632612189
420	780	0.12460060100061227
423	624	0.10294278941812879
424	630	0.25212744000295956
425	642	0.13994580535862847
429	573	0.10957083257608596
430	452	0.16109294824557854
430	822	0.18427733995700635
431	616	0.13265966289788578
436	799	0.1941906111771677
436	842	0.17860802297030115
436	848	0.11225884177996098
439	706	0.10738699986177715
441	447	0.2208583717879298
441	703	0.1294590329369911
444	716	0.10502276380980351
450	654	0.17692918432802496
451	528	0.12448411547345654
451	652	0.180097153520374
451	863	0.11568916754841874
454	457	0.22736224028301139
457	482	0.13756076358366612
460	835	0.15821489460109722
462	463	0.17508135141914108
474	868	0.11061959524054764
478	480	0.16923194592562094
482	500	0.155884461575784
483	484	0.1156490360338474
483	486	0.10933287480560397
483	489	0.12214373604610892
483	678	0.10417609442623084
483	869	0.1576454965997692
493	539	0.11142317930775576
499	552	0.13539024522665455
499	864	0.14629147673028697
522	752	0.15554449909958104
522	837	0.1779076771513942
522	866	0.2157630828703916
528	654	0.13762091506704074
544	550	0.15649701991005663
547	548	0.19684000116118738
552	750	0.22867255396164343
552	754	0.13811155979616996
557	865	0.15304849702730106
564	668	0.1075603040524167
565	575	0.10282981847066078
568	587	0.13888273424753833
569	575	0.2643825298536735
569	579	0.1639531197442242
570	577	0.15539730448313208
571	606	0.1095348059886263
575	579	0.1828852064409385
576	587	0.18819316205197648
592	596	0.15514965475800246
593	595	0.2840593958513928
595	596	0.2697587791363531
616	651	0.17074384961907954
635	829	0.11048717812889305
646	845	0.153988476197498
646	847	0.1666059837119452
652	653	0.20117810274359008
652	654	0.13336773732837948
653	655	0.10934042561537027
654	863	0.10362941098154102
659	774	0.12164340407820867
667	788	0.11731265880179383
668	675	0.10449740861673062
699	720	0.10278901164091846
699	727	0.22043693220971006
702	705	0.10222233152560035
703	706	0.10417843149287391
703	709	0.14105975697950185
706	713	0.23003441314595055
707	716	0.23839899494629962
709	711	0.15110138006456014
710	724	0.17182278773627385
713	715	0.11788241483033854
716	724	0.11720418253977079
750	778	0.10090479454041683
751	753	0.14920362114586894
752	754	0.2281178493189821
754	818	0.1340113668527722
760	771	0.14718653229717918
787	798	0.1806983279053952
799	866	0.13952774190526965
799	879	0.19388896088327626
801	816	0.17378789421523366
804	807	0.17105927046165706
804	816	0.2291918492410741
807	813	0.10470230600639839
808	815	0.1931177921541018
828	837	0.17278965725664852
828	842	0.17247379689560335
828	866	0.11101424813110772
828	872	0.10381869293004625
828	879	0.24587758830221212
830	848	0.2318908175382272
833	835	0.24173142821868637
837	842	0.20554136512569512
837	866	0.10209731633525379
848	864	0.175262644173348
851	855	0.11108879913195599
856	862	0.2993426894475673
866	879	0.1250517848226024
874	877	0.13728443345475577
