0	2	0.1178511301977579
1	3	0.11157312323899558
2	4	0.21081851067789192
2	6	0.10185184743669297
3	945	0.10867508781515876
5	778	0.1194444358348846
7	237	0.10059891784029246
7	595	0.10562682552831729
7	605	0.10256409645080564
7	681	0.10256406664848325
7	775	0.11458331346511838
7	979	0.1363636255264282
15	839	0.12000002861022949
18	255	0.1257078815769081
18	497	0.1408357622411387
18	897	0.11065666043884627
30	31	0.1639087088322087
30	647	0.10909090042114257
32	141	0.1095238089561462
34	36	0.8451542547285165
35	37	0.8749999999999999
42	43	0.1118034122029932
42	44	0.3749999999999999
43	45	0.28284271247461895
44	45	0.1054092679047084
58	59	0.11811386026798656
62	64	0.5163977794943222
63	65	0.47434164902525683
74	75	0.17317232831064167
77	205	0.19999999999999993
77	902	0.19999999999999993
78	80	0.9999999999999999
78	82	0.44390089351207423
79	81	0.9999999999999997
79	83	0.39999999999999986
80	82	0.44390089351207423
81	83	0.39999999999999986
88	89	0.10269801217902709
88	90	0.39999999999999997
88	92	0.39999999999999997
88	94	0.39999999999999997
88	96	0.39999999999999997
88	98	0.39999999999999997
89	90	0.10269801217902709
89	93	0.14605933996222867
89	95	0.402777741352717
89	98	0.10269801217902709
89	443	0.17860862707794004
89	839	0.109544515853941
90	92	0.39999999999999997
90	94	0.39999999999999997
90	96	0.39999999999999997
90	98	0.6
91	93	0.18888893127441406
91	97	0.14999995231628416
91	99	0.15384614467620847
92	93	0.10000001192092896
92	94	0.39999999999999997
92	96	0.39999999999999997
92	98	0.39999999999999997
92	102	0.19999999999999998
92	108	0.19999999999999998
93	95	0.219089031707882
93	97	0.1500000476837158
93	99	0.2051281929016113
94	96	0.39999999999999997
94	98	0.39999999999999997
95	97	0.11410886614690958
95	99	0.1404416730406045
95	838	0.10345871546331621
96	98	0.39999999999999997
97	99	0.175
100	102	0.19999999999999998
100	104	0.19999999999999998
100	106	0.19999999999999998
100	108	0.19999999999999998
102	104	0.19999999999999998
102	106	0.19999999999999998
102	108	0.39999999999999997
104	106	0.19999999999999998
104	108	0.19999999999999998
106	108	0.19999999999999998
110	111	0.10798984299451114
119	604	0.21320071635561041
120	121	0.20927625902317457
120	989	0.10564428184106456
122	124	0.4764706134796141
122	126	0.4764706134796141
123	125	0.7999999999999997
123	127	0.7999999999999997
124	126	0.9999999999999997
125	127	0.9999999999999997
128	130	0.5656854249492379
129	131	0.46291004988627565
130	286	0.11666667461395262
138	139	0.2770833194255828
142	143	0.12727922567120037
146	147	0.12162605660315164
150	151	0.2874797770069561
150	222	0.12592592239379882
150	747	0.3
152	153	0.1103052409027691
152	158	1.0
152	159	0.1103052409027691
152	212	0.12909946026343364
152	214	0.12909946026343364
153	158	0.1103052409027691
153	159	0.9999999999999997
157	371	0.12000000476837154
158	159	0.1103052409027691
158	212	0.12909946026343364
158	214	0.12909946026343364
160	161	0.12799695470668615
164	170	0.14999999999999994
164	939	0.12062407813330585
165	171	0.10996329841234469
165	641	0.11683017779489724
165	851	0.12240168612111035
165	939	0.10016643093634447
166	170	0.10540925533894596
170	257	0.10842303753410534
170	690	0.16770513829649542
170	850	0.12121212482452388
171	641	0.10739667144206415
171	777	0.22988506158192948
172	173	0.1054092679047084
178	191	0.1259881576697424
178	193	0.1259881576697424
178	197	0.14285714285714282
180	198	0.11249999999999996
187	633	0.10439890669202938
188	189	0.13608275537678954
190	191	0.1192569516917201
190	192	0.6
190	196	0.2571428418159485
191	193	0.4444444444444444
191	197	0.2519763153394848
192	193	0.1192569516917201
192	196	0.2571428418159485
193	197	0.2519763153394848
196	197	0.1352246726965436
196	491	0.14142135623730948
198	228	0.10606601717798211
201	949	0.11904762472425186
202	204	0.4472135954999578
203	463	0.2999999999999999
205	902	0.9999999999999997
206	497	0.13301154553281555
209	885	0.12883353290696034
212	214	0.9999999999999999
213	215	0.4472135954999578
220	221	0.23190036677198608
220	222	0.14666666984558105
221	222	0.11712138155719072
222	224	0.547722557505166
222	990	0.10327958052262941
223	225	0.17677669529663687
230	232	0.3380617018914066
231	233	0.4472135954999578
232	808	0.1183215734969399
234	244	0.19325028051179685
237	412	0.1118034122029932
237	595	0.23478713363907672
237	959	0.14493773865681314
248	252	0.14142134780793977
248	991	0.11180339887498945
250	535	0.14142135623730948
252	535	0.11313707824635182
254	278	0.11309523880481717
255	257	0.10666666030883788
255	823	0.11293853767742892
256	258	0.9428090415820634
257	259	0.9128709291752767
257	341	0.1310789166024365
257	546	0.1098039150238037
257	665	0.1093188812694126
257	879	0.1352246726965436
259	341	0.11965813239415483
259	546	0.10023680193486281
259	879	0.12344267261191642
264	265	0.17373964681445517
267	619	0.1054873228483708
270	271	0.10540920193445559
270	358	0.10952377319335936
270	739	0.10164464715483089
270	889	0.14285714626312254
270	970	0.14761905670166015
278	340	0.11130384206478258
278	775	0.12629535417885174
279	733	0.12857143878936766
279	775	0.10840340107502511
279	967	0.11736912879305228
282	283	0.1863389870183126
283	995	0.11419335785623105
290	292	0.39999999999999986
292	322	0.14117648601531976
292	342	0.11071429252624507
295	413	0.10137496838558516
296	330	0.13608275537678954
305	637	0.14200939243890923
306	991	0.1355261773577975
307	739	0.10022296571715913
307	834	0.10582009383610314
319	404	0.10559212263171892
319	406	0.10559212263171892
320	535	0.10952382087707516
321	502	0.1257078787671182
321	834	0.1484784748091297
321	853	0.12698413431644437
321	927	0.1623797632095822
322	323	0.12352942228317255
323	342	0.11666666865348811
323	423	0.13050670187327118
323	460	0.10381742562848566
323	991	0.1197893587934895
325	602	0.13664858381609404
326	685	0.1443375672974064
326	889	0.10101721350462525
326	991	0.11458334326744077
327	389	0.12727272510528564
327	391	0.10756508513362505
327	393	0.12727272510528564
327	429	0.12011456215180481
327	619	0.17948718070983885
327	733	0.16666667461395263
327	802	0.10540924905606475
327	822	0.11313707824635183
327	909	0.18810673164471423
328	329	0.1490712162706576
329	601	0.11396010716756184
336	337	0.1352246726965436
338	342	0.12727273106575007
340	342	0.21081851067789192
340	775	0.11481983169296145
341	775	0.12500002980232236
341	891	0.10256406664848325
341	908	0.10467906693102473
341	909	0.10897439718246457
343	536	0.1054092679047084
343	655	0.11736314289587546
343	973	0.3872983346207416
344	345	0.1398700075030726
344	991	0.1279969358580425
352	355	0.13615361100800316
352	413	0.23241742005034205
355	413	0.1315094921500762
358	889	0.10952382087707518
359	852	0.13378867168778863
359	889	0.12297746665639736
364	470	0.1166666746139526
364	868	0.10909092426300045
368	369	0.27860326565533455
371	789	0.10799996852874752
372	674	0.9999999999999999
373	675	1.0
378	379	0.16149382206921364
386	944	0.14583333581686014
387	414	0.10713739006712904
387	537	0.13107893836697548
387	803	0.1151515245437622
387	887	0.12857143878936766
387	896	0.10600619705220064
387	908	0.11745004756742676
387	926	0.12568026791424516
387	938	0.12427937315221925
388	390	0.6324555320336758
388	392	0.4999999999999999
389	391	0.50709255283711
389	393	0.6
389	429	0.12171611663519055
390	392	0.6324555320336758
391	393	0.50709255283711
391	429	0.10286889384326368
393	429	0.12171611663519055
400	401	0.14640918742581238
400	603	0.11383128934221111
400	647	0.10774961518859828
404	406	0.8749999999999999
405	407	0.8999999999999997
408	864	0.9999999999999997
408	867	0.39999999999999986
410	411	0.12820512056350702
411	990	0.1232375721739815
412	414	0.10303030014038082
412	603	0.13147514987643033
412	647	0.14142135623730948
412	884	0.1800000071525573
413	646	0.10458048492681749
416	422	0.13636363148689265
417	851	0.17931034564971923
417	923	0.14193549156188964
422	508	0.12171611663519055
422	690	0.11801470177426748
428	429	0.11459599598975458
429	778	0.10192061801884457
429	822	0.11211268674616293
436	438	0.39999999999999986
437	439	0.39999999999999986
442	838	0.14907118961465016
442	839	0.10559212263171895
443	839	0.167705058328473
444	446	0.9999999999999997
444	448	0.9999999999999997
444	450	0.9999999999999997
445	447	0.9999999999999997
445	449	0.9999999999999997
445	451	0.9999999999999997
446	448	0.9999999999999997
446	450	0.9999999999999997
447	449	0.9999999999999997
447	451	0.9999999999999997
448	450	0.9999999999999997
449	451	0.9999999999999997
456	458	0.10540924905606475
456	815	0.11180339887498945
457	459	0.20100756305184242
458	459	0.16080604085668643
460	461	0.16654333695486576
461	603	0.10682539895750864
461	619	0.11703471665156759
461	951	0.14980447300785044
461	953	0.14980447300785044
461	972	0.11514692252378911
464	465	0.2099999785423278
466	848	0.1285714268684387
492	494	0.1443375672974064
493	997	0.10555555820465087
495	603	0.17371980883607696
496	537	0.14131674400690755
496	979	0.13041266186123082
497	655	0.1212121248245239
497	681	0.11538460850715634
497	711	0.10286889384326368
497	764	0.12465515611468839
501	617	0.10286889384326368
502	834	0.1595849977124792
502	853	0.16835876143935402
502	927	0.24494896778938594
503	507	0.1089038984134945
503	926	0.5773502691896256
506	897	0.11016225487660966
508	979	0.10475656798075673
509	601	0.1178511301977579
509	922	0.12623466171794612
514	516	0.11952286093343933
514	518	0.33541019662496835
514	520	0.19999999999999993
514	524	0.21428571939468374
515	517	0.2236067977499789
515	519	0.273861278752583
515	521	0.20489633506421534
517	519	0.30618621784789724
517	521	0.45816213354415924
517	525	0.6708203932499367
518	520	0.2236067977499789
518	524	0.239578717586979
519	521	0.2805658616620187
520	521	0.11098543230542031
520	524	0.21428571939468374
521	525	0.307344502596323
536	537	0.13957209735253112
536	978	0.11785114424670741
537	775	0.12499999999999997
537	891	0.16025638580322263
537	896	0.11793841232671193
537	908	0.1256148511170365
537	945	0.14345116466857688
537	978	0.11658034877319015
539	665	0.252982216583199
544	545	0.257745662033361
551	583	0.2236067977499789
552	554	0.6
553	555	0.28571428571428564
556	558	0.2721655269759086
556	560	0.25819888974716104
558	560	0.9486832980505137
559	561	0.9258200997725512
564	566	0.8749999999999999
565	567	0.9999999999999999
569	797	0.125894929170688
570	572	0.7071067811865474
570	574	0.9999999999999999
570	577	0.7453559924999298
570	704	0.5333333015441893
571	573	0.8944271909999156
571	575	0.9999999999999999
571	576	0.20752447144854985
571	705	0.9354143466934851
572	574	0.7071067811865474
572	577	0.5270462766947298
572	704	0.377123594154506
573	575	0.8944271909999156
573	576	0.1856155300614687
573	705	0.8366600265340753
574	577	0.7453559924999298
574	704	0.5333333015441893
575	576	0.20752447144854985
575	705	0.9354143466934851
576	705	0.1479019945774904
577	704	0.39752317230573364
584	586	0.7071067811865474
585	587	0.8366600265340753
592	593	0.16041663885116572
595	959	0.14142135623730948
601	850	0.10540924905606475
602	779	0.1288335203411979
603	647	0.19156829639512724
603	814	0.11268722724711965
603	951	0.10799192359306704
603	953	0.10799192359306704
604	654	0.11785112317328315
604	779	0.10803019097382016
605	775	0.12499999999999997
606	608	0.6708203932499367
606	610	0.35355339059327373
607	609	0.6999999999999997
608	610	0.3162277660168379
616	618	0.3162277660168379
617	619	0.11702135137200888
619	647	0.10256409645080565
619	951	0.12820513248443602
619	953	0.12820513248443602
620	622	0.9999999999999997
620	624	0.5976143046671967
620	626	0.6172133998483675
621	623	0.9999999999999997
621	625	0.39999999999999986
621	627	0.3162277660168379
622	624	0.5976143046671967
622	626	0.6172133998483675
623	625	0.39999999999999986
623	627	0.3162277660168379
624	626	0.5163977794943221
625	627	0.42163702135578385
636	644	0.11727429063552156
637	645	0.19639610901647303
640	850	0.1388889074325561
641	885	0.10294121503829956
641	939	0.10000004768371581
647	818	0.11282048225402831
655	747	0.1051184574416749
655	973	0.11363637447357175
658	803	0.14230247208920466
662	663	0.16953314613275403
670	887	0.11357804923020962
671	967	0.14743587374687192
673	958	0.23591595721221714
676	811	0.12431797141245651
680	684	0.1656431056595303
680	732	0.12626907107951552
681	887	0.11302209742183603
681	891	0.14102566242218015
681	896	0.10281809806257054
681	978	0.1054774338332975
681	990	0.1057638355133186
684	732	0.1357612519744821
685	938	0.10327954974292318
685	973	0.10000002384185788
685	995	0.13278123001904732
690	776	0.13664861047210156
690	830	0.10320315792768835
690	850	0.10559209597571143
694	696	0.6
695	697	0.28571428571428564
697	727	0.10029716459928482
711	909	0.120013718681004
724	726	0.7999999999999999
725	727	0.47140452079103157
733	891	0.15214512947058395
733	909	0.18257417495278583
739	852	0.14595126792378196
745	782	0.13093073934431534
754	756	0.11180339887498945
761	972	0.12247449200585774
765	830	0.1484924341644186
768	776	0.11345102684678733
773	797	0.12037038803100586
775	891	0.10937497019767758
775	945	0.11410886614690958
777	795	0.1113404340052374
777	885	0.11495414642968939
784	785	0.2020305137272248
786	787	0.1054092679047084
790	792	0.9999999999999997
791	793	0.9999999999999997
795	976	0.1010101040204366
804	806	0.7453559924999298
804	819	0.12846752994434038
805	807	0.5590169943749472
808	809	0.13664857493075824
812	814	0.11313708667572152
820	821	0.16053823085639993
830	939	0.10398624722073324
834	853	0.15272070056137882
834	927	0.15430334996209188
837	975	0.13777780532836914
842	843	0.27406402869712465
850	884	0.10303030014038082
851	885	0.12413796186447143
851	923	0.18064515590667723
851	939	0.11724135875701903
852	853	0.11670308303273179
853	927	0.12371790745218599
854	855	0.10141849444738386
854	984	0.11067969737238523
855	984	0.14699368623783568
862	863	0.10714280605316162
864	867	0.39999999999999986
865	866	0.49999999999999983
872	874	0.7999999999999999
873	875	0.7142857142857141
879	887	0.10866269852940114
880	881	0.1690308509457033
885	923	0.16774194240570067
885	999	0.1115384817123413
888	889	0.11858541225631421
890	891	0.13860277260576573
890	892	0.44721359549995787
890	894	0.3779644730092272
891	893	0.30860669992418377
891	895	0.2721655269759086
892	893	0.1032965997889668
892	894	0.50709255283711
893	895	0.2519763153394848
894	895	0.12832123276262228
901	923	0.10270273685455321
904	905	0.11952288942991
909	945	0.13910415506189963
940	941	0.17186625027032962
945	972	0.12777530538398582
945	978	0.1054092679047084
946	947	0.1118033588909782
950	952	0.6681531047810608
951	953	0.7999999999999999
960	961	0.1328099312858553
962	963	0.10666669607162471
966	967	0.12371160685776064
970	971	0.13894854443606863
972	973	0.11340239753688434
972	978	0.10475655393180724
973	979	0.12777777512868244
974	982	0.13333333730697627
976	980	0.10841542032193009
976	982	0.12138033940149845
992	993	0.12727274894714355
994	996	0.13363062095621217
