2	4	0.11664236870396087
4	6	0.10692216667701283
5	605	0.10394023233038129
7	605	0.10519437200036147
7	979	0.12432061898494368
10	11	0.10401415489255454
12	13	0.13683450030366912
24	25	0.11395070649627381
24	546	0.10192066418840393
28	29	0.10221508878948528
30	31	0.18703436916447286
32	141	0.12245134099032164
34	36	0.7171371656006361
35	37	0.686406472983644
38	39	0.12408558115362883
42	43	0.131287742557946
42	44	0.2631174057921088
43	45	0.17213259316477406
44	45	0.14054569053961122
54	807	0.14436987164850726
58	59	0.1458332869741652
61	991	0.11618950500317843
62	64	0.42163702135578396
63	65	0.3721042037676254
74	75	0.2161321301130587
77	205	0.11128297681493143
77	902	0.11128297681493143
78	80	0.9999999999999999
78	82	0.2516681509269244
79	81	0.9333333333333331
79	83	0.38533731779422614
80	82	0.2516681509269244
81	83	0.38533731779422614
88	89	0.1250000397364299
88	90	0.5477225575051662
88	92	0.36514837167011077
88	94	0.5000000000000001
88	96	0.3333333333333334
88	98	0.5477225575051662
88	100	0.25819888974716115
88	104	0.12909944487358058
88	108	0.12909944487358058
89	90	0.10269801217902713
89	93	0.14605933996222872
89	95	0.4027777413527172
89	98	0.10269801217902713
89	443	0.1786086270779401
89	839	0.10954451585394102
90	92	0.39999999999999997
90	94	0.5477225575051662
90	96	0.36514837167011077
90	98	0.6
90	100	0.282842712474619
90	108	0.1414213562373095
91	93	0.18888893127441406
91	97	0.14999995231628416
91	99	0.15384614467620847
91	101	0.10999440691650673
91	109	0.12727922567120037
92	93	0.10000001192092896
92	94	0.36514837167011077
92	96	0.36514837167011077
92	98	0.39999999999999997
92	100	0.1414213562373095
92	102	0.1414213562373095
92	108	0.282842712474619
93	95	0.21908903170788205
93	97	0.1500000476837158
93	99	0.2051281929016113
94	96	0.3333333333333334
94	98	0.5477225575051662
94	100	0.25819888974716115
94	108	0.12909944487358058
95	97	0.11410886614690961
95	99	0.14044167304060454
95	838	0.10345871546331624
96	98	0.36514837167011077
96	100	0.12909944487358058
96	108	0.12909944487358058
97	99	0.175
98	100	0.282842712474619
98	108	0.1414213562373095
99	109	0.10842302067536597
100	101	0.16666669845581053
100	102	0.1
100	104	0.1
100	106	0.1
100	108	0.2
102	104	0.1
102	106	0.1
102	108	0.2
104	106	0.1
104	108	0.1
106	108	0.1
110	111	0.12123833917241793
119	216	0.10309826481334446
119	604	0.17677669529663687
119	608	0.1636634176769943
120	121	0.27083329111337656
120	989	0.11048543456039804
122	124	0.5152916003047288
122	126	0.5152916003047288
123	125	0.9036961141150636
123	127	0.9036961141150636
124	126	1.0000000000000002
125	127	0.9999999999999998
128	130	0.8215838362577492
129	131	0.9128709291752769
136	137	0.1329423839395696
138	139	0.3470326105576112
142	143	0.22045408561054397
144	145	0.12962961196899417
146	147	0.11916871124183444
150	151	0.43121966551043417
150	747	0.19364916731037085
152	153	0.20138889551162725
152	158	1.0000000000000002
152	159	0.20138889551162725
152	214	0.10206208478271295
152	215	0.14200221225027546
153	158	0.20138889551162725
153	159	1.0000000000000002
153	212	0.1565247424313808
153	214	0.26195929294746845
153	215	0.1298305679399479
154	155	0.17350491462654205
155	279	0.1
158	159	0.20138889551162725
158	214	0.10206208478271295
158	215	0.14200221225027546
159	212	0.1565247424313808
159	214	0.26195929294746845
159	215	0.1298305679399479
160	161	0.17366640261962432
164	165	0.1334279783341178
166	167	0.12171618192880755
166	180	0.10327954974292322
170	171	0.1006679443563915
170	690	0.10741725671617855
171	777	0.15673981471495196
172	173	0.1315587185790739
178	191	0.15430334996209194
178	193	0.15430334996209194
178	197	0.10206207261596575
180	198	0.10481568644530265
180	342	0.11594426636384118
180	460	0.10489329126485766
180	730	0.10580399921285893
188	189	0.1777777671813965
190	191	0.18029956359539145
190	192	0.30000000000000004
190	196	0.13552617735779754
191	193	0.42857142857142866
191	197	0.1889822365046136
192	193	0.18029956359539145
192	196	0.13552617735779754
193	197	0.1889822365046136
194	195	0.10185190041859948
194	200	0.17407765595569785
196	197	0.21998876325679523
202	204	0.269069117598525
203	463	0.2666666666666666
205	902	0.9999999999999993
212	214	0.5477225575051662
213	215	0.28644594961577313
220	221	0.28942915264452745
222	224	0.4767312946227962
223	225	0.19230769230769232
224	225	0.11289265340715042
230	232	0.22821773229381925
231	233	0.41812100500354543
234	244	0.16079395278071149
237	595	0.13023646910075498
248	991	0.12909944487358055
256	258	0.9636241116594316
257	259	0.9534625892455926
264	265	0.20687760941043615
266	267	0.12079043059104229
274	275	0.12171613839972958
278	775	0.10606059161099521
282	283	0.26371825270957955
290	291	0.11009641916729622
290	292	0.35176323534072423
296	991	0.10647942115332154
300	301	0.12677315332181321
305	637	0.11931175438627346
319	990	0.11114379046169952
322	323	0.16984429033539322
323	423	0.12408558115362886
325	602	0.1366485838160941
326	342	0.10493826866149902
326	685	0.10050378152592121
327	733	0.14731391977167213
327	802	0.10660035182392873
327	909	0.1647460034719706
328	329	0.2253744947943346
329	735	0.10637190220986197
330	991	0.10154551584897391
334	335	0.11158818246688049
336	337	0.17142856121063227
338	339	0.10207640242246867
340	341	0.10630202085629702
340	342	0.125
343	508	0.12678762421555756
343	655	0.13692366671185474
343	973	0.23354968324845687
343	979	0.14963800808313896
344	345	0.24325687928132578
350	351	0.11915829793176334
352	413	0.1255197527616006
356	357	0.10937499999999999
358	359	0.15437013566188829
362	363	0.12964076016481393
364	365	0.12973446037669514
364	868	0.11797923177608215
366	550	0.13041015761308414
368	369	0.3095238038471766
372	373	0.11524833356645037
372	674	0.9999999999999999
372	675	0.11524833356645037
373	674	0.11524833356645037
373	675	1.0
376	377	0.11111110448837282
378	379	0.20658359131297116
388	390	0.43852900965351466
388	392	0.49029033784546006
389	391	0.38138503569823695
389	393	0.3585685828003181
390	392	0.4472135954999579
391	393	0.3418817293789138
400	401	0.19975807174160556
404	406	0.9230769230769229
405	407	0.9375
408	864	0.9999999999999997
408	867	0.6205052279940229
409	865	0.12014767814531768
410	411	0.2147271126778361
411	990	0.14999999602635702
412	413	0.10309825621015503
412	647	0.11858541225631422
412	884	0.12480754911008278
414	415	0.12359700820317815
417	851	0.13448275923728945
418	419	0.11420109002741635
422	423	0.12076980223316906
422	690	0.10074508999953329
428	429	0.158690160074706
436	438	0.26352313834736496
437	439	0.2946278254943948
442	838	0.14907118961465016
442	839	0.10559212263171895
443	839	0.167705058328473
444	446	1.0000000000000002
444	448	1.0000000000000002
444	450	1.0000000000000002
445	447	1.0000000000000002
445	449	1.0000000000000002
445	451	1.0000000000000002
446	448	1.0000000000000002
446	450	1.0000000000000002
447	449	1.0000000000000002
447	451	1.0000000000000002
448	450	1.0000000000000002
449	451	1.0000000000000002
456	733	0.10050377553542901
456	815	0.2508726030021272
457	459	0.24019223070763074
457	761	0.10584755164561523
457	972	0.1301041154222516
457	978	0.11340230831407179
458	459	0.1846153736114502
460	461	0.21153844892978674
460	730	0.12299227112574307
461	990	0.1162967877867462
464	465	0.31132468118669293
470	471	0.1280694412174422
480	481	0.12965548605518887
486	487	0.10224631151772551
488	489	0.11149897786566569
495	603	0.10408330092774483
496	537	0.11578737823663163
496	979	0.13394752079949962
502	503	0.12962959872351754
502	834	0.12730478833536896
502	853	0.1587301625145806
502	927	0.18090680195426442
503	926	0.3698001308168194
508	979	0.11878278303330606
509	601	0.10350983390135314
514	515	0.12542564145446597
514	518	0.32274861218395146
514	520	0.11547005383792514
514	524	0.1465683395066263
515	517	0.11826247919781652
515	519	0.4139186771923578
515	521	0.10550699331611729
517	519	0.23076923076923078
517	521	0.27450540924997274
517	525	0.6240377207533829
518	519	0.136299459500093
518	520	0.223606797749979
518	524	0.1419141844976096
519	521	0.20587905693747957
520	521	0.12688789135301742
520	524	0.1692425405376543
521	525	0.1855768740830632
522	523	0.1495504907780626
523	962	0.16269784336399212
524	525	0.11265944135553363
534	535	0.12171568956150827
536	537	0.1652970564399379
537	938	0.1013986197384921
539	665	0.1511857914565347
544	545	0.32852365462111416
546	547	0.1238199064652449
546	979	0.10194595285706848
551	583	0.3805211953235953
552	554	0.4
553	555	0.3333333333333334
556	558	0.2964997266644405
556	560	0.28644594961577313
558	560	0.8280786712108251
559	561	0.957427107756338
564	566	0.9230769230769229
565	567	0.9166666666666669
568	569	0.13333334922790527
569	797	0.11492582097050162
570	571	0.12424983030664868
570	572	0.7669649888473705
570	573	0.1001734157114558
570	574	0.9999999999999999
570	575	0.12424983030664868
570	577	0.7606388292556648
570	704	0.5333333015441893
570	705	0.1293233235943936
571	573	0.8062257748298551
571	574	0.12424983030664868
571	575	0.9999999999999998
571	576	0.2685990184127778
571	704	0.12424983030664868
571	705	0.960768922830523
572	573	0.14405531749488698
572	574	0.7669649888473705
572	577	0.583383351196948
572	704	0.40904796967077056
573	574	0.1001734157114558
573	575	0.8062257748298551
573	576	0.21655145173838014
573	704	0.1001734157114558
573	705	0.7745966692414833
574	575	0.12424983030664868
574	577	0.7606388292556648
574	704	0.5333333015441893
574	705	0.1293233235943936
575	576	0.2685990184127778
575	704	0.12424983030664868
575	705	0.960768922830523
576	704	0.10000004768371581
576	705	0.2396286189085102
577	704	0.4056740180896307
578	579	0.14044160774698758
584	586	0.7348469228349533
585	587	0.7453559924999299
588	646	0.11139354809596529
589	646	0.33626263316500365
592	593	0.20255659490502262
594	595	0.1367970595928041
603	647	0.15518805687157017
604	654	0.11180339221098762
605	778	0.10499011950144296
606	608	0.5447047794019222
606	610	0.2964997266644405
607	609	0.4868644955601477
608	610	0.2916059217599022
609	904	0.10499014390725098
609	905	0.13946636777451288
610	611	0.10690449039296518
614	615	0.14348107831411722
616	618	0.1632993161855452
620	622	1.0000000000000002
620	624	0.37267799624996495
620	626	0.3481553119113957
621	623	0.9393364366277238
621	625	0.23094010767585027
621	627	0.2760262237369417
622	624	0.37267799624996495
622	626	0.3481553119113957
623	625	0.2711630722733202
623	627	0.25928148942086576
624	626	0.3892494720807615
625	627	0.23904572186687872
633	657	0.11291535974396191
634	635	0.10631008702528602
636	644	0.11654812705515255
637	645	0.16500573602181662
638	639	0.10226199241769264
646	647	0.10168790387357116
652	653	0.12171613839972958
654	656	0.10540925533894598
655	747	0.11752600826475187
655	979	0.10308121171944809
658	659	0.13364697013076404
662	663	0.24246526871203058
662	664	0.1015535999018664
664	665	0.12964076016481393
672	673	0.12046771320693116
673	958	0.13086262775827964
674	675	0.11524833356645037
678	679	0.12167869718410713
680	684	0.16775329398740568
680	732	0.12529400574538885
684	730	0.10722403366700516
684	732	0.14779813074617626
692	693	0.10329179849802553
694	696	0.5590169943749475
695	697	0.2182178902359924
697	727	0.10029716459928482
704	705	0.1293233235943936
706	707	0.12624819918601918
712	713	0.11085794602664223
716	717	0.11724048877564314
724	726	0.6324555320336758
725	727	0.4714045207910318
726	727	0.12028132041982109
726	736	0.12112033989590278
730	732	0.24182541093777
732	733	0.12883349520967305
733	909	0.13400503404723868
738	739	0.13155866107466904
761	887	0.10540925533894598
761	972	0.1109400436534069
761	978	0.10606602139266696
766	767	0.11222574289381579
768	776	0.1416294900646936
773	797	0.11607144560132705
776	777	0.10744308428442007
784	785	0.2661985750966434
786	787	0.13693065569969579
790	791	0.1328354857716472
790	792	1.0
790	793	0.1328354857716472
791	792	0.1328354857716472
791	793	0.9999999999999998
792	793	0.1328354857716472
794	795	0.10594070922613673
798	799	0.1307441056780328
804	806	0.50709255283711
805	807	0.35294117647058826
808	809	0.18089318511603578
816	817	0.12332331616341381
820	821	0.2518730990198298
822	823	0.11253242454590365
832	833	0.1089671465616907
834	835	0.1212120977315036
834	853	0.11486145775477602
842	843	0.3420525836172868
844	845	0.14398925832415294
851	923	0.13548386693000797
852	853	0.1913579901059469
854	855	0.1232375558505773
856	857	0.13022981269352077
858	859	0.10023442651385973
860	861	0.1198143094542551
862	863	0.10714280605316162
864	867	0.6205052279940229
865	866	0.5367450401216932
872	873	0.10269802850243137
872	874	0.7999999999999999
873	875	0.7500000000000002
874	875	0.10269802850243137
876	877	0.10937499999999999
880	881	0.2053959590644373
884	886	0.10034903521958193
885	923	0.12580645680427552
888	889	0.1906925178491185
890	891	0.1731148074990951
890	892	0.22360679774997902
890	894	0.20412414523193156
891	893	0.16012815380508716
891	895	0.16012815380508716
892	893	0.1487641062798902
892	894	0.27386127875258315
893	895	0.1666666666666667
894	895	0.1697530349095663
898	899	0.10314543315135372
904	905	0.15181445925069698
908	978	0.1134023083140718
909	987	0.12272100952096202
914	915	0.10187107940261059
922	923	0.12535344427267087
924	925	0.11353353961139195
926	927	0.11578730347076972
932	933	0.10833330154418945
936	937	0.10642678879163675
940	941	0.27809328550639056
944	945	0.10336753435202044
946	947	0.1525424994084696
950	952	0.5698028822981898
951	953	0.5163977794943223
956	957	0.11340812914871239
958	959	0.10232341119001198
960	961	0.21606036789869085
962	963	0.14991542669834193
966	967	0.14651327055286834
970	971	0.17614943027771665
972	973	0.13937378463696706
972	978	0.13074408229916762
976	982	0.12275191219534787
978	990	0.10029717839507937
992	993	0.12727274894714355
