2	4	0.16116459280507606
2	691	0.11396057645963795
4	691	0.10101525445522107
5	605	0.11531133453871682
7	979	0.10933413572962193
12	13	0.11531725160620024
15	839	0.10141853474747917
18	497	0.11134044617198459
24	25	0.11395070649627378
30	31	0.1870343691644728
34	36	0.8571428571428569
35	37	0.7826237921249262
38	39	0.12408558115362883
42	43	0.12171613839972954
42	44	0.2999999999999999
43	45	0.21821789023599236
44	45	0.11952287518167468
53	810	0.10512219746562086
58	59	0.1458332869741652
61	991	0.10524696649898203
62	64	0.46188021535170054
63	65	0.42426406871192845
74	75	0.19635896342913767
77	205	0.14285714285714288
77	902	0.14285714285714288
78	80	0.9999999999999997
78	82	0.33934926548262173
79	81	1.0
79	83	0.3857583749052298
80	82	0.33934926548262173
81	83	0.3857583749052298
88	89	0.1250000397364298
88	90	0.547722557505166
88	92	0.36514837167011066
88	94	0.4999999999999999
88	96	0.33333333333333326
88	98	0.547722557505166
89	90	0.10269801217902709
89	93	0.14605933996222867
89	95	0.402777741352717
89	98	0.10269801217902709
89	443	0.17860862707794004
89	839	0.109544515853941
90	92	0.39999999999999997
90	94	0.547722557505166
90	96	0.36514837167011066
90	98	0.6
91	93	0.18888893127441406
91	97	0.14999995231628416
91	99	0.15384614467620847
91	101	0.1099944069165067
91	109	0.12727922567120037
92	93	0.10000001192092896
92	94	0.36514837167011066
92	96	0.36514837167011066
92	98	0.39999999999999997
92	102	0.1690308509457033
92	108	0.1690308509457033
93	95	0.219089031707882
93	97	0.1500000476837158
93	99	0.2051281929016113
94	96	0.33333333333333326
94	98	0.547722557505166
95	97	0.11410886614690958
95	99	0.1404416730406045
95	838	0.10345871546331621
96	98	0.36514837167011066
97	99	0.175
99	109	0.10842302067536595
100	101	0.1245030038860582
100	102	0.14285714285714282
100	104	0.14285714285714282
100	106	0.14285714285714282
100	108	0.14285714285714282
102	104	0.14285714285714282
102	106	0.14285714285714282
102	108	0.28571428571428564
104	106	0.14285714285714282
104	108	0.14285714285714282
106	108	0.14285714285714282
110	111	0.11486145775477602
119	216	0.13207147844055056
119	604	0.19611613513818402
119	608	0.2223747949983304
120	121	0.2481711145172235
120	989	0.1181138978153835
122	124	0.4915966647011893
122	126	0.4915966647011893
123	125	0.8807048459279793
123	127	0.8807048459279793
124	126	0.9999999999999999
125	127	1.0
128	130	0.6546536707079771
129	131	0.7071067811865475
136	137	0.11495112146451911
138	139	0.3359312346184442
142	143	0.19639610901647303
144	145	0.11023962294206581
146	147	0.11843081739012679
150	151	0.3436040540837857
150	216	0.1259881576697424
150	747	0.23145502494313783
152	153	0.15080912080814043
152	158	1.0
152	159	0.15080912080814043
152	215	0.12629543160755663
153	158	0.15080912080814043
153	159	0.9999999999999998
153	212	0.14675986214523368
153	214	0.2201397932178505
154	155	0.13511276710266024
155	279	0.14285714285714282
157	371	0.11109841638736044
158	159	0.15080912080814043
158	215	0.12629543160755663
159	212	0.14675986214523368
159	214	0.2201397932178505
160	161	0.14513490459749567
164	165	0.11163385589341107
164	170	0.10714285714285715
170	690	0.12677316843434894
171	641	0.10480841949474007
171	777	0.2155172452330589
172	173	0.11952287518167468
173	659	0.11155466355536689
178	191	0.10050378152592121
178	193	0.10050378152592121
178	197	0.1178511301977579
180	198	0.10350983390135313
180	342	0.11851851940155027
180	460	0.10093361657991896
188	189	0.16499157244259643
190	191	0.15194742622274438
190	192	0.4285714285714285
190	196	0.18367345843996316
191	193	0.36363636363636365
191	197	0.21320071635561041
192	193	0.15194742622274438
192	196	0.18367345843996316
193	197	0.21320071635561041
196	197	0.17817415065494197
196	198	0.10101525445522107
196	491	0.10482848367219183
202	204	0.3380617018914066
203	463	0.3333333333333333
205	902	0.9999999999999999
209	923	0.10538573333564476
212	214	0.7142857142857141
213	215	0.36514837167011066
220	221	0.26295029975286066
220	222	0.10476190703255787
221	228	0.11952286093343933
222	224	0.40089186286863654
223	225	0.23836564731139806
230	232	0.2519763153394848
231	233	0.36514837167011066
234	244	0.2191252212975799
237	595	0.17748239047048134
237	959	0.10956263202114294
248	252	0.1048284774239273
250	535	0.10101525445522107
252	535	0.12121829812109125
256	258	0.9534625892455924
257	259	0.9354143466934851
257	879	0.10079052012821041
264	265	0.18840941243273615
266	267	0.10778473346182486
279	507	0.11528822353907991
282	283	0.24494895967822114
290	292	0.40089186286863654
292	322	0.10084034715379989
296	330	0.10540924905606475
300	301	0.10499014390725096
305	637	0.13147514987643036
306	991	0.10244816040799
321	502	0.1124365448922315
321	834	0.11712140040583438
321	853	0.10708242430525679
321	927	0.12577882373436314
322	323	0.15261016642490385
323	423	0.15530209326919203
325	602	0.11157310147445659
326	342	0.10837977784155342
326	685	0.1178511301977579
327	619	0.1282051290784563
327	733	0.11904762472425186
327	909	0.1376800298506401
328	329	0.18993431674132885
328	397	0.11952286093343933
328	601	0.10129831131881495
329	735	0.10712472053597742
336	337	0.17142856121063227
340	342	0.1556997888323046
343	508	0.10023441791067028
343	536	0.11605178447158102
343	655	0.11597963903336758
343	973	0.30618621784789724
343	979	0.12547528428433563
344	345	0.19701955325021892
350	351	0.10735417459776433
352	355	0.10292245566588647
352	413	0.17323371679589578
355	413	0.10373608637263514
356	357	0.10022296571715912
358	359	0.1209457538312464
359	852	0.10113472957815908
362	363	0.12087345901304447
364	365	0.11734041913053332
364	868	0.10107946632984634
365	868	0.10193621454675153
366	550	0.10204083578927174
368	369	0.3095238038471766
371	789	0.11999996503194173
372	373	0.10360054751949158
372	674	0.9999999999999997
372	675	0.10360054751949158
373	674	0.10360054751949158
373	675	1.0
378	379	0.2065835913129711
386	944	0.11666666865348811
387	938	0.10014717284073761
388	390	0.47809144373375734
388	392	0.4472135954999578
389	391	0.5039526306789696
389	393	0.4285714285714285
390	392	0.5345224838248487
391	393	0.3779644730092272
400	401	0.18376450551470297
404	406	0.8999999999999997
405	407	0.9230769230769229
408	864	0.9999999999999999
408	867	0.5714285714285715
409	865	0.10236539312562445
410	411	0.1648351550102234
412	603	0.10169503817880589
412	647	0.15724272550828775
412	884	0.13846154396350568
414	415	0.10582011086600168
417	851	0.192118227481842
417	923	0.10138249397277829
417	975	0.1084656204496111
422	423	0.11420877865374385
422	690	0.12517349385643894
428	429	0.13465306595568394
436	438	0.33407655239053047
437	439	0.3076923076923077
442	838	0.14907118961465016
442	839	0.10559212263171895
443	839	0.167705058328473
444	446	0.9999999999999999
444	448	0.9999999999999999
444	450	0.9999999999999999
445	447	0.9999999999999999
445	449	0.9999999999999999
445	451	0.9999999999999999
446	448	0.9999999999999999
446	450	0.9999999999999999
447	449	0.9999999999999999
447	451	0.9999999999999999
448	450	0.9999999999999999
449	451	0.9999999999999999
456	815	0.19069251784911845
457	459	0.2508726030021272
457	978	0.11844484806767376
458	459	0.16724839203263658
460	461	0.18842227667555478
460	730	0.11535269514276185
461	951	0.10964564710228336
461	953	0.11843083459650561
464	465	0.2802242405257573
480	481	0.10691665278926828
488	489	0.1043498793782682
492	494	0.11180339887498945
495	603	0.137032033197206
496	537	0.11070039394806246
496	979	0.10921223042811916
502	503	0.1178511020998589
502	834	0.14074073897467718
502	853	0.1587301625145806
502	927	0.21213202873638443
503	926	0.4472135954999578
507	926	0.10694150527620423
508	939	0.12228261633201999
514	515	0.11054413659232004
514	518	0.253546276418555
514	520	0.1543033499620919
514	524	0.1530612281390599
515	517	0.1690308509457033
515	519	0.37062465833055064
515	521	0.15272071118138644
517	519	0.26311740579210874
517	521	0.36140316475231826
517	525	0.7016464154456232
518	519	0.122161563071939
518	520	0.18257418583505533
518	524	0.18110448747397806
519	521	0.2377286578867202
520	521	0.11913568243530004
520	524	0.22043336234424352
521	525	0.2377286578867202
522	523	0.11255407333374025
534	535	0.10416660990033831
536	537	0.1530672163268792
536	978	0.10660037088555817
537	757	0.10279317257460874
537	891	0.12019228935241695
537	938	0.11890042101144159
537	945	0.10499550154846218
537	978	0.1009615436196327
539	665	0.19339751424793877
544	545	0.2795085038514755
546	547	0.10546130597587196
551	583	0.22360679774997888
552	554	0.4285714285714285
553	555	0.3333333333333333
556	558	0.3198010745334156
556	560	0.30618621784789724
558	560	0.957427107756338
559	561	0.9428090415820634
564	566	0.8999999999999997
565	567	0.9999999999999997
568	569	0.10499014390725096
569	797	0.11467014585742318
570	571	0.10582748562403162
570	572	0.7071067811865475
570	574	0.9999999999999997
570	575	0.10582748562403162
570	577	0.7977240352174657
570	704	0.5333333015441892
570	705	0.11155196454022184
571	573	0.8451542547285164
571	574	0.10582748562403162
571	575	0.9999999999999997
571	576	0.20916500663351884
571	704	0.10582748562403162
571	705	0.9486832980505137
572	573	0.1138392346245902
572	574	0.7071067811865475
572	577	0.5640760748177661
572	704	0.3771235941545061
573	575	0.8451542547285164
573	576	0.17677669529663687
573	705	0.8017837257372733
574	575	0.10582748562403162
574	577	0.7977240352174657
574	704	0.5333333015441892
574	705	0.11155196454022184
575	576	0.20916500663351884
575	704	0.10582748562403162
575	705	0.9486832980505137
576	705	0.1653594569415369
577	704	0.42545279342368425
578	579	0.12114239575608059
584	586	0.7337993857053426
585	587	0.8017837257372733
589	646	0.23814024002783968
592	593	0.18685656617492433
594	595	0.11428566915648325
595	959	0.10101525445522107
602	779	0.10638077822199662
603	647	0.2141798665366662
604	654	0.11180339221098758
605	775	0.10022296571715913
605	778	0.11647607977832136
605	939	0.10084030457905359
606	608	0.6761234037828131
606	610	0.28603877677367767
607	609	0.560448538317805
608	610	0.24174688920761409
610	611	0.10034903521958197
614	615	0.10871660414551808
616	618	0.21821789023599236
619	647	0.10989010334014891
620	622	1.0000000000000002
620	624	0.48112522432468807
620	626	0.4714045207910316
621	623	1.0
621	625	0.3086066999241838
621	627	0.26111648393354675
622	624	0.48112522432468807
622	626	0.4714045207910316
623	625	0.3086066999241838
623	627	0.26111648393354675
624	626	0.40824829046386296
625	627	0.3223291856101521
630	803	0.13186812400817868
636	644	0.13820907694536555
637	645	0.18182746524457194
640	850	0.1071551184470915
654	656	0.10540925533894596
655	747	0.12465515611468839
658	659	0.11383132496279945
658	803	0.107570557742213
662	663	0.2127975858747959
662	664	0.10279279117151355
664	665	0.12087345901304447
671	967	0.11057690531015393
672	673	0.10853387587338884
673	958	0.17833570088436607
674	675	0.10360054751949158
680	684	0.13677529295560506
680	732	0.10215670842620483
681	891	0.1057692468166351
684	732	0.14779813074617618
690	776	0.10719598943116698
694	696	0.7142857142857141
695	697	0.2519763153394848
696	726	0.1122448784964425
697	727	0.10029716459928482
704	705	0.11155196454022184
706	707	0.10964049220490979
724	726	0.6761234037828132
725	727	0.47140452079103157
726	727	0.1028689122376564
730	732	0.20412414036523258
732	733	0.10956258927643693
733	891	0.1113588322118302
733	909	0.1336306129912065
738	739	0.11205264650451104
739	852	0.11032878813168154
761	887	0.10022296571715913
765	830	0.10606602440315614
768	776	0.12925836126428344
773	797	0.1046772619794685
777	795	0.11629129058833079
777	885	0.11218375988647025
784	785	0.2405626178978037
786	787	0.11952287518167468
790	791	0.11689650372078642
790	792	0.9999999999999999
790	793	0.11689650372078642
791	792	0.11689650372078642
791	793	1.0
792	793	0.11689650372078642
798	799	0.12171613839972954
804	806	0.6837634587578277
805	807	0.5070925528371099
808	809	0.15669576546168348
816	817	0.11268720709707197
820	821	0.2045446461858235
834	835	0.10422612361448164
834	853	0.1269841194152832
834	927	0.1178511301977579
842	843	0.31075939853188334
844	845	0.12134692269791018
851	885	0.11822663034711563
851	923	0.19354838132858274
851	939	0.11165843691144668
852	853	0.15498540404249808
853	927	0.1010152484342427
854	855	0.11338932388001763
855	984	0.11595018338599304
856	857	0.10141332532370251
862	863	0.10714280605316162
864	867	0.5714285714285715
865	866	0.47628967220784013
872	874	0.7142857142857141
873	875	0.7777777777777779
876	877	0.10022296571715912
880	881	0.18898223650461357
885	923	0.17972350972039355
888	889	0.14940357616679917
890	891	0.15979828384531855
890	892	0.3144854510165755
890	894	0.2773500981126146
891	893	0.2357022603955158
891	895	0.21320071635561041
892	893	0.12832123276262228
892	894	0.3779644730092272
893	895	0.20100756305184242
894	895	0.14331090424487022
904	905	0.15396010849084177
909	945	0.10181381630426393
924	925	0.10490248442258035
926	927	0.1032030912876696
940	941	0.2552083611488341
946	947	0.14032923290346222
950	952	0.5976143046671967
951	953	0.6172133998483675
956	957	0.10565721801932913
960	961	0.17499244948073234
962	963	0.1269841619900295
966	967	0.1356731871787644
970	971	0.1464646259943644
972	973	0.12436718832075529
973	979	0.10245014060909448
992	993	0.12727274894714355
994	996	0.10540925533894596
