0	2	0.1666666666666667
1	3	0.17641259754694466
1	493	0.11111114422480269
2	4	0.1666666666666667
3	7	0.1319444477558136
3	237	0.11907242616312484
3	460	0.10206207261596577
3	537	0.12179487943649292
3	603	0.10559209597571145
3	605	0.10256412625312805
3	681	0.11538460850715637
3	776	0.10206207261596577
3	850	0.13041266186123088
5	605	0.1496910430812157
5	778	0.13271603981653854
7	51	0.1041666716337204
7	237	0.14226835396979837
7	256	0.108866228634926
7	292	0.11178225726184643
7	605	0.1538461446762085
7	681	0.15384609997272491
7	775	0.1718749701976776
7	844	0.12561485111703655
7	979	0.20454543828964233
12	939	0.10457515716552737
14	442	0.11130384206478261
14	657	0.10713738725733918
15	643	0.10763891537984215
15	839	0.15491937078394413
18	40	0.10897439718246463
18	681	0.11514697119077782
25	844	0.12639753838335258
30	31	0.11427988723393485
30	32	0.11223917897588588
30	141	0.1285648590892272
30	223	0.10713740130628868
30	267	0.11547004695537362
30	603	0.14083574685128564
32	40	0.1190476218859355
32	776	0.11111110448837283
34	36	0.7745966692414834
35	37	1.0000000000000002
36	998	0.10143008631372268
42	44	0.5000000000000001
42	48	0.11785113019775795
43	45	0.4714045207910318
51	136	0.10886620430143167
51	271	0.10433010028879151
51	347	0.1215277761220932
51	853	0.10044204589723471
60	427	0.10999438162839766
61	244	0.10803019799829496
62	64	0.5477225575051662
63	65	0.7071067811865477
74	75	0.12907503264150208
77	205	0.1666666666666667
77	902	0.1666666666666667
78	80	1.0000000000000002
78	82	0.5264017045807559
79	81	1.0000000000000002
79	83	0.5000000000000001
80	82	0.5264017045807559
81	83	0.5000000000000001
88	90	0.3333333333333334
88	92	0.3333333333333334
88	94	0.3333333333333334
88	96	0.3333333333333334
88	98	0.3333333333333334
89	93	0.14605933996222872
89	95	0.4027777413527172
89	443	0.1786086270779401
89	839	0.10954451585394102
90	92	0.3333333333333334
90	94	0.3333333333333334
90	96	0.3333333333333334
90	98	0.3333333333333334
91	93	0.18888893127441406
91	97	0.14999995231628416
91	99	0.15384614467620847
91	109	0.10954451585394102
92	94	0.3333333333333334
92	96	0.3333333333333334
92	98	0.3333333333333334
93	95	0.21908903170788205
93	97	0.1500000476837158
93	99	0.2051281929016113
94	96	0.3333333333333334
94	98	0.3333333333333334
95	97	0.11410886614690961
95	99	0.14044167304060454
96	98	0.3333333333333334
97	99	0.175
100	102	0.3333333333333334
100	104	0.3333333333333334
100	106	0.3333333333333334
100	108	0.3333333333333334
102	104	0.3333333333333334
102	106	0.3333333333333334
102	108	0.3333333333333334
104	106	0.3333333333333334
104	108	0.3333333333333334
106	108	0.3333333333333334
120	121	0.15983738302181377
122	124	0.5294117927551271
122	126	0.5294117927551271
123	125	0.6666666666666669
123	127	0.6666666666666669
124	126	1.0000000000000002
125	127	1.0000000000000002
128	130	0.7071067811865477
128	286	0.13749299459668393
129	131	0.6708203932499369
130	286	0.1944444576899211
134	711	0.10758287585793484
136	140	0.11111110448837283
136	389	0.12047005107052788
136	393	0.12047005107052788
138	139	0.19791665673255926
140	170	0.10493826866149905
140	537	0.10991300689415413
140	655	0.10515485974572299
142	222	0.13888887564341232
142	224	0.12028129461025282
146	222	0.13888887564341232
146	224	0.12028129461025282
146	647	0.10000002384185794
148	150	0.11785113019775795
150	151	0.21427477451467836
150	168	0.13749299459668393
150	216	0.1666666666666667
150	747	0.3333333333333334
151	404	0.1018518408139547
151	406	0.1018518408139547
151	603	0.10511845744167493
152	158	1.0000000000000002
152	630	0.1016754788161659
153	159	1.0000000000000002
154	197	0.1031941021983523
154	655	0.11093708200316933
154	973	0.10649960164306188
156	788	0.10206208478271293
157	371	0.16000000635782882
158	630	0.1016754788161659
164	170	0.25000000000000006
164	939	0.134026753481451
164	945	0.11223917897588588
165	417	0.10684091564990031
165	641	0.11897402960005903
165	851	0.12464777596449197
165	923	0.11660599290282656
165	939	0.10200450041319221
166	170	0.1666666666666667
166	174	0.10000000397364302
166	655	0.10515485974572299
166	909	0.10515488407921733
168	216	0.10662721370506431
170	174	0.10000000397364302
170	422	0.12121212482452395
170	508	0.14814817905426028
170	655	0.10515488407921733
170	690	0.16666670640309655
170	776	0.10101012388865156
170	794	0.11111112435658776
170	850	0.1616161664326986
170	909	0.10515485974572299
171	641	0.11320603162589432
171	777	0.2586206942796707
174	198	0.1333333253860474
176	197	0.10143009719599216
176	353	0.10648149251937869
178	191	0.18257418583505539
178	193	0.18257418583505539
178	197	0.19999999999999998
182	740	0.10069443782170616
183	324	0.1333333253860474
186	198	0.11223916492693638
187	633	0.14263606091909806
188	747	0.10584755164561525
190	192	1.0000000000000002
190	196	0.4285714030265809
191	193	0.5000000000000001
191	197	0.18257418583505539
192	196	0.4285714030265809
193	197	0.18257418583505539
199	896	0.12592591842015588
202	204	0.6666666666666669
203	463	0.5000000000000001
205	902	1.0000000000000002
207	434	0.11458333333333337
207	761	0.10206207261596577
207	909	0.13183016090662622
208	922	0.15040723865317931
209	901	0.1125425660404168
209	923	0.10391173440235592
212	214	1.0000000000000002
213	215	0.5000000000000001
216	747	0.1190476218859355
220	221	0.17284832803643152
220	222	0.12222222487131758
220	224	0.10584755164561525
222	224	0.8660254037844388
223	225	0.25000000000000006
230	232	0.3872983346207417
231	233	0.5000000000000001
234	244	0.14404025463176026
237	412	0.11111112435658776
237	595	0.11666666467984521
237	959	0.10803021204724446
245	987	0.10143010807826165
247	601	0.1267876242155576
248	252	0.15713483089771094
248	677	0.10000000397364302
249	322	0.10457517703374229
252	820	0.10256409645080569
253	821	0.10416664679845176
254	278	0.1507936517397563
254	326	0.11458331346511844
254	389	0.10713740130628868
254	393	0.10713740130628868
254	761	0.10206207261596577
256	258	0.8333333333333336
256	605	0.13948482121952252
257	259	0.8660254037844388
259	547	0.10206207261596577
261	455	0.10000000397364302
261	595	0.10000000397364302
264	265	0.14742297890814846
267	603	0.10434984605825885
267	619	0.16679010223718627
270	889	0.1190476218859355
270	970	0.12301588058471682
276	482	0.1666666666666667
278	340	0.10493826866149905
278	605	0.10467904259753044
278	775	0.17860860274444576
278	891	0.10206208478271293
279	365	0.10662719965611481
279	733	0.14285715421040857
279	775	0.11426721783527498
279	891	0.10309824760696559
286	344	0.11805554231007898
286	991	0.10803021204724446
290	292	0.3333333333333334
290	322	0.11764707167943322
292	322	0.23529414335886645
292	326	0.10317462682724002
292	414	0.11111112435658776
292	640	0.11904761195182803
292	655	0.10692217710565327
292	850	0.11904764175415042
292	884	0.11904761195182803
296	330	0.11111110448837283
296	677	0.10317458709081016
298	685	0.1016394498878076
305	637	0.22453656462182353
305	645	0.12963624602732365
306	991	0.10101524843424274
307	617	0.10555555820465087
307	814	0.10399676306716527
307	836	0.11736911791078282
320	324	0.12177949745796335
320	326	0.12698413928349817
320	327	0.11223916492693638
320	778	0.11111110448837283
321	834	0.10143010807826165
321	927	0.11481983169296149
322	324	0.15320646363750554
322	326	0.11111112435658776
322	605	0.10006083737500988
323	423	0.1031746069590251
324	899	0.14433749847189103
325	602	0.1018518408139547
326	359	0.10606060425440474
326	685	0.10206207261596577
327	389	0.21212120850880947
327	391	0.16430838158640199
327	393	0.21212120850880947
327	429	0.12661186551785295
327	619	0.14957265059153244
327	733	0.13888889551162723
327	778	0.10039168581052406
327	822	0.12570786471816875
327	909	0.1487114288018421
329	601	0.1282051205635071
329	735	0.13675214846928918
335	632	0.11785113019775795
336	337	0.10327954974292322
340	342	0.1666666666666667
340	775	0.11481983169296149
341	775	0.18750004470348358
341	822	0.12247451633935212
341	891	0.15384609997272491
341	908	0.10467906693102479
341	909	0.1634615957736969
343	508	0.1157407363255819
343	655	0.13917556684004112
343	967	0.11134045833873178
343	973	0.6123724356957946
343	979	0.1564951747666816
344	345	0.13900393101790048
352	355	0.10148290986531962
352	413	0.1775117367011733
353	497	0.1484539282293128
355	413	0.17967617217575754
359	739	0.11616162459055586
360	932	0.10555557409922285
361	398	0.12909944487358058
364	470	0.14583334326744082
368	369	0.14742299107489562
371	789	0.11999996503194177
372	672	0.11130384206478261
372	674	1.0000000000000002
373	431	0.11671177611488584
373	675	0.9999999999999998
386	388	0.1018518408139547
386	392	0.1018518408139547
386	944	0.19444444775581365
387	503	0.11472986294987476
387	537	0.10362699962911866
387	887	0.10714286565780642
387	938	0.10356614429351609
388	390	0.7071067811865477
388	392	0.6666666666666669
389	391	0.7745966692414834
389	393	1.0000000000000002
389	429	0.19245007825895605
389	534	0.13749299459668393
389	778	0.12221599831904117
389	822	0.13094570646370862
389	909	0.10934665805554261
389	945	0.11507936318715417
390	392	0.7071067811865477
391	393	0.7745966692414834
391	429	0.14907118961465016
391	534	0.10650161565862863
391	822	0.10143010807826165
393	429	0.19245007825895605
393	534	0.13749299459668393
393	778	0.12221599831904117
393	822	0.13094570646370862
393	909	0.10934665805554261
393	945	0.11507936318715417
397	735	0.10185186068216963
400	413	0.10432809997302052
400	603	0.17388016662170086
404	406	1.0000000000000002
404	647	0.10475656798075679
405	407	0.8333333333333336
406	647	0.10475656798075679
408	864	1.0000000000000002
408	867	0.3333333333333334
412	495	0.10000000397364302
412	603	0.13388773918097915
412	647	0.11785113019775795
412	884	0.20000000794728603
412	974	0.10606060425440474
414	416	0.10606060425440474
414	422	0.15151514609654748
414	434	0.10648149251937869
414	603	0.12171613839972958
416	422	0.22727271914482122
416	690	0.10416665673255923
417	476	0.11494251092274987
417	600	0.12818899349420707
417	777	0.11945180949850681
417	851	0.29885057608286547
417	901	0.10210220019022627
417	923	0.23655915260314947
417	939	0.11877393722534182
417	999	0.11111108462015791
422	476	0.13094570646370862
422	508	0.22222220897674566
422	603	0.14384634340290414
422	640	0.12037034829457605
422	690	0.17592593034108484
422	794	0.11111112435658776
422	850	0.13131316502889
429	503	0.11403509974479675
429	778	0.1074337644905157
429	822	0.11817714823961557
429	835	0.10027151676894723
431	675	0.11671177611488584
434	461	0.12038093548740152
434	761	0.1020620969494601
434	891	0.11907242616312484
436	438	0.5000000000000001
437	439	0.5000000000000001
442	838	0.11111110448837283
443	839	0.167705058328473
444	446	1.0000000000000002
444	448	1.0000000000000002
444	450	1.0000000000000002
445	447	1.0000000000000002
445	449	1.0000000000000002
445	451	1.0000000000000002
446	448	1.0000000000000002
446	450	1.0000000000000002
447	449	1.0000000000000002
447	451	1.0000000000000002
448	450	1.0000000000000002
449	451	1.0000000000000002
456	458	0.1825741749527859
457	459	0.3333333333333334
458	459	0.14605933996222872
460	461	0.14131670750666608
460	603	0.12932338888801057
460	732	0.10317458709081016
460	909	0.11752600826475189
461	603	0.15480471023552506
461	951	0.11843083459650565
461	953	0.11843083459650565
461	972	0.11514692252378916
464	465	0.11666665474573774
466	848	0.21428571144739791
477	601	0.1296296318372091
477	850	0.1414141456286113
481	693	0.1217161166351906
481	976	0.10650159389408966
492	494	0.20412414523193154
493	495	0.10999439567734716
493	814	0.14814813931783044
495	603	0.15823096250801727
495	814	0.10999439567734716
496	537	0.1413167440069076
496	979	0.13041266186123088
497	681	0.11538460850715637
501	617	0.14907118961465016
502	834	0.11563031624456581
502	853	0.1190476218859355
502	927	0.27556758876305926
503	534	0.15309310892394865
503	888	0.10991300689415413
503	926	0.8164965809277261
508	700	0.11111110448837283
508	794	0.11111112435658776
508	830	0.11538463830947879
508	850	0.11111112435658776
508	884	0.11111112435658776
508	891	0.10206207261596577
508	939	0.1016754788161659
508	973	0.1417528732258426
508	976	0.12500000000000003
508	979	0.18144369816921377
509	922	0.11901518042873278
514	518	0.5000000000000001
514	520	0.3333333333333334
514	524	0.35714286565780645
515	517	0.3333333333333334
515	519	0.4330127018922194
515	521	0.3129843216836005
515	525	0.1666666666666667
517	519	0.4330127018922194
517	521	0.625968643367201
517	525	0.8333333333333336
518	520	0.3333333333333334
518	524	0.35714286565780645
519	521	0.4065785603463581
519	525	0.14433756729740646
520	524	0.238095243771871
521	525	0.4694764825254008
528	546	0.1031746069590251
529	861	0.10206204828247142
530	532	0.13094570646370862
534	926	0.12500000000000003
536	978	0.11111112435658776
537	640	0.13084881541366022
537	690	0.10991300689415413
537	775	0.1875
537	850	0.12038093548740152
537	891	0.24038457870483398
537	896	0.11793841232671197
537	908	0.12561485111703655
537	909	0.11538460850715637
537	926	0.12038093548740152
537	938	0.15178464826666066
537	945	0.1134081033391441
537	978	0.10991300689415413
539	665	0.26666667064030974
544	545	0.21870444653424684
551	583	0.1666666666666667
552	554	1.0000000000000002
553	555	0.39999999999999997
556	558	0.4082482904638631
556	560	0.4082482904638631
558	560	1.0000000000000002
559	561	0.8944271909999159
563	619	0.11916871124183448
564	566	1.0000000000000002
565	567	1.0000000000000002
569	797	0.14044167304060454
570	572	0.7071067811865477
570	574	1.0000000000000002
570	577	0.6546536707079772
570	704	0.5333333015441896
571	573	1.0000000000000002
571	575	1.0000000000000002
571	576	0.2062394778460764
571	705	0.9128709291752769
572	574	0.7071067811865477
572	577	0.4629100498862757
572	704	0.37712359415450625
573	575	1.0000000000000002
573	576	0.2062394778460764
573	705	0.9128709291752769
574	577	0.6546536707079772
574	704	0.5333333015441896
575	576	0.2062394778460764
575	705	0.9128709291752769
576	705	0.112962014264383
577	704	0.3491486035667081
584	586	0.7071067811865477
585	587	0.9128709291752769
592	593	0.11458331346511844
595	959	0.11785113019775795
600	851	0.10751332309710684
600	923	0.11785115829565695
601	850	0.11111110448837283
603	647	0.14631270316406778
603	657	0.12049282342326353
603	681	0.12613718709917301
603	761	0.11180339887498948
603	776	0.1106510250158728
603	850	0.1161835708255317
603	909	0.12196733453416762
603	990	0.15518807319497438
605	775	0.1875
605	778	0.15120305341860144
605	967	0.13461539149284363
605	979	0.12820515036582947
606	608	1.0000000000000002
606	610	0.5000000000000001
607	609	0.6666666666666669
608	610	0.5000000000000001
616	618	0.2357022603955159
617	619	0.17875306686275172
617	814	0.10997361258849686
617	899	0.10714491503652909
619	951	0.10683761040369673
619	953	0.10683761040369673
620	622	0.9999999999999999
620	624	0.5477225575051662
620	626	0.6708203932499369
621	623	1.0000000000000002
621	625	0.6666666666666669
621	627	0.5000000000000001
622	624	0.5477225575051662
622	626	0.6708203932499369
623	625	0.6666666666666669
623	627	0.5000000000000001
624	626	0.6123724356957946
625	627	0.5000000000000001
630	803	0.15384614467620855
632	676	0.15972220897674566
636	644	0.11056726155629247
637	645	0.25980763145915897
640	690	0.12037034829457605
640	712	0.1043280999730205
640	794	0.11111112435658776
640	850	0.23148151238759365
640	900	0.13122269955409074
640	976	0.13194441795349124
640	982	0.1157407363255819
641	851	0.10457519690195723
641	885	0.11437912782033288
641	901	0.10210223992665611
641	923	0.10784320036570234
641	939	0.1111111640930176
641	999	0.11111104488372806
655	761	0.11363638937473297
655	938	0.11134045833873178
655	973	0.17045456171035767
655	979	0.13636362552642822
658	803	0.2121320006384855
662	663	0.10317458709081016
671	967	0.14743587374687195
672	674	0.11130384206478261
673	958	0.17584137243448317
676	811	0.11348626207647472
680	684	0.17460316419601446
680	732	0.1190476218859355
681	761	0.12179487943649292
681	775	0.14062495529651642
681	776	0.12561485111703655
681	891	0.21153849363327026
681	896	0.15422714709385585
681	909	0.11538460850715637
681	967	0.12820512056350708
681	979	0.11538460850715637
681	990	0.18318833671242546
684	732	0.13492061694463098
690	700	0.10714286565780642
690	712	0.10867510957969778
690	776	0.20370372136433926
690	794	0.11111112435658776
690	830	0.11538463830947879
690	836	0.10317462682724002
690	844	0.13247863451639816
690	850	0.1574074029922486
690	967	0.13041263752773655
694	696	1.0000000000000002
695	697	0.39999999999999997
698	980	0.14814817905426028
700	967	0.11016223054311537
712	850	0.1217161166351906
712	900	0.10647944780932903
712	901	0.10002299526653939
712	939	0.1215053526387332
724	726	1.0000000000000002
725	727	0.5163977794943223
730	732	0.13888888557751977
732	746	0.1018518408139547
732	909	0.12061877106101478
733	891	0.16037504800941785
733	909	0.19245007825895605
733	951	0.10185190041859947
733	953	0.10185190041859947
739	852	0.10878565215995371
742	746	0.10000000397364302
745	782	0.1897366671495602
746	967	0.10515485974572299
754	756	0.1666666666666667
756	764	0.1041666666666667
761	844	0.10991300689415413
761	972	0.12247449200585779
761	990	0.12247449200585779
764	776	0.1136363744735718
768	776	0.1793818238603794
769	901	0.16138177213686067
769	923	0.11404951255997431
775	836	0.11907240182963051
775	850	0.1360827797102839
775	891	0.16406245529651642
775	979	0.12499997019767761
776	909	0.11134045833873178
777	795	0.11134043400523744
777	885	0.12117230973277718
778	822	0.15277779102325442
778	836	0.1018518408139547
790	792	1.0000000000000002
791	793	1.0000000000000002
794	816	0.11805555224418643
794	822	0.1222222447395325
794	830	0.10897439718246463
794	967	0.10773219046501879
795	976	0.10101010402043663
802	909	0.11134043400523744
802	987	0.11111110448837283
804	806	0.7071067811865477
805	807	0.6666666666666669
806	820	0.11785110209985894
808	809	0.10803018394934545
808	810	0.11793841232671196
808	820	0.1196581323941549
810	820	0.13608275537678957
810	821	0.1347150719876481
812	814	0.18856181112620263
812	818	0.10878565215995371
814	818	0.15384614467620855
816	909	0.11907242616312484
820	821	0.16922215368004923
822	909	0.14515496340206988
830	939	0.11554027468970364
834	853	0.1043280999730205
834	927	0.11180339887498948
836	909	0.11178225726184643
836	987	0.12500000000000003
837	975	0.11481483777364099
842	843	0.2042752661180747
844	850	0.1282051205635071
850	884	0.17171716690063482
850	900	0.11178228159534076
850	976	0.1439393758773804
850	982	0.126262644926707
851	885	0.13793106873830163
851	901	0.10210220019022627
851	923	0.30107525984446215
851	939	0.13026817639668786
851	999	0.10256405671437584
854	886	0.13356461328752903
855	984	0.20083160877146874
864	867	0.3333333333333334
865	866	0.5000000000000001
871	976	0.11965811252593997
872	874	0.6666666666666669
873	875	0.7999999999999999
880	881	0.12909944487358058
884	886	0.1333333253860474
884	998	0.14102557301521304
885	901	0.15915918350219732
885	923	0.2795699040095012
885	999	0.12393164634704593
890	892	0.7071067811865477
890	894	0.5477225575051662
891	893	0.4472135954999579
891	895	0.4082482904638631
891	896	0.12247449200585779
891	926	0.10991300689415413
891	938	0.10206207261596577
891	941	0.10206207261596577
892	894	0.7745966692414834
893	895	0.36514837167011077
899	990	0.10631466708612912
900	938	0.10206207261596577
900	976	0.10206207261596577
901	923	0.17117122809092208
901	999	0.1474357843399048
909	945	0.10997149049721087
909	987	0.12989718111727513
923	939	0.10035840670267744
923	999	0.11538457870483401
938	998	0.1025640666484833
944	950	0.1111111144224803
944	952	0.1111111144224803
945	976	0.13468699791232366
950	952	0.8333333333333336
951	953	1.0000000000000002
958	990	0.10493828852971397
964	976	0.11111110448837283
967	973	0.1363636553287506
970	971	0.10356613024456658
970	992	0.11111112435658776
973	979	0.19166666269302368
974	982	0.2222222288449606
976	998	0.10897439718246463
994	996	0.18257418583505539
