2	4	0.1307440900921227
5	605	0.10734901035106573
7	605	0.11032878813168157
7	979	0.13038856520139905
10	11	0.10401415489255454
12	13	0.1309708815011073
24	25	0.11395070649627381
24	546	0.10743381315750436
30	31	0.18703436916447286
34	36	0.7559289460184543
35	37	0.7144345083117604
38	39	0.12408558115362883
42	43	0.12858614029707052
42	44	0.27386127875258315
43	45	0.1781741612749496
44	45	0.14054569053961122
54	807	0.11764705181121826
58	59	0.1458332869741652
61	991	0.12421180561735726
62	64	0.4338609156373123
63	65	0.3872983346207417
74	75	0.21077864566984217
77	205	0.11785113019775793
77	902	0.11785113019775793
78	80	1.0000000000000002
78	82	0.2752956475534131
79	81	0.9285714285714285
79	83	0.3779644730092272
80	82	0.2752956475534131
81	83	0.3779644730092272
88	89	0.1250000397364299
88	90	0.5477225575051662
88	92	0.36514837167011077
88	94	0.5000000000000001
88	96	0.3333333333333334
88	98	0.5477225575051662
88	100	0.13608276348795434
88	104	0.13608276348795434
88	108	0.13608276348795434
89	90	0.10269801217902713
89	93	0.14605933996222872
89	95	0.4027777413527172
89	98	0.10269801217902713
89	443	0.1786086270779401
89	839	0.10954451585394102
90	92	0.39999999999999997
90	94	0.5477225575051662
90	96	0.36514837167011077
90	98	0.6
90	100	0.14907119849998596
90	108	0.14907119849998596
91	93	0.18888893127441406
91	97	0.14999995231628416
91	99	0.15384614467620847
91	101	0.10999440691650673
91	109	0.12727922567120037
92	93	0.10000001192092896
92	94	0.36514837167011077
92	96	0.36514837167011077
92	98	0.39999999999999997
92	100	0.14907119849998596
92	102	0.14907119849998596
92	108	0.2981423969999719
93	95	0.21908903170788205
93	97	0.1500000476837158
93	99	0.2051281929016113
94	96	0.3333333333333334
94	98	0.5477225575051662
94	100	0.13608276348795434
94	108	0.13608276348795434
95	97	0.11410886614690961
95	99	0.14044167304060454
95	838	0.10345871546331624
96	98	0.36514837167011077
96	100	0.13608276348795434
96	108	0.13608276348795434
97	99	0.175
98	100	0.14907119849998596
98	108	0.14907119849998596
99	109	0.10842302067536597
100	101	0.1537218600227419
100	102	0.1111111111111111
100	104	0.1111111111111111
100	106	0.1111111111111111
100	108	0.2222222222222222
102	104	0.1111111111111111
102	106	0.1111111111111111
102	108	0.2222222222222222
104	106	0.1111111111111111
104	108	0.1111111111111111
106	108	0.1111111111111111
110	111	0.119463137166169
119	216	0.11121413753176916
119	604	0.18257418583505533
119	608	0.1732050807568877
120	121	0.27083329111337656
120	989	0.11048543456039804
122	124	0.5144957826864928
122	126	0.5144957826864928
123	125	0.8970852271450606
123	127	0.8970852271450606
124	126	1.0
125	127	0.9999999999999999
128	130	0.7698003589195012
129	131	0.9534625892455926
136	137	0.13238436070257414
138	139	0.34382043457774186
142	143	0.2138090020259456
144	145	0.12962961196899417
146	147	0.11678031846651782
150	151	0.40404038959079325
150	216	0.10050378152592121
150	747	0.2041241452319315
152	153	0.19341229960447712
152	158	1.0000000000000002
152	159	0.19341229960447712
152	215	0.13473739953346478
153	158	0.19341229960447712
153	159	1.0
153	212	0.1697749201779333
153	214	0.2815398545213715
153	215	0.11523624928772365
154	155	0.16316416760873337
155	279	0.1111111111111111
158	159	0.19341229960447712
158	215	0.13473739953346478
159	212	0.1697749201779333
159	214	0.2815398545213715
159	215	0.11523624928772365
160	161	0.16272041046691707
164	165	0.12542488041947866
166	167	0.11226260587338369
166	180	0.10596258224934106
170	690	0.11180342553099698
171	777	0.17241379618644714
172	173	0.12830007511447583
178	197	0.10660035817780521
180	198	0.10753862525182582
180	342	0.11895630733769592
180	460	0.10761824611670676
180	730	0.10855261275642794
188	189	0.1777777671813965
190	191	0.1725733840950065
190	192	0.3333333333333333
190	196	0.1428571343421936
191	193	0.38461538461538464
191	197	0.19611613513818402
192	193	0.1725733840950065
192	196	0.1428571343421936
193	197	0.19611613513818402
194	200	0.17407765595569785
196	197	0.21998876325679523
202	204	0.2886751345948129
203	463	0.28571428571428575
205	902	1.0000000000000002
212	214	0.6030226891555273
213	215	0.3086066999241839
220	221	0.28226013772164066
222	224	0.5270462766947299
223	225	0.20016019225635895
224	225	0.10524694558828938
230	232	0.251259453814803
231	233	0.41812100500354543
234	244	0.1764125631341869
237	595	0.14288689922900266
248	991	0.13801311186847084
256	258	0.960768922830523
257	259	0.9486832980505138
264	265	0.2034630408003351
266	267	0.11401746514035091
274	275	0.11226256572516635
282	283	0.256718000103549
290	291	0.10636324590397879
290	292	0.3619613829965133
296	991	0.1102166719749254
300	301	0.12326672496681007
305	637	0.12298374142808918
319	990	0.1138884948803165
321	502	0.10264005320902912
321	927	0.10269797953221867
322	323	0.16760710394444858
323	423	0.1329927671997544
325	602	0.14144472213659035
326	342	0.10493826866149902
326	685	0.10540925533894598
327	733	0.14731391977167213
327	802	0.10660035182392873
327	909	0.11519137742804886
328	329	0.21571676869191764
328	397	0.10050378152592121
329	735	0.11378466538520454
330	991	0.10510959478954514
334	335	0.10533120581024069
336	337	0.17142856121063227
340	341	0.10467899393054175
340	342	0.12909944487358055
341	775	0.10000002384185791
343	508	0.12678762421555756
343	655	0.13692366671185474
343	973	0.2449489742783178
343	979	0.14963800808313896
344	345	0.24325687928132578
350	351	0.11350773332552744
352	413	0.13819269959814168
356	357	0.10937499999999999
358	359	0.14238035915855243
362	363	0.12711881012202295
364	365	0.12840342713301825
364	868	0.12472626108662116
366	550	0.11904764175415039
368	369	0.3095238038471766
371	789	0.1028571128845215
372	373	0.11206067108353941
372	674	1.0000000000000002
372	675	0.11206067108353941
373	674	0.11206067108353941
373	675	1.0
376	377	0.11111110448837282
378	379	0.20658359131297116
388	390	0.3849001794597505
388	392	0.408248290463863
389	391	0.40201512610368484
389	393	0.3779644730092272
390	392	0.4714045207910316
391	393	0.3418817293789138
400	401	0.19521224990108324
404	406	0.916666666666667
405	407	0.9333333333333331
408	864	1.0000000000000002
408	867	0.5892556509887896
409	865	0.11743705863978786
410	411	0.18919608804934707
411	990	0.15749999582767485
412	413	0.10009271542620471
412	647	0.12909944487358055
412	884	0.12890068244915062
414	415	0.11712140040583442
417	851	0.14942528804143268
418	419	0.11042867427754137
422	423	0.11885819712576842
422	690	0.1077321904650188
428	429	0.14771501502052767
436	438	0.2782074420373286
437	439	0.3131121455425747
442	838	0.14907118961465016
442	839	0.10559212263171895
443	839	0.167705058328473
444	446	1.0000000000000002
444	448	1.0000000000000002
444	450	1.0000000000000002
445	447	1.0000000000000002
445	449	1.0000000000000002
445	451	1.0000000000000002
446	448	1.0000000000000002
446	450	1.0000000000000002
447	449	1.0000000000000002
447	451	1.0000000000000002
448	450	1.0000000000000002
449	451	1.0000000000000002
456	733	0.10050377553542901
456	815	0.2611164839335468
457	459	0.24019223070763074
457	761	0.10584755164561523
457	972	0.1301041154222516
457	978	0.11340230831407179
458	459	0.1846153736114502
460	461	0.21153844892978674
460	730	0.12299227112574307
461	990	0.1059277741057813
464	465	0.31132468118669293
470	471	0.12636727809828974
480	481	0.11938110869888369
486	487	0.10055521793960058
488	489	0.10954455394188425
492	494	0.1
495	603	0.1131504774087873
496	537	0.1214388268010033
496	979	0.13394752079949962
502	503	0.12962959872351754
502	834	0.12730478833536896
502	853	0.1587301625145806
502	927	0.1897366545837978
503	926	0.3849001794597505
508	939	0.10167547881616587
508	979	0.11878278303330606
509	601	0.11118739749916519
514	515	0.12234993876297347
514	518	0.27216552697590873
514	520	0.12598815766974242
514	524	0.11904762188593548
515	517	0.12909944487358058
515	519	0.4341215710622296
515	521	0.11557712042756846
517	519	0.24019223070763074
517	521	0.29841884174572114
517	525	0.6708203932499369
518	519	0.136299459500093
518	520	0.2314550249431379
518	524	0.1458029643561646
519	521	0.21503366185227651
520	521	0.12471060532622974
520	524	0.1799830866764774
521	525	0.2001854447730553
522	523	0.13927855988279741
523	962	0.11785113019775793
524	525	0.11157304343568598
534	535	0.1203062965151135
536	537	0.16191844096234423
537	938	0.1063477695739711
539	665	0.16144147296478037
544	545	0.2934228056592265
546	547	0.11886618465878494
546	979	0.10746046975482879
551	583	0.32732683535398865
552	554	0.4444444444444444
553	555	0.36363636363636365
556	558	0.2631174057921088
556	560	0.253546276418555
558	560	0.8894991799933215
559	561	0.9534625892455926
564	566	0.916666666666667
565	567	0.9090909090909092
568	569	0.12297747922215982
570	571	0.11927890833287252
570	572	0.75
570	574	1.0000000000000002
570	575	0.11927890833287252
570	577	0.7396002616336388
570	704	0.5333333015441896
570	705	0.124582756605246
571	573	0.8164965809277264
571	574	0.11927890833287252
571	575	1.0000000000000002
571	576	0.2525907427704613
571	704	0.11927890833287252
571	705	0.957427107756338
572	573	0.1356515004425964
572	574	0.75
572	577	0.5547001962252291
572	704	0.3999999761581421
573	575	0.8164965809277264
573	576	0.20623947784607635
573	705	0.7817359599705715
574	575	0.11927890833287252
574	577	0.7396002616336388
574	704	0.5333333015441896
574	705	0.124582756605246
575	576	0.2525907427704613
575	704	0.11927890833287252
575	705	0.957427107756338
576	705	0.21985202208795265
577	704	0.39445344936001486
578	579	0.13529348108983252
584	586	0.7745966692414834
585	587	0.7006490497453707
589	646	0.36227742674687813
592	593	0.20091359188566738
594	595	0.12839501102765405
603	647	0.17085642739596762
604	654	0.11180339221098762
605	778	0.10843332915877738
606	608	0.5809475019311126
606	610	0.3202563076101743
607	609	0.483045891539648
608	610	0.31008683647302115
609	905	0.14232599693569303
610	611	0.10503017526549682
614	615	0.1338877827100571
616	618	0.1781741612749496
620	622	1.0000000000000002
620	624	0.4029114820126901
620	626	0.38138503569823695
621	623	0.9285714285714285
621	625	0.24525573579398632
621	627	0.2223747949983304
622	624	0.4029114820126901
622	626	0.38138503569823695
623	625	0.24525573579398632
623	627	0.2964997266644405
624	626	0.42257712736425834
625	627	0.2545139051903111
630	803	0.10256409645080566
633	657	0.1175260325982462
634	635	0.10205688888148323
636	644	0.12063877272992643
637	645	0.17008401961268366
652	653	0.11226256572516635
654	656	0.10540925533894598
655	747	0.11752600826475187
655	979	0.10308121171944809
658	659	0.12830009232085468
662	663	0.23609546148467692
662	664	0.1093337068861414
664	665	0.12711881012202295
672	673	0.11475505526991467
673	958	0.14357387937839436
674	675	0.11206067108353941
678	679	0.1282051205635071
680	684	0.16775329398740568
680	732	0.12529400574538885
684	730	0.10722403366700516
684	732	0.14779813074617626
692	693	0.10075886457027826
694	696	0.5892556509887895
695	697	0.2279211529192759
697	727	0.10029716459928482
704	705	0.124582756605246
706	707	0.12163520508058835
712	713	0.10292208740469945
716	717	0.1119298779850011
724	726	0.6324555320336758
725	727	0.4714045207910318
726	727	0.12028132041982109
726	736	0.1276720483482714
730	732	0.24182541093777
732	733	0.12883349520967305
733	909	0.10540924905606476
738	739	0.12629533123701334
761	972	0.1109400436534069
761	978	0.10606602139266696
768	776	0.11140669675625793
773	797	0.10842012004616397
776	777	0.10016645108639212
784	785	0.25901453032640254
786	787	0.12830007511447583
790	791	0.12767651992112422
790	792	1.0
790	793	0.12767651992112422
791	792	0.12767651992112422
791	793	0.9999999999999999
792	793	0.12767651992112422
798	799	0.12782751337945367
804	806	0.554700196225229
805	807	0.40089186286863654
808	809	0.1694916972353016
816	817	0.12028127740387398
820	821	0.23231036331643748
822	823	0.10647951000667986
832	833	0.10158729553222655
834	835	0.1212120977315036
834	853	0.11486145775477602
842	843	0.3335801127070187
844	845	0.1378190445213274
851	923	0.15053762992223102
852	853	0.1913579901059469
854	855	0.12060451866153042
856	857	0.12246822536247062
860	861	0.10825317547305485
862	863	0.10714280605316162
864	867	0.5892556509887896
865	866	0.43643578047198484
872	873	0.10050382944985878
872	874	0.7777777777777779
873	875	0.7272727272727274
874	875	0.10050382944985878
876	877	0.10937499999999999
880	881	0.20100756305184242
884	886	0.10034903521958193
885	923	0.13978495200475055
888	889	0.17588161767036212
890	891	0.1711452916707675
890	892	0.24253562503633294
890	894	0.2193817272381392
891	893	0.17407765595569785
891	895	0.1666666666666667
892	893	0.14331090424487022
892	894	0.30151134457776363
893	895	0.17407765595569785
894	895	0.15957113620548438
904	905	0.14824989867774202
908	978	0.1134023083140718
922	923	0.11561736563085007
924	925	0.11145106717522098
926	927	0.11235329490340566
936	937	0.10186619830846178
940	941	0.27809328550639056
944	945	0.10080717237901013
946	947	0.149071145187971
950	952	0.5698028822981898
951	953	0.5443310539518174
956	957	0.1112141746534916
960	961	0.21606036789869085
962	963	0.14228034689640845
966	967	0.143518589254701
970	971	0.16248791355825748
972	973	0.13155881267719094
972	978	0.13074408229916762
976	982	0.12631067559023781
992	993	0.12727274894714355
