0	2	0.25
1	3	0.2494850880243557
1	252	0.12878790497779843
2	4	0.25
2	6	0.1145833283662796
3	271	0.1058475688519941
3	805	0.10188530113610138
3	807	0.10188530113610138
3	976	0.1002344179106703
4	6	0.1145833283662796
4	72	0.1296362460273236
5	295	0.10057473182678223
5	605	0.10584755164561525
7	51	0.13888889551162723
7	237	0.1005989178402925
7	605	0.10256409645080569
7	681	0.1367520888646444
7	685	0.13131316502889
7	775	0.15277775128682458
7	979	0.181818167368571
7	981	0.12028129461025282
9	742	0.12276161034643891
11	718	0.11547004695537362
12	13	0.14310494581855596
12	34	0.10648143291473386
12	165	0.10475653988285775
12	283	0.10101524843424271
12	417	0.11494261026382444
12	476	0.13333332538604734
12	691	0.13095235824584958
12	794	0.10101524843424271
12	831	0.10475666632340327
12	851	0.13793110847473142
12	885	0.11111116409301755
12	923	0.1290323734283447
12	938	0.11785105995301039
12	939	0.156862735748291
12	998	0.11785105995301039
13	34	0.10803021204724442
13	170	0.10606062412261963
13	476	0.1414213478079398
13	477	0.10606062412261963
13	601	0.11111116409301758
13	691	0.1178511020998589
13	713	0.11538460850715637
13	777	0.106916687202026
13	977	0.11363637447357178
13	998	0.12820512056350708
14	18	0.10984848439693451
14	442	0.16695576309717386
14	838	0.1339217375839113
15	273	0.10101522736081846
15	443	0.1190724018296305
15	643	0.16145837306976316
15	839	0.21213208493218244
18	40	0.1089743971824646
18	54	0.10522422238735889
18	212	0.10101524843424271
18	214	0.10101524843424271
23	255	0.11785112317328315
25	140	0.11111113429069519
25	844	0.11538463830947876
29	937	0.10227271914482117
30	142	0.1363636255264282
30	146	0.1363636255264282
30	183	0.11764705181121823
30	493	0.12878787517547605
30	647	0.1363636255264282
30	673	0.10317456722259519
30	818	0.11538460850715634
31	254	0.1130952388048172
32	40	0.1785714328289032
32	207	0.1041666567325592
32	508	0.10119050741195679
32	756	0.12499997019767761
32	776	0.1666666567325592
34	36	0.7071067811865475
34	84	0.13425925374031064
34	134	0.13888886570930478
34	914	0.14814805984497068
35	37	1.0
36	508	0.11574071645736694
36	690	0.10185182094573975
36	776	0.11111113429069519
36	794	0.1111111044883728
36	914	0.10475649773600924
36	964	0.1111111044883728
36	998	0.1388888657093048
40	136	0.13333329558372498
40	166	0.11538457870483398
40	640	0.11538460850715637
40	756	0.12179487943649292
40	776	0.10256415605545044
40	850	0.11538460850715637
40	896	0.1499999463558197
40	974	0.11538460850715637
42	44	0.5
43	45	0.7071067811865475
48	150	0.11111110448837277
48	512	0.11666664481163022
49	151	0.1250000149011612
49	781	0.1041666567325592
51	136	0.15396006260716483
51	271	0.1475450427921541
51	347	0.16203703482945764
51	853	0.1420465035403702
51	971	0.10497277934472812
51	992	0.13608275537678957
52	229	0.11764705181121826
53	613	0.10101524843424271
56	366	0.12500002980232236
60	253	0.10416668653488159
60	427	0.16499157244259643
61	234	0.1145833283662796
61	244	0.16204529699744238
61	344	0.1094331752670508
62	64	0.5
63	65	0.7071067811865475
77	205	0.25
77	902	0.25
78	80	0.9999999999999998
78	82	0.5264017045807557
78	167	0.14930558204650876
79	81	1.0
79	83	0.75
80	82	0.5264017045807557
80	167	0.14930558204650876
81	83	0.75
82	167	0.10017349157578313
83	553	0.11574071645736694
83	909	0.10424379669186257
84	208	0.10555553436279294
84	209	0.10370897996311948
84	476	0.13888886570930478
84	700	0.10101524843424271
84	964	0.10878565215995369
85	965	0.14946970999958012
88	90	0.4999999999999999
88	92	0.4999999999999999
88	94	0.4999999999999999
88	96	0.4999999999999999
88	98	0.4999999999999999
89	93	0.14999999105930328
89	95	0.3624999672174454
89	97	0.1015625149011612
89	443	0.12629537138523064
90	92	0.4999999999999999
90	94	0.4999999999999999
90	96	0.4999999999999999
90	98	0.4999999999999999
91	93	0.17708337306976318
91	97	0.14062495529651642
91	99	0.1538461446762085
92	94	0.4999999999999999
92	96	0.4999999999999999
92	98	0.4999999999999999
93	95	0.22500000894069672
93	97	0.14062504470348358
93	99	0.19230768084526062
94	96	0.4999999999999999
94	98	0.4999999999999999
95	97	0.1171875
95	99	0.11538460850715637
96	98	0.4999999999999999
97	99	0.1640625
100	102	0.4999999999999999
100	104	0.4999999999999999
100	106	0.4999999999999999
100	108	0.4999999999999999
102	104	0.4999999999999999
102	106	0.4999999999999999
102	108	0.4999999999999999
104	106	0.4999999999999999
104	108	0.4999999999999999
106	108	0.4999999999999999
111	436	0.119047611951828
111	438	0.119047611951828
120	121	0.1094331752670508
120	989	0.11048543456039804
122	124	0.529411792755127
122	126	0.529411792755127
123	125	0.5
123	127	0.5
124	126	1.0
124	228	0.11130384206478258
125	127	1.0
126	228	0.11130384206478258
128	130	0.7071067811865475
128	286	0.20623949189502586
129	131	0.8660254037844388
129	287	0.11886622480700226
130	286	0.29166668653488154
130	344	0.11904761195182798
131	287	0.10294117033481598
134	164	0.12206009712639934
134	170	0.12206009712639934
134	481	0.11364219136701549
134	711	0.14731391977167213
134	850	0.10522422238735889
134	871	0.10101524843424271
134	900	0.12150244190772708
134	939	0.10294118523597715
135	208	0.13016611489664628
136	140	0.1666666567325592
136	154	0.1195652186870575
136	166	0.12777775526046753
136	170	0.12777778506278992
136	256	0.10416662693023682
136	391	0.12777778506278992
136	640	0.11666664481163025
136	716	0.1111111044883728
136	822	0.1499999463558197
136	844	0.1388888657093048
136	850	0.12777778506278992
140	170	0.15740740299224854
140	259	0.11547008136813133
140	292	0.130952388048172
140	346	0.11666667461395264
140	414	0.14393937587738037
140	640	0.1319444477558136
140	794	0.11111113429069519
140	850	0.14393940567970276
140	990	0.10833334922790527
141	861	0.11785114424670741
142	143	0.10606602139266696
142	146	0.1416666507720947
142	176	0.10311974594751293
142	220	0.1416666805744171
142	222	0.20833331346511835
142	224	0.17010343813761336
142	353	0.11249427980097278
142	603	0.11195859335639932
142	647	0.10833331942558286
143	220	0.12374369513701551
146	222	0.20833331346511835
146	224	0.17010343813761336
146	404	0.1276720342993219
146	406	0.1276720342993219
146	647	0.15000003576278684
146	818	0.11538460850715634
147	959	0.10311974594751293
150	151	0.3214121617720174
150	168	0.20623949189502586
150	188	0.12474251967868351
150	221	0.10803019097382016
150	335	0.13468701898574786
150	676	0.12499999999999997
150	747	0.4999999999999999
151	400	0.1071428507566452
151	603	0.14393937587738037
151	747	0.1285648731381767
151	976	0.11742421984672546
152	158	1.0
152	276	0.11438494527832298
152	630	0.1525132182242488
153	159	1.0
153	212	0.12374367406359126
153	214	0.12374367406359126
154	166	0.10507246851921082
154	170	0.11231881380081177
154	197	0.14130434393882751
154	508	0.10144925117492676
154	655	0.10459248395931886
154	794	0.10507246851921082
154	822	0.10869565606117249
154	973	0.10040878735396672
156	788	0.1443375845037853
157	371	0.24000000953674316
158	276	0.11438494527832298
158	630	0.1525132182242488
159	212	0.12374367406359126
159	214	0.12374367406359126
162	170	0.10185182094573975
162	508	0.1041666567325592
162	938	0.13333335518836975
163	699	0.10825317547305485
163	980	0.12561485111703652
164	166	0.125
164	170	0.375
164	417	0.1178511020998589
164	711	0.1006944328546524
164	831	0.10185188055038452
164	851	0.10565962040590067
164	884	0.1250000149011612
164	909	0.11627191582906055
164	923	0.11404945636417627
164	939	0.20104013022217643
165	171	0.10286124694464421
165	417	0.14629794891489278
165	600	0.11842107772827148
165	641	0.1629118994230991
165	851	0.17068099659650626
165	885	0.11348637446807072
165	901	0.13377704745297342
165	922	0.11728397011756897
165	923	0.1596693316329135
165	939	0.13967541460837601
165	999	0.11331833498305778
166	170	0.25
166	174	0.15000000596046448
166	176	0.1111111044883728
166	802	0.125
167	454	0.10204085707664487
168	188	0.10584755164561525
168	747	0.1296362460273236
170	174	0.15000000596046448
170	176	0.1111111044883728
170	180	0.1111111044883728
170	259	0.11065879930049444
170	422	0.1818181872367859
170	508	0.22222226858139038
170	640	0.1388888955116272
170	690	0.2500000596046448
170	732	0.12037035822868347
170	764	0.1388888955116272
170	776	0.1515151858329773
170	794	0.1666666865348816
170	802	0.12037035822868347
170	816	0.1319444179534912
170	830	0.11538460850715637
170	844	0.10256412625312805
170	850	0.24242424964904785
170	884	0.10000002384185791
170	930	0.1006944328546524
170	938	0.11666661500930786
170	939	0.14558082028747993
170	976	0.136363685131073
171	600	0.11141849533961262
171	641	0.16009750526777725
171	690	0.10617932504265902
171	777	0.34482759237289434
171	795	0.11613366257497659
171	851	0.1407753480914869
171	885	0.10323533637873818
171	901	0.10298168403380828
171	976	0.10286128135740191
171	998	0.116133731400492
171	999	0.11514697119077781
172	173	0.11785114424670741
172	585	0.11785112317328315
172	587	0.11785112317328315
174	184	0.10662720668058952
174	186	0.10606602139266696
174	198	0.19999998807907104
174	210	0.1369047462940216
174	282	0.13636364042758942
174	802	0.125
174	994	0.11666667461395264
174	996	0.10000002384185791
176	197	0.138888880610466
176	353	0.159722238779068
176	413	0.1269841194152832
176	639	0.11111116409301758
176	899	0.10825317547305485
178	191	0.25
178	193	0.25
178	197	0.25
180	363	0.1145833283662796
182	740	0.1510416567325592
183	318	0.13171598226709366
183	324	0.199999988079071
183	348	0.10052008618451247
183	352	0.11458334326744077
183	355	0.10544574622313214
183	431	0.11091868308966578
186	198	0.16835874739040452
187	633	0.1302083134651184
188	189	0.11547004695537362
188	221	0.13631880973502192
188	747	0.1496910430812157
190	192	0.9999999999999998
190	196	0.4285714030265807
191	193	0.5
191	197	0.25
192	196	0.4285714030265807
193	197	0.25
195	773	0.1113404461719846
197	461	0.12188510118314205
197	655	0.10905506155312061
197	761	0.10264000732535218
198	204	0.125
202	204	0.75
203	463	0.5
205	902	1.0
207	429	0.10382177583773475
207	434	0.171875
207	764	0.1145833432674408
207	794	0.125
207	822	0.1302083432674408
207	836	0.109375
208	422	0.1178511020998589
208	711	0.1257078647181687
208	939	0.11274507641792295
209	885	0.1440402686807097
209	923	0.15586760160353383
210	282	0.1071428656578064
210	615	0.136904776096344
210	670	0.1101190596818924
212	214	0.9999999999999998
212	530	0.10119050741195676
212	786	0.13333332538604734
213	215	0.5
214	530	0.10119050741195676
214	786	0.13333332538604734
219	358	0.10101522736081846
220	221	0.1296362460273236
220	222	0.1833333373069763
220	224	0.1496910430812157
220	353	0.1232080297658663
221	222	0.1309456853902843
221	224	0.10691670440840485
221	676	0.11048543456039804
221	747	0.10803019097382016
222	224	0.408248290463863
222	638	0.10000002384185788
223	225	0.25
223	899	0.10825314106029714
225	673	0.12346306034620572
227	733	0.10425290611657682
229	924	0.1111111044883728
230	232	0.35355339059327373
230	397	0.11130384206478258
231	233	0.5
234	244	0.21606038194764032
237	267	0.11547004695537362
237	501	0.11547004695537362
237	595	0.17499999701976776
237	958	0.1111111044883728
237	959	0.16204531807086664
240	248	0.1145833283662796
240	323	0.1309523582458496
244	344	0.13095235824584958
245	501	0.11226253704786826
245	987	0.1388888955116272
248	252	0.2357022463465663
248	677	0.15000000596046448
248	991	0.125
252	433	0.11785112317328315
252	535	0.1414213478079398
252	633	0.1285648731381767
252	677	0.11785112317328315
252	780	0.12037035822868344
252	820	0.15384614467620847
253	259	0.10223909869807701
253	805	0.11764705181121826
253	807	0.11764705181121826
253	820	0.13258252147247765
253	821	0.1562499701976776
254	278	0.1130952388048172
254	320	0.1011904776096344
254	326	0.11458331346511841
254	359	0.13636362552642822
254	391	0.11363637447357178
255	970	0.12222221493721006
256	258	0.75
256	844	0.1041666567325592
257	259	0.816496580927726
257	546	0.1372548937797546
257	665	0.1296362460273236
259	341	0.1196581323941549
259	546	0.11206815148676788
259	547	0.14433756729740646
259	665	0.10584755164561525
259	716	0.1036269824227398
261	360	0.11195857228297507
262	272	0.10999440270182187
267	400	0.1347151064004058
267	413	0.10080718384992936
267	603	0.1347150719876481
267	619	0.11793841232671196
267	647	0.1043301002887915
267	672	0.10263997291259448
267	958	0.10157087176894143
267	990	0.1347151064004058
270	326	0.10522420131393463
270	358	0.1369047164916992
270	359	0.10101524843424271
270	535	0.1094331752670508
270	739	0.11364217029359124
270	852	0.11309522390365598
270	889	0.17857143282890317
270	970	0.18452382087707517
270	992	0.11309525370597837
271	503	0.11547001254261592
271	716	0.1111111044883728
271	853	0.130952388048172
272	685	0.13154670003113808
272	733	0.13333335518836972
272	951	0.12222224473953244
272	953	0.12222224473953244
275	478	0.10017347050235888
276	283	0.12177950448243806
276	482	0.24999999999999994
276	786	0.10555556416511533
278	292	0.1011904776096344
278	326	0.11458331346511841
278	340	0.15740740299224854
278	365	0.1089743971824646
278	434	0.1458333432674408
278	685	0.10584751723285754
278	775	0.1683938055718024
279	733	0.10714286565780637
280	366	0.10897439718246457
281	859	0.13055557012557983
282	326	0.10606060922145844
282	974	0.11363638937473297
283	630	0.11785114424670741
286	344	0.17708331346511838
290	292	0.5
290	294	0.1315789520740509
290	322	0.17647060751914978
290	328	0.10101524843424271
290	410	0.1071428656578064
290	416	0.1071428656578064
290	640	0.119047611951828
290	850	0.11904764175415039
290	884	0.119047611951828
292	294	0.1315789520740509
292	298	0.1011904627084732
292	322	0.26470591127872467
292	326	0.15476194024085999
292	328	0.10101524843424271
292	414	0.1666666865348816
292	416	0.1071428656578064
292	422	0.14285708963871002
292	508	0.1071428507566452
292	640	0.178571417927742
292	685	0.10309826481334446
292	690	0.14285708963871002
292	700	0.1428571343421936
292	794	0.14285708963871002
292	850	0.17857146263122559
292	884	0.178571417927742
292	922	0.11403504014015198
292	938	0.1071428507566452
292	964	0.1071428656578064
295	360	0.10972346168616959
295	582	0.1119791567325592
295	958	0.1264367699623108
296	330	0.1666666567325592
296	677	0.1547618806362152
296	780	0.1346869979123236
296	991	0.119047611951828
298	685	0.13121596557772072
305	637	0.31754265493684575
305	645	0.1944543690409854
306	991	0.15152287265136405
307	617	0.1319444477558136
307	639	0.1319444477558136
307	812	0.1006944328546524
307	814	0.1424034325985164
307	836	0.1607142835855484
315	424	0.1041666716337204
315	442	0.11785112317328315
318	324	0.12374369513701551
318	673	0.10662720668058952
320	322	0.13235294818878174
320	326	0.1904762089252472
320	359	0.125
320	685	0.13059113313605245
320	739	0.119047611951828
320	778	0.1666666567325592
320	853	0.10317462682723999
320	878	0.136904776096344
320	889	0.10522422238735889
321	502	0.13333334028720856
321	834	0.1388888955116272
321	853	0.1269841343164444
321	927	0.16237976320958228
322	326	0.1666666865348816
322	414	0.14705884456634521
322	508	0.11764705181121826
322	685	0.10754564917461899
322	878	0.14705881476402283
322	884	0.1029411256313324
322	938	0.10294117033481598
323	423	0.1547619104385376
323	632	0.1178511020998589
324	352	0.10069444775581357
324	401	0.10382121702070399
324	899	0.1020620239489771
325	602	0.152777761220932
326	359	0.15909090638160706
326	685	0.14433756729740646
326	716	0.10256406664848328
326	889	0.11294067814697592
326	926	0.11538460850715637
327	389	0.15909090638160703
327	391	0.11249425872754852
327	393	0.15909090638160703
328	329	0.11785114424670741
328	423	0.12276161034643891
329	601	0.12820512056350708
329	735	0.10256411135196686
330	991	0.1071428507566452
333	746	0.125
333	809	0.1319444477558136
334	858	0.13323466956389265
335	630	0.10878565215995369
335	632	0.17677669529663687
335	676	0.12521683285959254
335	803	0.10606602139266696
340	342	0.25
340	710	0.11785112317328315
341	775	0.16666670640309655
341	891	0.1367520888646444
341	909	0.14529919624328616
343	655	0.13121598278409957
343	835	0.1011904776096344
343	973	0.5773502691896258
343	979	0.11065879930049444
344	345	0.20850589652685067
345	421	0.1197916567325592
345	685	0.10732795406937069
347	671	0.10256409645080569
347	967	0.11111112435658776
348	373	0.10206207261596577
348	423	0.1458333432674408
348	638	0.10213764008351207
348	675	0.10206207261596577
348	818	0.11331839820333055
352	355	0.15222436479797938
352	413	0.24306795603287568
353	497	0.20994555868945625
353	655	0.10497277934472812
353	672	0.1319444179534912
355	413	0.1230158656835556
358	535	0.10522420131393463
358	822	0.11392274186412826
358	889	0.13690477609634397
358	970	0.10714286565780637
359	534	0.1041666567325592
359	685	0.1005989178402925
359	716	0.1410256028175354
359	739	0.17424243688583374
359	852	0.14958028225664843
359	889	0.13749298757220915
360	932	0.1583333611488342
361	398	0.17677669529663687
364	470	0.1458333432674408
365	775	0.11426721783527498
365	891	0.11102890850962273
365	909	0.10362699962911866
368	369	0.20848759338372513
371	789	0.1799999475479126
372	638	0.10555559396743772
372	672	0.16695576309717386
372	674	0.9999999999999998
373	431	0.1409428598664771
373	675	1.0000000000000002
384	386	0.1145833283662796
384	420	0.1296362460273236
386	388	0.152777761220932
386	392	0.152777761220932
386	944	0.2916666716337204
388	390	0.7071067811865475
388	392	0.75
389	391	0.7071067811865475
389	393	0.9999999999999998
389	429	0.13608275537678957
389	534	0.10311974594751293
389	970	0.10119047760963437
390	392	0.7071067811865475
391	393	0.7071067811865475
391	429	0.19245007825895605
391	534	0.1458333432674408
391	778	0.12962964177131653
391	822	0.1388888955116272
391	909	0.10934665805554261
391	971	0.10606059432029724
393	429	0.13608275537678957
393	534	0.10311974594751293
393	970	0.10119047760963437
398	402	0.1269166152600369
400	413	0.1428571343421936
400	414	0.1130952388048172
400	418	0.1071428656578064
400	603	0.238095223903656
400	638	0.1217794834090138
400	647	0.13468701898574786
400	813	0.12500005960464478
400	899	0.10825317547305485
400	958	0.10648143291473389
400	990	0.1011904776096344
402	408	0.11538462340831757
402	864	0.11538462340831757
402	867	0.11538462340831757
404	406	1.0
404	493	0.11785112317328315
404	495	0.111111119389534
404	647	0.15713485197113514
405	407	1.0
406	493	0.11785112317328315
406	495	0.111111119389534
406	647	0.15713485197113514
408	864	1.0
408	867	0.25
410	412	0.11538460850715637
412	414	0.12878787517547607
412	418	0.1011904776096344
412	495	0.15000000596046448
412	647	0.17677669529663687
412	884	0.15000000596046448
413	646	0.1304347813129425
413	899	0.10997147329083203
413	958	0.1349206268787384
414	416	0.15909090638160706
414	422	0.22727271914482117
414	434	0.159722238779068
414	836	0.1071428656578064
414	844	0.1250000149011612
416	422	0.34090907871723175
416	476	0.14927811042624958
416	640	0.1354166865348816
416	690	0.1562499850988388
416	776	0.11363638937473297
416	830	0.11538460850715637
416	938	0.14999999105930328
416	998	0.11538460850715637
417	476	0.17241376638412473
417	600	0.19228349024131053
417	641	0.10784327983856198
417	712	0.11378742940698404
417	777	0.16893036904279563
417	851	0.448275864124298
417	885	0.13793110847473142
417	901	0.15315330028533933
417	922	0.12191494338012782
417	923	0.35483872890472407
417	939	0.17816090583801267
417	999	0.1666666269302368
418	495	0.1011904776096344
418	638	0.12177952555586231
418	647	0.11785114424670741
422	434	0.11805558204650879
422	476	0.19641855969556285
422	508	0.3333333134651184
422	640	0.180555522441864
422	690	0.2638888955116272
422	700	0.11904756724834442
422	764	0.11363638937473297
422	778	0.10648146271705627
422	794	0.1666666865348816
422	844	0.12179484963417053
422	850	0.19696974754333496
422	896	0.12777778506278992
422	900	0.13059115034243132
422	901	0.10192532533413844
422	964	0.14743593335151672
422	976	0.14772722125053406
422	990	0.12878787517547607
422	998	0.11538460850715637
423	938	0.10833331942558289
424	914	0.12276158927301466
426	698	0.14051481124331897
428	778	0.10185185074806213
428	822	0.1041666567325592
429	503	0.15204679965972906
429	534	0.11141849533961262
429	778	0.15193428679928433
429	822	0.16712772580304008
429	835	0.1418053389343664
429	926	0.13167639106944848
430	647	0.12500002980232236
431	675	0.1409428598664771
434	466	0.12206009712639934
434	482	0.11416828940355273
434	658	0.11111113429069519
434	836	0.1250000149011612
434	938	0.13888892531394958
436	438	0.5
437	439	0.5
442	838	0.16666665673255918
443	839	0.21650629932697316
444	446	1.0
444	448	1.0
444	450	1.0
445	447	1.0
445	449	1.0
445	451	1.0
446	448	1.0
446	450	1.0
447	449	1.0
447	451	1.0
448	450	1.0
449	451	1.0
456	458	0.1666666567325592
457	459	0.25
460	972	0.125
461	472	0.1036269824227398
466	482	0.13020831346511838
466	659	0.12499999999999997
466	848	0.32142856717109675
468	820	0.1089743375778198
476	480	0.13749298757220915
476	509	0.12570782257132018
476	601	0.12570782257132018
476	641	0.12745112180709836
476	768	0.1360827797102839
476	769	0.1087856943068022
476	777	0.13608273104329524
476	795	0.10713733106154114
476	831	0.10475662417655476
476	850	0.1257079068650172
476	851	0.11494261026382444
476	885	0.13580238819122312
476	901	0.11711716651916501
476	939	0.11764699220657346
477	601	0.1944444477558136
477	690	0.1041666567325592
477	768	0.10497277934472812
477	850	0.21212121844291687
477	977	0.12121209502220154
481	693	0.1666666567325592
481	795	0.10984848439693451
481	964	0.10897436738014221
481	976	0.1458333134651184
481	982	0.111111119389534
482	848	0.10416665673255918
484	951	0.10416665673255918
484	953	0.10416665673255918
492	494	0.2886751345948129
493	495	0.1649915935160207
493	638	0.11111113429069516
493	812	0.10606602139266696
493	814	0.22222220897674555
495	603	0.21666666865348816
495	647	0.1296362460273236
496	536	0.1319444477558136
497	655	0.12121212482452395
497	681	0.15384614467620855
497	685	0.1010101636250814
497	979	0.10101012388865156
501	617	0.19245007825895605
501	639	0.10103630399073607
501	814	0.12852260635588364
502	834	0.15833333134651184
502	853	0.1785714328289032
502	927	0.12990380712639005
503	534	0.2165063509461097
503	853	0.119135728318977
503	888	0.15544046503092027
503	922	0.11141846092685491
503	926	0.8660254037844388
503	971	0.118094363858035
506	530	0.1355287969176317
506	787	0.125
507	659	0.1096490919589996
508	641	0.10398630622632116
508	690	0.1388888955116272
508	700	0.1666666567325592
508	708	0.10784316062927246
508	712	0.130952388048172
508	764	0.1250000149011612
508	776	0.13888883590698242
508	777	0.11760835248095283
508	794	0.1666666865348816
508	822	0.12222221493721008
508	830	0.17307695746421814
508	831	0.1435185670852661
508	850	0.1666666865348816
508	884	0.1666666865348816
508	896	0.1111111044883728
508	910	0.125
508	915	0.10144931077957153
508	939	0.1525132182242488
508	964	0.12820512056350708
508	973	0.1002344179106703
508	976	0.1875
508	979	0.12830006937901622
508	998	0.11538456380367279
509	601	0.125
509	885	0.10475662417655476
509	900	0.11684473338745616
509	922	0.20614033937454224
510	979	0.13608275537678957
512	516	0.1094331752670508
514	518	0.5
514	520	0.5
514	524	0.3571428656578064
515	517	0.5
515	519	0.5
515	521	0.4285714328289032
515	525	0.25
517	519	0.5
517	521	0.6428571492433548
517	525	0.75
518	520	0.5
518	524	0.3571428656578064
519	521	0.4285714328289032
519	525	0.25
520	524	0.3571428656578064
521	525	0.4285714328289032
527	581	0.1011904627084732
528	546	0.15476191043853757
530	532	0.19641855969556285
530	630	0.10256412625312802
533	659	0.10027149243545289
533	848	0.11101487618455276
534	813	0.11742419004440308
534	853	0.12698408961296082
534	926	0.1875
536	538	0.125
536	978	0.1666666865348816
537	685	0.11965811252593997
537	775	0.1666666666666667
537	891	0.2136751810709636
537	909	0.10256409645080569
537	938	0.10732795406937069
539	665	0.20000000298023224
540	926	0.11403506994247437
541	970	0.11364217029359124
544	545	0.2061965296266889
552	554	0.9999999999999998
553	555	0.5
556	558	0.5773502691896258
556	560	0.5773502691896258
558	560	1.0
559	561	0.8660254037844388
564	566	1.0
565	567	0.9999999999999998
569	797	0.19230768084526062
570	572	0.7071067811865475
570	574	0.9999999999999998
570	577	0.8660254037844388
570	704	0.5333333015441893
571	573	1.0
571	575	1.0
571	705	1.0
572	574	0.7071067811865475
572	577	0.6123724356957946
572	704	0.3771235941545061
573	575	1.0
573	705	1.0
574	577	0.8660254037844388
574	704	0.5333333015441893
575	705	1.0
577	704	0.46188018782149454
579	632	0.10425290611657682
584	586	0.7071067811865475
585	587	1.0
589	632	0.11294065707355166
589	676	0.11294067814697592
590	732	0.10803021204724442
591	711	0.1041666716337204
591	909	0.10059890063391365
594	646	0.1159420907497406
595	959	0.17677669529663687
596	653	0.1488645655486607
600	641	0.12095256224123006
600	769	0.10307028889656067
600	795	0.1030701994895935
600	851	0.16126998464566022
600	885	0.10854714314423053
600	901	0.13025664763740397
600	923	0.17677673744348538
600	999	0.11785114424670741
601	850	0.1666666567325592
601	884	0.1180555522441864
601	885	0.11785114424670741
601	922	0.11403504014015198
601	939	0.11091866201624152
603	647	0.2003469199312935
603	814	0.11785112317328315
603	899	0.12028132902301052
603	990	0.14166668057441711
605	775	0.12500000000000003
605	778	0.10691670440840485
606	608	1.0
606	610	0.75
607	609	0.5
608	610	0.75
616	618	0.35355339059327373
617	619	0.16317847823993054
617	639	0.14166665077209473
617	812	0.11249998211860657
617	814	0.15058757086263455
617	899	0.13832349052242862
619	647	0.12820512056350705
620	622	1.0
620	624	0.5
620	626	0.5773502691896258
621	623	1.0
621	625	0.75
621	627	0.5
622	624	0.5
622	626	0.5773502691896258
623	625	0.75
623	627	0.5
624	626	0.5773502691896258
625	627	0.5
630	658	0.10425290611657682
630	803	0.2307692170143127
630	897	0.10368209933469681
632	676	0.23958331346511835
632	780	0.11458334326744077
633	657	0.10178052983607927
637	645	0.36742347601757336
638	674	0.10555559396743772
639	646	0.10507243871688843
639	814	0.10017344942893462
639	819	0.1111111044883728
639	987	0.14166665077209473
640	641	0.10052010725793672
640	690	0.180555522441864
640	700	0.1071428507566452
640	712	0.1428571343421936
640	713	0.11858972907066345
640	794	0.1666666865348816
640	795	0.10227277874946594
640	831	0.1018519252538681
640	850	0.3472222685813904
640	851	0.12597886895409374
640	871	0.1410256028175354
640	900	0.18557692140060503
640	976	0.19791662693023682
640	982	0.1736111044883728
641	712	0.10398639052001818
641	769	0.1074525473415541
641	777	0.1200731411175801
641	795	0.142114663465944
641	831	0.13171602441394217
641	851	0.15686279535293576
641	885	0.17156869173049924
641	900	0.1360827797102839
641	901	0.1531533598899841
641	923	0.16176480054855344
641	939	0.16666674613952634
641	983	0.12015506625175473
641	999	0.166666567325592
646	896	0.10144931077957153
646	990	0.10869567096233368
647	814	0.13333329558372495
647	818	0.14102560281753537
647	990	0.11195859335639932
650	656	0.125
652	653	0.11785114424670741
654	656	0.125
654	760	0.119047611951828
655	761	0.10101012388865156
655	973	0.15151516596476242
658	803	0.15909900047886408
658	967	0.13121596557772072
659	786	0.11111110448837277
671	899	0.10069443782170616
671	967	0.1965811649958293
672	674	0.16695576309717386
672	899	0.13230941374745078
673	899	0.10044202156374037
673	958	0.26376205865172464
676	808	0.10416668653488156
677	963	0.1130952388048172
680	684	0.2619047462940216
680	732	0.1785714328289032
681	685	0.10256409645080569
681	775	0.12499996026357019
681	891	0.18803421656290695
681	896	0.10905506155312061
681	909	0.10256409645080569
681	979	0.10256409645080569
681	990	0.12953371512364062
684	730	0.1011904627084732
684	732	0.2023809254169464
684	978	0.12037035822868347
685	775	0.1319444576899211
685	909	0.10101004441579185
685	938	0.11547004695537362
685	973	0.10000002384185794
685	979	0.1333333253860474
690	700	0.1607142984867096
690	708	0.11274507641792297
690	712	0.1488095223903656
690	732	0.1180555522441864
690	776	0.3055555820465088
690	778	0.10648143291473389
690	794	0.1666666865348816
690	795	0.10227271914482117
690	830	0.17307695746421814
690	836	0.15476194024085999
690	844	0.19871795177459717
690	850	0.2361111044883728
690	885	0.10039177010422105
690	896	0.10555553436279297
690	900	0.1030982131942079
690	964	0.13461539149284363
690	976	0.1354166865348816
691	977	0.1178511020998589
694	696	0.9999999999999998
694	724	0.13095235824584958
694	726	0.13095235824584958
695	697	0.5
696	724	0.13095235824584958
696	726	0.13095235824584958
698	734	0.10213761901008782
698	768	0.10206207261596575
698	980	0.22222226858139033
700	776	0.13095241785049438
700	794	0.1488094925880432
700	850	0.1428571343421936
700	871	0.119047611951828
700	884	0.10714294016361237
700	964	0.11904764175415039
701	923	0.10737546075562768
711	909	0.11226255425424712
712	794	0.119047611951828
712	850	0.1666666567325592
712	851	0.11378734511328702
712	871	0.1041666716337204
712	900	0.13746437602629774
712	901	0.1369621269417902
712	923	0.10644616489281097
712	939	0.16637805624463506
712	976	0.1309523582458496
713	768	0.10732795406937069
713	851	0.1422341497814724
713	901	0.1274066355942488
713	939	0.13598212842021487
713	999	0.13598195983282083
716	739	0.10256406664848328
716	967	0.10732795406937069
716	971	0.11742427945137024
723	858	0.13461539149284363
724	726	0.9999999999999998
725	727	0.5773502691896258
730	732	0.2083333283662796
731	835	0.130952388048172
732	746	0.152777761220932
732	909	0.11372046794084167
733	891	0.11340228398057747
733	909	0.13608275537678957
736	814	0.12037035822868344
739	778	0.11574074625968933
739	822	0.13333335518836975
739	844	0.10897436738014221
739	850	0.10606060922145844
739	852	0.16317847823993054
739	853	0.130952388048172
739	979	0.10497277934472812
741	945	0.12478354218347629
745	782	0.15000000596046448
746	780	0.11785114424670741
754	756	0.25
756	764	0.15625
756	776	0.12878790497779846
761	964	0.12583276068338858
764	776	0.17045456171035767
765	830	0.12374369513701551
768	776	0.2536842081465702
768	777	0.11111112435658776
768	850	0.10497277934472812
768	851	0.1313903573300469
768	922	0.10128951306193698
768	939	0.1120681028197792
769	777	0.12953371512364062
769	851	0.13004262594066565
769	901	0.24207265820529092
769	923	0.1710742688399614
769	939	0.10878565215995369
769	999	0.14051485339016748
773	797	0.11056726155629247
775	891	0.14583329359690353
775	979	0.11111108462015791
776	816	0.125
776	831	0.10185188055038452
776	844	0.11538460850715637
776	850	0.12121206521987915
776	885	0.10475666632340327
776	926	0.1410256028175354
776	976	0.11363638937473297
776	998	0.13461537659168243
777	795	0.15745915181071335
777	851	0.1220053179016182
777	885	0.17136352380816686
777	901	0.13608273104329524
777	922	0.11648295206569273
777	923	0.1316931146665413
777	999	0.10206197528198842
778	794	0.14351850748062134
778	822	0.2291666865348816
778	836	0.152777761220932
778	844	0.11574071645736694
778	878	0.10185182094573975
778	926	0.11111108958721161
780	808	0.11458331346511838
780	809	0.14731389869824787
781	820	0.11048543456039804
781	924	0.1067708432674408
784	785	0.12626907107951552
786	800	0.10555556416511533
786	826	0.10555553436279294
786	987	0.10606604246609122
790	792	1.0
791	793	1.0
794	816	0.1180555522441864
794	822	0.1833333671092987
794	830	0.1634615957736969
794	836	0.1369047462940216
794	844	0.11538460850715637
794	850	0.1388888955116272
794	851	0.11785114424670741
794	871	0.12179484963417053
794	884	0.11111116409301758
794	910	0.1041666567325592
794	938	0.13888883590698242
794	939	0.12478350003662778
794	964	0.11538460850715637
794	982	0.11111107468605042
794	998	0.1250000149011612
795	831	0.1111111044883728
795	900	0.1005989178402925
795	901	0.12103635017606972
795	976	0.1515151560306549
795	998	0.11742427945137024
795	999	0.11785114424670741
802	836	0.1339285522699356
802	987	0.1666666567325592
804	806	0.7071067811865475
804	820	0.12499997019767758
805	807	0.75
806	820	0.17677665314978835
808	809	0.16204527592401813
808	810	0.10213766115693633
808	820	0.17948719859123227
808	821	0.12767205537274615
810	820	0.11785112317328315
810	821	0.11666667461395264
812	814	0.28284271668930383
812	818	0.16317847823993054
814	818	0.2307692170143127
816	909	0.16839383998456012
816	938	0.1041666567325592
816	987	0.1111111044883728
819	958	0.10185182094573975
820	821	0.2538332305200738
822	836	0.1499999761581421
822	853	0.1111111044883728
822	884	0.1111111044883728
822	909	0.10264005894448874
826	836	0.1296362460273236
830	850	0.11538456380367279
830	884	0.11538460850715637
830	939	0.1733104120345554
831	851	0.12191494338012782
831	922	0.10185183584690094
831	939	0.11348620588067668
831	976	0.10185188055038452
831	999	0.10425288504315257
834	853	0.1428571343421936
834	927	0.14433756729740646
835	993	0.1130952388048172
836	878	0.119047611951828
836	974	0.14285708963871002
836	987	0.125
837	975	0.1722222566604614
837	986	0.11588693251870572
842	843	0.30641289917711195
844	850	0.19230768084526062
844	878	0.14743587374687195
844	884	0.13461539149284363
845	857	0.11517269095041584
848	896	0.12177950448243806
850	871	0.11538457870483398
850	878	0.1089743971824646
850	884	0.25757575035095215
850	885	0.10039177010422105
850	896	0.10555553436279297
850	899	0.10223911590445586
850	900	0.15808401866513933
850	923	0.11024781062849362
850	939	0.12478350003662778
850	964	0.14743587374687195
850	976	0.21590906381607056
850	982	0.18939396739006042
850	990	0.12878790497779846
851	885	0.20689660310745234
851	900	0.1126203271401782
851	901	0.15315330028533933
851	922	0.13004258379381714
851	923	0.451612889766693
851	939	0.19540226459503168
851	998	0.10159582127248028
851	999	0.1538460850715637
852	970	0.11309522390365598
852	992	0.10897439718246457
853	926	0.10317456722259521
853	927	0.12371790745218603
854	862	0.13888889551162717
854	886	0.2003469199312935
855	984	0.18333333730697632
859	986	0.10197368264198303
862	906	0.11111110448837277
864	867	0.25
865	866	0.5
869	909	0.10497277934472812
871	910	0.10897433757781982
871	976	0.1794871687889099
871	982	0.10256411135196686
872	874	0.9999999999999998
873	875	0.75
878	886	0.10576920211315155
884	886	0.19999998807907104
884	939	0.13864838020386253
884	998	0.21153835952281952
885	901	0.23873877525329584
885	922	0.1571348730445594
885	923	0.4193548560142516
885	939	0.148148238658905
885	977	0.10475662417655476
885	983	0.10077521204948423
885	999	0.18589746952056882
887	997	0.10714286565780637
888	926	0.13461539149284363
889	970	0.12499997019767758
890	892	0.7071067811865475
890	894	0.5
890	908	0.11458331346511841
891	893	0.5773502691896258
891	895	0.5773502691896258
891	910	0.13471505478126924
892	894	0.7071067811865475
893	895	0.5
896	926	0.12777775526046753
896	990	0.11666670441627502
897	975	0.10584215929316589
899	958	0.11226253704786826
899	964	0.10524613708556593
899	990	0.1503516440723843
900	901	0.1250490487067996
900	914	0.11178225726184642
900	922	0.1367408133827709
900	923	0.10974425411095297
900	938	0.14433756729740646
900	976	0.14433756729740646
901	922	0.12422151395858351
901	923	0.256756842136383
901	939	0.13513529300689694
901	999	0.22115367650985712
908	978	0.1388888955116272
909	987	0.1837023552500848
910	914	0.10803021204724442
910	922	0.10087719559669495
910	964	0.11538460850715637
911	965	0.1138210594654083
911	983	0.1096490919589996
914	938	0.11294067814697592
914	998	0.11331837712990629
922	923	0.1444627065433344
922	938	0.16447363793849945
922	998	0.11842095851898193
923	939	0.15053761005401609
923	999	0.17307686805725095
926	938	0.1089743971824646
926	971	0.10227271914482117
931	981	0.13832349052242862
938	998	0.15384609997272491
939	999	0.10256409645080564
944	950	0.1666666716337204
944	952	0.1666666716337204
944	994	0.11458331346511841
950	952	1.0
951	953	0.9999999999999998
958	990	0.15740743279457092
964	976	0.1666666567325592
970	992	0.16666668653488156
972	974	0.12121210992336273
972	978	0.1111111044883728
972	982	0.125
973	976	0.10497276213834927
973	979	0.1277777751286825
974	978	0.10606060922145844
974	982	0.3333333432674408
976	980	0.1285648731381767
976	982	0.14393937587738037
976	998	0.1634615957736969
978	982	0.10833333432674408
978	990	0.10833333432674408
982	996	0.1250000298023224
994	996	0.25
