0	2	0.10540925533894596
2	4	0.18257418583505533
2	691	0.12909944487358052
4	691	0.11785113019775789
5	605	0.12001984223115576
7	979	0.11688310759408131
12	13	0.10450907588717025
15	839	0.10954453761847997
18	255	0.10941466680032308
18	497	0.12432063257010303
24	25	0.11395070649627378
30	31	0.1870343691644728
34	36	0.9258200997725512
35	37	0.8249579113843054
38	39	0.11168978831498802
42	43	0.11725442575805653
42	44	0.3333333333333333
43	45	0.24618298195866545
44	45	0.11340231642523656
54	807	0.11091870416309002
58	59	0.13258247932562914
61	991	0.11547005842629283
62	64	0.47809144373375745
63	65	0.44721359549995787
74	75	0.18630376210307734
77	205	0.16012815380508713
77	902	0.16012815380508713
78	80	0.9999999999999998
78	82	0.38442945054406713
79	81	1.0000000000000002
79	83	0.43519413988924455
80	82	0.38442945054406713
81	83	0.43519413988924455
88	89	0.1250000397364298
88	90	0.547722557505166
88	92	0.36514837167011066
88	94	0.4999999999999999
88	96	0.33333333333333326
88	98	0.547722557505166
89	90	0.10269801217902709
89	93	0.14605933996222867
89	95	0.402777741352717
89	98	0.10269801217902709
89	443	0.17860862707794004
89	839	0.109544515853941
90	92	0.39999999999999997
90	94	0.547722557505166
90	96	0.36514837167011066
90	98	0.6
91	93	0.18888893127441406
91	97	0.14999995231628416
91	99	0.15384614467620847
91	109	0.13416408398118887
92	93	0.10000001192092896
92	94	0.36514837167011066
92	96	0.36514837167011066
92	98	0.39999999999999997
92	102	0.18257418583505533
92	108	0.18257418583505533
93	95	0.219089031707882
93	97	0.1500000476837158
93	99	0.2051281929016113
94	96	0.33333333333333326
94	98	0.547722557505166
95	97	0.11410886614690958
95	99	0.1404416730406045
95	838	0.10345871546331621
96	98	0.36514837167011066
97	99	0.175
99	109	0.11428789870989468
100	101	0.11340232453640134
100	102	0.16666666666666663
100	104	0.16666666666666663
100	106	0.16666666666666663
100	108	0.16666666666666663
102	104	0.16666666666666663
102	106	0.16666666666666663
102	108	0.33333333333333326
104	106	0.16666666666666663
104	108	0.16666666666666663
106	108	0.16666666666666663
110	111	0.11180339221098758
119	604	0.20412414523193148
119	608	0.25
120	121	0.2233795336140289
120	989	0.1353164693413185
122	124	0.4852941433588664
122	126	0.4852941433588664
123	125	0.8703882797784891
123	127	0.8703882797784891
124	126	1.0
125	127	1.0000000000000002
128	130	0.6154574548966636
129	131	0.5345224838248487
136	137	0.10618729747390315
138	139	0.31007580910733146
142	143	0.18463724380582366
144	145	0.10524612848237647
146	147	0.13256005930731643
150	151	0.3092789968664897
150	222	0.104938268661499
150	747	0.24999999999999994
152	153	0.13051492113496105
152	158	0.9999999999999999
152	159	0.13051492113496105
152	212	0.10910895812479601
152	214	0.10910895812479601
152	215	0.10968151129253863
153	158	0.13051492113496105
153	159	1.0
153	212	0.12374367406359123
153	214	0.16499156541812166
154	155	0.11537448936279375
155	255	0.10370369752248126
155	257	0.11111110448837277
155	259	0.10286889384326368
155	279	0.16666666666666663
157	371	0.10444659772375343
158	159	0.13051492113496105
158	212	0.10910895812479601
158	214	0.10910895812479601
158	215	0.10968151129253863
159	212	0.12374367406359123
159	214	0.16499156541812166
160	161	0.13770279831785015
164	170	0.125
164	939	0.1005200651110882
165	851	0.10452033761278813
167	171	0.10641615131098235
170	690	0.14433760171016413
170	850	0.10550161281431288
171	641	0.1210223384172548
171	777	0.24630542312349585
171	851	0.10641616050817872
172	173	0.11340231642523656
178	191	0.11180339887498945
178	193	0.11180339887498945
178	197	0.12499999999999997
180	198	0.11572751247156893
180	342	0.12698412793023248
188	189	0.1511857801923156
190	191	0.13770606632389756
190	192	0.4999999999999999
190	196	0.21428570151329035
191	193	0.39999999999999986
191	197	0.2236067977499789
192	193	0.13770606632389756
192	196	0.21428570151329035
193	197	0.2236067977499789
196	197	0.15396006260716477
196	198	0.11785113019775789
196	491	0.11785113019775789
201	949	0.10416667163372037
202	204	0.38490017945975047
203	463	0.36363636363636365
205	902	1.0
206	497	0.11241527363507489
209	885	0.1108822505292717
209	923	0.11998693565832212
212	214	0.8333333333333331
213	215	0.40201512610368484
220	221	0.2494850718020261
220	222	0.12222222487131752
221	222	0.10080203561240092
221	228	0.1360827634879543
222	224	0.46291004988627565
223	225	0.2635231383473649
230	232	0.2886751345948128
231	233	0.40201512610368484
232	808	0.10103627818116774
234	244	0.16632335957157798
237	595	0.20207259077509324
237	959	0.12474254401217783
248	252	0.11785112317328314
250	535	0.11785113019775789
254	278	0.1005291011598375
256	258	0.9486832980505137
257	259	0.9258200997725512
257	341	0.11078190407175362
257	547	0.10206207261596573
257	879	0.11547004695537358
259	341	0.10256411348070414
259	879	0.10690449039296518
264	265	0.18198287605534494
266	267	0.10358640918435309
270	271	0.10886615563444296
270	326	0.12150244190772704
270	889	0.11904762188593544
270	970	0.12301588058471677
278	775	0.11023962294206584
279	507	0.1345029274622599
279	733	0.10714286565780637
282	283	0.22452509130211534
290	292	0.41666666666666663
292	322	0.11764707167943318
296	330	0.11878276710329466
305	637	0.1364382110053478
306	991	0.11664236175153389
321	502	0.11851852469974093
321	834	0.13094570646370857
321	853	0.11287478605906168
321	927	0.14173667737846019
322	323	0.13725491364796955
323	423	0.1695331787795625
323	460	0.10776234164979137
323	991	0.10309826481334443
325	602	0.12283794188614326
326	342	0.1121837280264475
326	685	0.1259881576697424
326	991	0.10185186068216959
327	389	0.10606060425440468
327	393	0.10606060425440468
327	429	0.1015153332574507
327	619	0.14957265059153235
327	733	0.13888889551162717
327	909	0.15897920459260553
328	329	0.17213261368457816
328	397	0.1360827634879543
329	601	0.10256409645080562
329	735	0.11734925180798347
336	337	0.15430334076489552
340	342	0.1690308509457033
340	775	0.10084741391258945
341	775	0.10714288268770489
343	508	0.11191985184523245
343	536	0.12712836038762534
343	655	0.10360053393433222
343	973	0.3418817293789138
343	979	0.13105466021155177
344	345	0.17024435161744375
344	991	0.11016222243195056
352	355	0.11718237065777758
352	413	0.1984641550339338
355	413	0.11598047042450088
358	359	0.11016223865428011
359	852	0.11514695496844823
359	889	0.10584215118200108
359	970	0.11178223292835204
362	363	0.10650162109976334
364	365	0.10682538976031229
367	737	0.10311972487408867
368	369	0.3095238038471766
372	674	0.9999999999999998
373	675	0.9999999999999997
378	379	0.1935628668937372
386	944	0.12962963183720905
387	537	0.11078192246614633
387	887	0.10714286565780637
387	908	0.10171472486908227
387	926	0.10816835212861287
387	938	0.10817130980990909
388	390	0.5443310539518172
388	392	0.4714045207910316
389	391	0.4330127018922192
389	393	0.4999999999999999
389	429	0.10286889384326368
390	392	0.5773502691896256
391	393	0.4330127018922192
393	429	0.10286889384326368
400	401	0.1764125516632677
404	406	0.8888888888888891
405	407	0.9166666666666667
408	864	1.0
408	867	0.49999999999999994
410	411	0.1495726406574249
411	990	0.10808650095511929
412	603	0.11226828231091175
412	647	0.17677669529663684
412	884	0.15000000596046448
416	422	0.11363635957241058
417	851	0.224137932062149
417	923	0.11827957630157468
417	975	0.1265432238578796
422	508	0.1028688938432637
422	647	0.12142237316158098
422	690	0.10157088323986065
428	429	0.1258135209517627
433	730	0.10630250803384514
435	507	0.10374261789182142
436	438	0.3333333333333333
437	439	0.3333333333333333
442	838	0.14907118961465016
442	839	0.10559212263171895
443	839	0.167705058328473
444	446	1.0
444	448	1.0
444	450	1.0
445	447	1.0
445	449	1.0
445	451	1.0
446	448	1.0
446	450	1.0
447	449	1.0
447	451	1.0
448	450	1.0
449	451	1.0
456	815	0.20100756305184242
457	459	0.273861278752583
458	459	0.16431675745750726
460	461	0.1840901510006326
461	647	0.11473837239721313
461	951	0.12660788773994802
461	953	0.12660788773994802
461	972	0.1011347010816884
464	465	0.24370869343596852
466	848	0.10714285572369892
488	489	0.1007905651850867
492	494	0.1259881576697424
495	603	0.15320647066198023
496	537	0.12411991870667125
496	979	0.11454275360140881
497	655	0.10389610699244906
497	764	0.10880794069754228
502	503	0.10499010635985404
502	834	0.14927809637730008
502	853	0.1587301625145806
502	927	0.2267786777979528
503	926	0.5039526306789696
507	926	0.1217582599336526
509	601	0.10540925533894596
509	922	0.10645041351721961
514	515	0.10317452748616536
514	516	0.10206207261596574
514	518	0.28867513459481287
514	520	0.17407765595569782
514	524	0.1785714328289032
515	517	0.19245008972987523
515	519	0.24019223070763068
515	521	0.17496355479404802
517	519	0.2773500981126146
517	521	0.4040610218348698
517	525	0.6735753140545634
518	519	0.11446186128404243
518	520	0.20100756305184242
518	524	0.20619652962668886
519	521	0.252149319111115
520	521	0.11548363664093587
520	524	0.24868237158004652
521	525	0.262445332191072
536	537	0.14710509358694807
536	978	0.1118034122029932
537	775	0.10714285714285712
537	891	0.13736261640276226
537	896	0.10358649467376511
537	908	0.11032878813168154
537	945	0.12123836216540881
537	978	0.10793243013271378
539	665	0.21908902626674723
544	545	0.269974630014716
551	583	0.25
552	554	0.4999999999999999
553	555	0.3749999999999999
556	558	0.23904572186687867
556	560	0.2279211529192759
558	560	0.9534625892455924
559	561	0.9354143466934851
564	566	0.8888888888888891
565	567	0.9999999999999998
569	797	0.12820512056350705
570	572	0.7071067811865472
570	574	0.9999999999999998
570	577	0.7745966692414832
570	704	0.5333333015441893
570	705	0.10223906428531926
571	573	0.8660254037844387
571	575	1.0000000000000002
571	576	0.17860862707794
571	705	0.9428090415820634
572	573	0.10329856475194293
572	574	0.7071067811865472
572	577	0.547722557505166
572	704	0.37712359415450597
573	575	0.8660254037844387
573	576	0.15467960838455724
573	705	0.816496580927726
574	577	0.7745966692414832
574	704	0.5333333015441893
574	705	0.10223906428531926
575	576	0.17860862707794
575	705	0.9428090415820634
576	705	0.12629537138523061
577	704	0.4131181989716927
578	579	0.11102883968410727
584	586	0.7071067811865472
585	587	0.816496580927726
589	646	0.1573102651734874
592	593	0.1718749701976776
594	595	0.10370366275310515
595	959	0.11785113019775789
602	779	0.11653430383428373
603	647	0.24537386268495298
604	608	0.10206207261596574
604	654	0.11180339221098758
604	779	0.10248643786207054
605	775	0.10714285714285712
605	778	0.12123214751281816
606	608	0.6735753140545634
606	610	0.3162277660168379
607	609	0.6092717958449424
608	610	0.273861278752583
616	618	0.2721655269759086
619	647	0.12820512056350705
619	951	0.10683761040369667
619	953	0.10683761040369667
620	622	0.9999999999999999
620	624	0.533001790889026
620	626	0.5345224838248487
621	623	1.0000000000000002
621	625	0.34815531191139565
621	627	0.28603877677367767
622	624	0.533001790889026
622	626	0.5345224838248487
623	625	0.34815531191139565
623	627	0.28603877677367767
624	626	0.4558423058385518
625	627	0.36514837167011066
636	644	0.154321636597692
637	645	0.18869127810786274
640	850	0.12088727722053637
641	795	0.10378587591007044
641	851	0.10457519690195717
641	885	0.11437912782033283
641	939	0.11111116409301755
647	951	0.10648149251937863
647	953	0.10648149251937863
647	990	0.10756633714064831
654	656	0.10540925533894596
658	659	0.1036821317793559
658	803	0.12247446767236342
662	663	0.19897956081799095
662	664	0.11869489130725265
664	665	0.10650162109976334
671	967	0.12637360606874737
673	958	0.2030441274194441
676	811	0.10150519860614152
680	684	0.14982982652232466
680	732	0.11293849055581977
681	891	0.12087913921901156
684	732	0.12204028987871123
685	995	0.11222062149868368
690	776	0.11760839836462975
691	743	0.10424379669186253
694	696	0.6666666666666665
695	697	0.26726124191242434
697	727	0.10029716459928482
704	705	0.10223906428531926
706	707	0.10163945655180943
711	909	0.1039349291803885
724	726	0.7302967433402213
725	727	0.47140452079103157
732	733	0.1039520794543243
733	891	0.12858610350828506
733	909	0.15430334076489552
738	739	0.10206204017130663
739	852	0.1256148511170365
745	782	0.11338934640845579
761	887	0.11572751247156891
761	972	0.10757057911456601
765	830	0.12374369513701548
768	776	0.14382542706432225
773	797	0.11703273674232285
777	795	0.13038856520139902
777	885	0.12953864793831588
784	785	0.22842934439861956
786	787	0.11340231642523656
790	791	0.10550163356598657
790	792	1.0
790	793	0.10550163356598657
791	792	0.10550163356598657
791	793	1.0000000000000002
792	793	0.10550163356598657
798	799	0.10910895812479601
804	806	0.7745966692414831
804	819	0.11056724533396288
805	807	0.48112522432468807
808	809	0.1479264216012225
820	821	0.18537358160033754
830	939	0.11554027468970358
834	853	0.1346869979123236
834	927	0.13363062095621217
837	975	0.11481483777364092
842	843	0.29484594970513206
844	845	0.10997361258849682
851	885	0.13793106873830158
851	923	0.2258064448833465
851	939	0.1302681763966878
852	853	0.13392269541832047
853	927	0.10798984299451114
854	855	0.10825315826667596
855	984	0.1296362460273236
862	863	0.10714280605316162
864	867	0.49999999999999994
865	866	0.48349377841522817
872	874	0.8333333333333331
873	875	0.7499999999999999
880	881	0.180421959121758
885	923	0.2096774280071258
888	889	0.1360827634879543
890	891	0.15558122638431368
890	892	0.3535533905932737
890	894	0.30618621784789724
891	893	0.26726124191242434
891	895	0.23904572186687867
892	893	0.11760835248095278
892	894	0.4330127018922192
893	895	0.2236067977499789
894	895	0.13664855716008656
904	905	0.14924053703063558
909	945	0.11756446850097979
940	941	0.2305827711854692
945	972	0.11065666043884625
946	947	0.13471501463305188
950	952	0.6299407883487119
951	953	0.6666666666666665
956	957	0.10206210911620725
960	961	0.15121075856851512
962	963	0.11851855119069417
966	967	0.13038857944963436
970	971	0.14948483293907083
972	973	0.1195229606710867
973	979	0.10952380725315636
974	982	0.11605177409574416
976	982	0.1051184574416749
992	993	0.12727274894714355
994	996	0.1178511301977579
